learning evaluation instances,evaluation time (cpu seconds),model cost (RAM-Hours),learned instances,detected changes,detected warnings,prediction error (average),true changes,delay detection (average),true changes detected,input values,model training instances,model serialized size (bytes)
1.0,7.44E-4,1.9247333208719888E-13,1.0,0.0,0.0,0.0,0.0,?,0.0,0.2,1.0,1000.0
2.0,0.004802,1.2422808342509799E-12,2.0,0.0,0.0,0.0,0.0,?,0.0,0.2,2.0,1000.0
3.0,0.006051,1.5653980274995167E-12,3.0,0.0,0.0,0.0,0.0,?,0.0,0.2,3.0,1000.0
4.0,0.007606,1.9676776395903692E-12,4.0,0.0,0.0,0.25,0.0,?,0.0,0.2,4.0,1000.0
5.0,0.008644,2.236208981937832E-12,5.0,0.0,0.0,0.8,0.0,?,0.0,0.2,5.0,1000.0
6.0,0.009545,2.4692983263068725E-12,6.0,0.0,0.0,0.9166666666666666,0.0,?,0.0,0.2,6.0,1000.0
7.0,0.010392,2.688417832056681E-12,7.0,0.0,0.0,1.0714285714285714,0.0,?,0.0,0.2,7.0,1000.0
8.0,0.011179,2.8920152948962315E-12,8.0,0.0,0.0,1.1875,0.0,?,0.0,0.2,8.0,1000.0
9.0,0.011949,3.0912148455778756E-12,9.0,0.0,0.0,1.2777777777777777,0.0,?,0.0,0.2,9.0,1000.0
10.0,0.012674,3.278772864076826E-12,10.0,0.0,0.0,1.35,0.0,?,0.0,0.2,10.0,1000.0
11.0,0.013354,3.4546893503930834E-12,11.0,0.0,0.0,1.3181818181818181,0.0,?,0.0,0.2,11.0,1000.0
12.0,0.013914,3.5995617508888244E-12,12.0,0.0,0.0,1.4375,0.0,?,0.0,0.2,12.0,1000.0
13.0,0.014466,3.7423645456631975E-12,13.0,0.0,0.0,1.4615384615384615,0.0,?,0.0,0.2,13.0,1000.0
14.0,0.01497,3.872749706109365E-12,14.0,0.0,0.0,1.542857142857143,0.0,?,0.0,0.2,14.0,1000.0
15.0,0.015569,4.027711434496773E-12,15.0,0.0,0.0,1.6133333333333335,0.0,?,0.0,0.2,15.0,1000.0
16.0,0.016059,4.154474784930547E-12,16.0,0.0,0.0,1.6750000000000003,0.0,?,0.0,0.2,16.0,1000.0
17.0,0.016463,4.258989873859617E-12,17.0,0.0,0.0,1.7294117647058826,0.0,?,0.0,0.2,17.0,1000.0
18.0,0.016867,4.363504962788687E-12,18.0,0.0,0.0,1.7777777777777781,0.0,?,0.0,0.2,18.0,1000.0
19.0,0.01725,4.462587336699167E-12,19.0,0.0,0.0,1.7684210526315793,0.0,?,0.0,0.2,19.0,1000.0
20.0,0.017619,4.5580479005972534E-12,20.0,0.0,0.0,1.8383333333333336,0.0,?,0.0,0.2,20.0,1000.0
21.0,0.018029,4.66411519381735E-12,21.0,0.0,0.0,1.9015873015873017,0.0,?,0.0,0.2,21.0,1000.0
22.0,0.018418,4.764749772018856E-12,22.0,0.0,0.0,1.9590909090909092,0.0,?,0.0,0.2,22.0,1000.0
23.0,0.020178,5.220063030719756E-12,23.0,0.0,0.0,2.0115942028985505,0.0,?,0.0,0.2,23.0,1000.0
24.0,0.020557,5.318110601769552E-12,24.0,0.0,0.0,2.0597222222222222,0.0,?,0.0,0.2,24.0,1000.0
25.0,0.020948,5.4192625814014005E-12,25.0,0.0,0.0,2.1039999999999996,0.0,?,0.0,0.2,25.0,1000.0
26.0,0.021315,5.514205743869145E-12,26.0,0.0,0.0,2.1448717948717944,0.0,?,0.0,0.2,26.0,1000.0
27.0,0.021707,5.615616424216164E-12,27.0,0.0,0.0,2.182716049382716,0.0,?,0.0,0.2,27.0,1000.0
28.0,0.022079,5.711853090259764E-12,28.0,0.0,0.0,2.2178571428571425,0.0,?,0.0,0.2,28.0,1000.0
29.0,0.022469,5.812746369176441E-12,29.0,0.0,0.0,2.2505747126436777,0.0,?,0.0,0.2,29.0,1000.0
30.0,0.022848,5.910793940226237E-12,30.0,0.0,0.0,2.2811111111111106,0.0,?,0.0,0.2,30.0,1000.0
31.0,0.023233,6.010393715567059E-12,31.0,0.0,0.0,2.3096774193548386,0.0,?,0.0,0.2,31.0,1000.0
32.0,0.023594,6.103784673743778E-12,32.0,0.0,0.0,2.3364583333333333,0.0,?,0.0,0.2,32.0,1000.0
33.0,0.02395,6.195882128344642E-12,33.0,0.0,0.0,2.361616161616162,0.0,?,0.0,0.2,33.0,1000.0
34.0,0.024311,6.2892730865213614E-12,34.0,0.0,0.0,2.3852941176470592,0.0,?,0.0,0.2,34.0,1000.0
35.0,0.024684,6.3857684532801315E-12,35.0,0.0,0.0,2.407619047619048,0.0,?,0.0,0.2,35.0,1000.0
36.0,0.02504,6.477865907880995E-12,36.0,0.0,0.0,2.4287037037037043,0.0,?,0.0,0.2,36.0,1000.0
37.0,0.025408,6.573067771063911E-12,37.0,0.0,0.0,2.4486486486486494,0.0,?,0.0,0.2,37.0,1000.0
38.0,0.02575,6.661543415652381E-12,38.0,0.0,0.0,2.4675438596491235,0.0,?,0.0,0.2,38.0,1000.0
39.0,0.026092,6.750019060240851E-12,39.0,0.0,0.0,2.4854700854700864,0.0,?,0.0,0.2,39.0,1000.0
40.0,0.026437,6.8392708069748344E-12,40.0,0.0,0.0,2.502500000000001,0.0,?,0.0,0.2,40.0,1000.0
41.0,0.026799,6.932920465866725E-12,41.0,0.0,0.0,2.494308943089432,0.0,?,0.0,0.2,41.0,1000.0
42.0,0.027141,7.021396110455195E-12,42.0,0.0,0.0,2.574376417233561,0.0,?,0.0,0.2,42.0,1000.0
43.0,0.027495,7.1129761636257165E-12,43.0,0.0,0.0,2.6507198228128472,0.0,?,0.0,0.2,43.0,1000.0
44.0,0.027857,7.206625822517607E-12,44.0,0.0,0.0,2.700865800865802,0.0,?,0.0,0.2,44.0,1000.0
45.0,0.028194,7.293807963530222E-12,45.0,0.0,0.0,2.763068783068784,0.0,?,0.0,0.2,45.0,1000.0
46.0,0.028536,7.382283608118692E-12,46.0,0.0,0.0,2.8225672877846804,0.0,?,0.0,0.2,46.0,1000.0
47.0,0.028882,7.471794055567846E-12,47.0,0.0,0.0,2.87953394123607,0.0,?,0.0,0.2,47.0,1000.0
48.0,0.029318,7.584587567382388E-12,48.0,0.0,0.0,2.9341269841269852,0.0,?,0.0,0.2,48.0,1000.0
49.0,0.029679,7.677978525559106E-12,49.0,0.0,0.0,2.986491739552965,0.0,?,0.0,0.2,49.0,1000.0
50.0,0.030044,7.772404286596509E-12,50.0,0.0,0.0,3.0167619047619056,0.0,?,0.0,0.2,50.0,1000.0
51.0,0.030472,7.883128192689682E-12,51.0,0.0,0.0,3.0665421724245263,0.0,?,0.0,0.2,51.0,1000.0
52.0,0.03082,7.973156041569179E-12,52.0,0.0,0.0,3.114407814407815,0.0,?,0.0,0.2,52.0,1000.0
53.0,0.031157,8.060338182581793E-12,53.0,0.0,0.0,3.160467205750225,0.0,?,0.0,0.2,53.0,1000.0
54.0,0.031519,8.153987841473683E-12,54.0,0.0,0.0,3.1863021751910643,0.0,?,0.0,0.2,54.0,1000.0
55.0,0.031853,8.240393880340786E-12,55.0,0.0,0.0,3.2083694083694083,0.0,?,0.0,0.2,55.0,1000.0
56.0,0.032172,8.322919408480324E-12,56.0,0.0,0.0,3.240362811791383,0.0,?,0.0,0.2,56.0,1000.0
57.0,0.03248,8.402599228752982E-12,57.0,0.0,0.0,3.2712336396546924,0.0,?,0.0,0.2,57.0,1000.0
58.0,0.03278,8.480209443304271E-12,58.0,0.0,0.0,3.30103995621237,0.0,?,0.0,0.2,58.0,1000.0
59.0,0.033096,8.561958869298297E-12,59.0,0.0,0.0,3.3298358891579234,0.0,?,0.0,0.2,59.0,1000.0
60.0,0.033396,8.639569083849587E-12,60.0,0.0,0.0,3.357671957671958,0.0,?,0.0,0.2,60.0,1000.0
61.0,0.033727,8.725199020571177E-12,61.0,0.0,0.0,3.384595368201926,0.0,?,0.0,0.2,61.0,1000.0
62.0,0.03402,8.80099833011627E-12,62.0,0.0,0.0,3.4106502816180235,0.0,?,0.0,0.2,62.0,1000.0
63.0,0.034327,8.880419449673757E-12,63.0,0.0,0.0,3.435878054925674,0.0,?,0.0,0.2,63.0,1000.0
64.0,0.034618,8.955701357788509E-12,64.0,0.0,0.0,3.4603174603174605,0.0,?,0.0,0.2,64.0,1000.0
65.0,0.037479,9.695844103892644E-12,65.0,0.0,0.0,3.484004884004884,0.0,?,0.0,0.2,65.0,1000.0
66.0,0.03779,9.776300026310815E-12,66.0,0.0,0.0,3.5069745069745073,0.0,?,0.0,0.2,66.0,1000.0
67.0,0.038085,9.85261673728625E-12,67.0,0.0,0.0,3.5292584695569773,0.0,?,0.0,0.2,67.0,1000.0
68.0,0.038375,9.927639944685831E-12,68.0,0.0,0.0,3.550887021475257,0.0,?,0.0,0.2,68.0,1000.0
69.0,0.038674,1.000499145852195E-11,69.0,0.0,0.0,3.557395905221992,0.0,?,0.0,0.2,69.0,1000.0
70.0,0.038966,1.0080532067351872E-11,70.0,0.0,0.0,3.5887188208616783,0.0,?,0.0,0.2,70.0,1000.0
71.0,0.039274,1.016021188762453E-11,71.0,0.0,0.0,3.619159400849542,0.0,?,0.0,0.2,71.0,1000.0
72.0,0.039567,1.0236011197169623E-11,72.0,0.0,0.0,3.634865520282187,0.0,?,0.0,0.2,72.0,1000.0
73.0,0.039862,1.031232790814506E-11,73.0,0.0,0.0,3.660942178065466,0.0,?,0.0,0.2,73.0,1000.0
74.0,0.040166,1.0390972925557033E-11,74.0,0.0,0.0,3.6863140613140617,0.0,?,0.0,0.2,74.0,1000.0
75.0,0.040462,1.0467548337247638E-11,75.0,0.0,0.0,3.7110093610093613,0.0,?,0.0,0.2,75.0,1000.0
76.0,0.040755,1.0543347646792732E-11,76.0,0.0,0.0,3.721896889660048,0.0,?,0.0,0.2,76.0,1000.0
77.0,0.041048,1.0619146956337825E-11,77.0,0.0,0.0,3.7440614940614947,0.0,?,0.0,0.2,77.0,1000.0
78.0,0.041337,1.0693911463022235E-11,78.0,0.0,0.0,3.765657775273161,0.0,?,0.0,0.2,78.0,1000.0
79.0,0.04163,1.0769710772567329E-11,79.0,0.0,0.0,3.7740490873402277,0.0,?,0.0,0.2,79.0,1000.0
80.0,0.04192,1.084473397996691E-11,80.0,0.0,0.0,3.792706807081808,0.0,?,0.0,0.2,80.0,1000.0
81.0,0.042229,1.0924672500954738E-11,81.0,0.0,0.0,3.8109038423853248,0.0,?,0.0,0.2,81.0,1000.0
82.0,0.042529,1.1002282715506027E-11,82.0,0.0,0.0,3.828657047559487,0.0,?,0.0,0.2,82.0,1000.0
83.0,0.042831,1.1080410331487659E-11,83.0,0.0,0.0,3.8339342718860796,0.0,?,0.0,0.2,83.0,1000.0
84.0,0.043123,1.1155950940317582E-11,84.0,0.0,0.0,3.8381433876969595,0.0,?,0.0,0.2,84.0,1000.0
85.0,0.043413,1.1230974147717162E-11,85.0,0.0,0.0,3.8511202474956803,0.0,?,0.0,0.2,85.0,1000.0
86.0,0.043701,1.13054799536864E-11,86.0,0.0,0.0,3.8637953198572217,0.0,?,0.0,0.2,86.0,1000.0
87.0,0.044005,1.1384124971098374E-11,87.0,0.0,0.0,3.8761790112449344,0.0,?,0.0,0.2,87.0,1000.0
88.0,0.044297,1.1459665579928297E-11,88.0,0.0,0.0,3.8882812551011083,0.0,?,0.0,0.2,88.0,1000.0
89.0,0.044587,1.1534688787327877E-11,89.0,0.0,0.0,3.9001115384211884,0.0,?,0.0,0.2,89.0,1000.0
90.0,0.044876,1.1609453294012287E-11,90.0,0.0,0.0,3.9116789265563776,0.0,?,0.0,0.2,90.0,1000.0
91.0,0.04519,1.1690685318575971E-11,91.0,0.0,0.0,3.9229920863809036,0.0,?,0.0,0.2,91.0,1000.0
92.0,0.045481,1.1765967226690723E-11,92.0,0.0,0.0,3.9340593079483743,0.0,?,0.0,0.2,92.0,1000.0
93.0,0.045832,1.1856771177715732E-11,93.0,0.0,0.0,3.9341358365789105,0.0,?,0.0,0.2,93.0,1000.0
94.0,0.046144,1.1937485800849074E-11,94.0,0.0,0.0,3.947247866686227,0.0,?,0.0,0.2,94.0,1000.0
95.0,0.04644,1.201406121253968E-11,95.0,0.0,0.0,3.9600838540544427,0.0,?,0.0,0.2,95.0,1000.0
96.0,0.046736,1.2090636624230285E-11,96.0,0.0,0.0,3.9622357583524868,0.0,?,0.0,0.2,96.0,1000.0
97.0,0.047032,1.216721203592089E-11,97.0,0.0,0.0,3.973476952379238,0.0,?,0.0,0.2,97.0,1000.0
98.0,0.047325,1.2243011345465983E-11,98.0,0.0,0.0,3.9742846526503413,0.0,?,0.0,0.2,98.0,1000.0
99.0,0.047614,1.2317775852150393E-11,99.0,0.0,0.0,3.98363531272458,0.0,?,0.0,0.2,99.0,1000.0
100.0,0.047908,1.2393833862410658E-11,100.0,0.0,0.0,3.9927989595973337,0.0,?,0.0,0.2,100.0,1000.0
101.0,0.048211,1.247222017910746E-11,101.0,0.0,0.0,4.001781148116172,0.0,?,0.0,0.2,101.0,1000.0
102.0,0.048498,1.2546467284361528E-11,102.0,0.0,0.0,4.0007832937228756,0.0,?,0.0,0.2,102.0,1000.0
103.0,0.048793,1.2622783995336964E-11,103.0,0.0,0.0,3.9993887263774384,0.0,?,0.0,0.2,103.0,1000.0
104.0,0.049068,1.269392669200898E-11,104.0,0.0,0.0,3.9963351634489843,0.0,?,0.0,0.2,104.0,1000.0
105.0,0.049341,1.2764551987250654E-11,105.0,0.0,0.0,4.001339010753611,0.0,?,0.0,0.2,105.0,1000.0
106.0,0.049615,1.28354359832075E-11,106.0,0.0,0.0,4.006248445844943,0.0,?,0.0,0.2,106.0,1000.0
107.0,0.049904,1.291020048989191E-11,107.0,0.0,0.0,4.011066115794381,0.0,?,0.0,0.2,107.0,1000.0
108.0,0.050203,1.2987552003728028E-11,108.0,0.0,0.0,4.015794569633645,0.0,?,0.0,0.2,108.0,1000.0
109.0,0.050492,1.3062316510412437E-11,109.0,0.0,0.0,4.020436262852003,0.0,?,0.0,0.2,109.0,1000.0
110.0,0.050799,1.3141737629969924E-11,110.0,0.0,0.0,4.024993561648211,0.0,?,0.0,0.2,110.0,1000.0
111.0,0.051164,1.3236163391007327E-11,111.0,0.0,0.0,4.020459737943586,0.0,?,0.0,0.2,111.0,1000.0
112.0,0.051472,1.3315843211279984E-11,112.0,0.0,0.0,4.0258574188548035,0.0,?,0.0,0.2,112.0,1000.0
113.0,0.051772,1.3393453425831274E-11,113.0,0.0,0.0,4.022310008068478,0.0,?,0.0,0.2,113.0,1000.0
114.0,0.052094,1.3476755056116324E-11,114.0,0.0,0.0,4.026675709752087,0.0,?,0.0,0.2,114.0,1000.0
115.0,0.052629,1.3615159938732792E-11,115.0,0.0,0.0,4.030965486189026,0.0,?,0.0,0.2,115.0,1000.0
116.0,0.052949,1.36979441675875E-11,116.0,0.0,0.0,4.035181300963258,0.0,?,0.0,0.2,116.0,1000.0
117.0,0.053263,1.3779176192151185E-11,117.0,0.0,0.0,4.039325050527675,0.0,?,0.0,0.2,117.0,1000.0
118.0,0.053568,1.385807991027833E-11,118.0,0.0,0.0,4.03492399077744,0.0,?,0.0,0.2,118.0,1000.0
119.0,0.053881,1.3939053234126842E-11,119.0,0.0,0.0,4.039155398741172,0.0,?,0.0,0.2,119.0,1000.0
120.0,0.054192,1.4019509156545013E-11,120.0,0.0,0.0,4.043316283238842,0.0,?,0.0,0.2,120.0,1000.0
121.0,0.054517,1.4103586888975577E-11,121.0,0.0,0.0,4.047408392786137,0.0,?,0.0,0.2,121.0,1000.0
122.0,0.054828,1.4184042811393748E-11,122.0,0.0,0.0,4.051433418570362,0.0,?,0.0,0.2,122.0,1000.0
123.0,0.055172,1.427303585741256E-11,123.0,0.0,0.0,4.047262915480046,0.0,?,0.0,0.2,123.0,1000.0
124.0,0.055472,1.435064607196385E-11,124.0,0.0,0.0,4.0513620496742035,0.0,?,0.0,0.2,124.0,1000.0
125.0,0.05578,1.4430325892236507E-11,125.0,0.0,0.0,4.055395597721254,0.0,?,0.0,0.2,125.0,1000.0
126.0,0.056089,1.4510264413224336E-11,126.0,0.0,0.0,4.059365121196129,0.0,?,0.0,0.2,126.0,1000.0
127.0,0.056403,1.459149643778802E-11,127.0,0.0,0.0,4.055398116742267,0.0,?,0.0,0.2,127.0,1000.0
128.0,0.056709,1.4670658856630334E-11,128.0,0.0,0.0,4.059150586812361,0.0,?,0.0,0.2,128.0,1000.0
129.0,0.057033,1.4754477888345727E-11,129.0,0.0,0.0,4.055092941067415,0.0,?,0.0,0.2,129.0,1000.0
130.0,0.057336,1.483286420504253E-11,130.0,0.0,0.0,4.058117425075119,0.0,?,0.0,0.2,130.0,1000.0
131.0,0.057652,1.4914613631036554E-11,131.0,0.0,0.0,4.0610957337544615,0.0,?,0.0,0.2,131.0,1000.0
132.0,0.05799,1.5002054472764342E-11,132.0,0.0,0.0,4.064028916544723,0.0,?,0.0,0.2,132.0,1000.0
133.0,0.05829,1.5079664687315633E-11,133.0,0.0,0.0,4.0669179913231,0.0,?,0.0,0.2,133.0,1000.0
134.0,0.058612,1.5162966317600683E-11,134.0,0.0,0.0,4.069763945582398,0.0,?,0.0,0.2,134.0,1000.0
135.0,0.05891,1.5240059130721632E-11,135.0,0.0,0.0,4.072567737556373,0.0,?,0.0,0.2,135.0,1000.0
136.0,0.059202,1.5315599739551555E-11,136.0,0.0,0.0,4.0753302972954355,0.0,?,0.0,0.2,136.0,1000.0
137.0,0.0595,1.5392692552672504E-11,137.0,0.0,0.0,4.078052527695243,0.0,?,0.0,0.2,137.0,1000.0
138.0,0.059801,1.5470561467938964E-11,138.0,0.0,0.0,4.073488928668965,0.0,?,0.0,0.2,138.0,1000.0
139.0,0.060093,1.5546102076768887E-11,139.0,0.0,0.0,4.077276778103001,0.0,?,0.0,0.2,139.0,1000.0
140.0,0.060389,1.5622677488459494E-11,140.0,0.0,0.0,4.081010515402266,0.0,?,0.0,0.2,140.0,1000.0
141.0,0.060699,1.5702874710162492E-11,141.0,0.0,0.0,4.084691291888775,0.0,?,0.0,0.2,141.0,1000.0
142.0,0.061002,1.5781261026859295E-11,142.0,0.0,0.0,4.088320226452939,0.0,?,0.0,0.2,142.0,1000.0
143.0,0.061294,1.5856801635689217E-11,143.0,0.0,0.0,4.091898406687533,0.0,?,0.0,0.2,143.0,1000.0
144.0,0.061586,1.593234224451914E-11,144.0,0.0,0.0,4.0954268899744255,0.0,?,0.0,0.2,144.0,1000.0
145.0,0.061909,1.6015902575519364E-11,145.0,0.0,0.0,4.092010152802188,0.0,?,0.0,0.2,145.0,1000.0
146.0,0.062458,1.6157929268148224E-11,146.0,1.0,0.0,4.096019804870931,0.0,?,0.0,0.2,146.0,1000.0
147.0,0.062767,1.6237867789136053E-11,147.0,1.0,0.0,4.0681557245656865,0.0,?,0.0,0.2,147.0,1000.0
148.0,0.063087,1.632065201799076E-11,148.0,1.0,0.0,4.040668185886189,0.0,?,0.0,0.2,148.0,1000.0
149.0,0.06339,1.6399038334687564E-11,149.0,1.0,0.0,4.013549607457422,0.0,?,0.0,0.2,149.0,1000.0
150.0,0.063703,1.6480011658536077E-11,150.0,1.0,0.0,3.986792610074373,0.0,?,0.0,0.2,150.0,1000.0
151.0,0.064099,1.658245714174378E-11,151.0,1.0,0.0,3.9670125265639467,0.0,?,0.0,0.2,151.0,1000.0
152.0,0.064454,1.6674295895629472E-11,152.0,1.0,0.0,3.980387444152342,0.0,?,0.0,0.2,152.0,1000.0
153.0,0.064847,1.6775965276691662E-11,153.0,1.0,0.0,3.9935875262167055,0.0,?,0.0,0.2,153.0,1000.0
154.0,0.065154,1.685538639624915E-11,154.0,1.0,0.0,4.00661617864387,0.0,?,0.0,0.2,154.0,1000.0
155.0,0.065457,1.6933772712945952E-11,155.0,1.0,0.0,4.013025106523587,0.0,?,0.0,0.2,155.0,1000.0
156.0,0.065758,1.7011641628212412E-11,156.0,1.0,0.0,4.019351868661256,0.0,?,0.0,0.2,156.0,1000.0
157.0,0.066057,1.708899314204853E-11,157.0,1.0,0.0,4.025598035102904,0.0,?,0.0,0.2,157.0,1000.0
158.0,0.066352,1.7165309853023965E-11,158.0,1.0,0.0,4.031765136146557,0.0,?,0.0,0.2,158.0,1000.0
159.0,0.066655,1.7243696169720767E-11,159.0,1.0,0.0,4.037854663592176,0.0,?,0.0,0.2,159.0,1000.0
160.0,0.066971,1.7325445595714792E-11,160.0,1.0,0.0,4.043868071944725,0.0,?,0.0,0.2,160.0,1000.0
161.0,0.067284,1.7406418919563305E-11,161.0,1.0,0.0,4.049806779572397,0.0,?,0.0,0.2,161.0,1000.0
162.0,0.067582,1.7483511732684254E-11,162.0,1.0,0.0,4.055672169821951,0.0,?,0.0,0.2,162.0,1000.0
163.0,0.067877,1.7559828443659688E-11,163.0,1.0,0.0,4.061465592092982,0.0,?,0.0,0.2,163.0,1000.0
164.0,0.068203,1.7644164876805423E-11,164.0,1.0,0.0,4.067188362872902,0.0,?,0.0,0.2,164.0,1000.0
165.0,0.0685,1.77209989892112E-11,165.0,1.0,0.0,4.066781160673672,0.0,?,0.0,0.2,165.0,1000.0
166.0,0.068795,1.7797315700186633E-11,166.0,1.0,0.0,4.076419025167606,0.0,?,0.0,0.2,166.0,1000.0
167.0,0.069088,1.7873115009731725E-11,167.0,1.0,0.0,4.083446456154626,0.0,?,0.0,0.2,167.0,1000.0
168.0,0.069382,1.794917301999199E-11,168.0,1.0,0.0,4.090390227248944,0.0,?,0.0,0.2,168.0,1000.0
169.0,0.069671,1.8023937526676398E-11,169.0,1.0,0.0,4.097251823537412,0.0,?,0.0,0.2,169.0,1000.0
170.0,0.069972,1.810180644194286E-11,170.0,1.0,0.0,4.104032695163663,0.0,?,0.0,0.2,170.0,1000.0
171.0,0.070284,1.81825210650762E-11,171.0,1.0,0.0,4.11073425834984,0.0,?,0.0,0.2,171.0,1000.0
172.0,0.070584,1.826013127962749E-11,172.0,1.0,0.0,4.117357896382689,0.0,?,0.0,0.2,172.0,1000.0
173.0,0.070882,1.833722409274844E-11,173.0,1.0,0.0,4.123904960565449,0.0,?,0.0,0.2,173.0,1000.0
174.0,0.071176,1.8413282103008704E-11,174.0,1.0,0.0,4.130376771136912,0.0,?,0.0,0.2,174.0,1000.0
175.0,0.071468,1.8488822711838626E-11,175.0,1.0,0.0,4.136774618158986,0.0,?,0.0,0.2,175.0,1000.0
176.0,0.071789,1.8571865641408508E-11,176.0,1.0,0.0,4.1374179441921735,0.0,?,0.0,0.2,176.0,1000.0
177.0,0.072078,1.8646630148092915E-11,177.0,1.0,0.0,4.14907095015719,0.0,?,0.0,0.2,177.0,1000.0
178.0,0.072373,1.872294685906835E-11,178.0,1.0,0.0,4.160593023470914,0.0,?,0.0,0.2,178.0,1000.0
179.0,0.072699,1.8807283292214085E-11,179.0,1.0,0.0,4.166399766356552,0.0,?,0.0,0.2,179.0,1000.0
180.0,0.073056,1.889963944753012E-11,180.0,1.0,0.0,4.174734582469386,0.0,?,0.0,0.2,180.0,1000.0
181.0,0.073384,1.8984493282106197E-11,181.0,1.0,0.0,4.182977301166607,0.0,?,0.0,0.2,181.0,1000.0
182.0,0.073686,1.906262089808783E-11,182.0,1.0,0.0,4.191129440537487,0.0,?,0.0,0.2,182.0,1000.0
183.0,0.073983,1.9139455010493607E-11,183.0,1.0,0.0,4.199192485489013,0.0,?,0.0,0.2,183.0,1000.0
184.0,0.074291,1.9219134830766263E-11,184.0,1.0,0.0,4.207167888647587,0.0,?,0.0,0.2,184.0,1000.0
185.0,0.074591,1.9296745045317554E-11,185.0,1.0,0.0,4.215057071231473,0.0,?,0.0,0.2,185.0,1000.0
186.0,0.074885,1.937280305557782E-11,186.0,1.0,0.0,4.222861423895103,0.0,?,0.0,0.2,186.0,1000.0
187.0,0.075217,1.945869169301458E-11,187.0,1.0,0.0,4.2252347139634,0.0,?,0.0,0.2,187.0,1000.0
188.0,0.075513,1.9535267104705187E-11,188.0,1.0,0.0,4.234674954846573,0.0,?,0.0,0.2,188.0,1000.0
189.0,0.07581,1.9612101217110963E-11,189.0,1.0,0.0,4.244015299000824,0.0,?,0.0,0.2,189.0,1000.0
190.0,0.076115,1.9691004935238108E-11,190.0,1.0,0.0,4.253257323742925,0.0,?,0.0,0.2,190.0,1000.0
191.0,0.076417,1.976913255121974E-11,191.0,1.0,0.0,4.2624025733568365,0.0,?,0.0,0.2,191.0,1000.0
192.0,0.07671,1.9844931860764833E-11,192.0,1.0,0.0,4.271452559953937,0.0,?,0.0,0.2,192.0,1000.0
193.0,0.077023,1.9925905184613346E-11,193.0,1.0,0.0,4.2804087643065065,0.0,?,0.0,0.2,193.0,1000.0
194.0,0.077319,2.0002480596303953E-11,194.0,1.0,0.0,4.284117997480184,0.0,?,0.0,0.2,194.0,1000.0
195.0,0.077612,2.0078279905849045E-11,195.0,1.0,0.0,4.288430212877722,0.0,?,0.0,0.2,195.0,1000.0
196.0,0.077908,2.0154855317539652E-11,196.0,1.0,0.0,4.289793097279139,0.0,?,0.0,0.2,196.0,1000.0
197.0,0.078199,2.0230137225654402E-11,197.0,1.0,0.0,4.293905822673661,0.0,?,0.0,0.2,197.0,1000.0
198.0,0.07849,2.0305419133769152E-11,198.0,1.0,0.0,4.292926500336926,0.0,?,0.0,0.2,198.0,1000.0
199.0,0.07881,2.038820336262386E-11,199.0,1.0,0.0,4.295565974295946,0.0,?,0.0,0.2,199.0,1000.0
200.0,0.079103,2.0464002672168953E-11,200.0,1.0,0.0,4.2931790535153755,0.0,?,0.0,0.2,200.0,1000.0
201.0,0.079405,2.0542130288150586E-11,201.0,1.0,0.0,4.2946226071463105,0.0,?,0.0,0.2,201.0,1000.0
202.0,0.079692,2.061637739340465E-11,202.0,1.0,0.0,4.296051868167039,0.0,?,0.0,0.2,202.0,1000.0
203.0,0.079978,2.0690365797943548E-11,203.0,1.0,0.0,4.2974670477984,0.0,?,0.0,0.2,203.0,1000.0
204.0,0.080265,2.0764612903197614E-11,204.0,1.0,0.0,4.29886835311965,0.0,?,0.0,0.2,204.0,1000.0
205.0,0.080549,2.0838083906306168E-11,205.0,1.0,0.0,4.300255987169473,0.0,?,0.0,0.2,205.0,1000.0
206.0,0.080836,2.0912331011560234E-11,206.0,1.0,0.0,4.301630149044055,0.0,?,0.0,0.2,206.0,1000.0
207.0,0.081136,2.0989941226111525E-11,207.0,1.0,0.0,4.3029910339923125,0.0,?,0.0,0.2,207.0,1000.0
208.0,0.081422,2.106392963065042E-11,208.0,1.0,0.0,4.304338833508376,0.0,?,0.0,0.2,208.0,1000.0
209.0,0.081712,2.1138952838050002E-11,209.0,1.0,0.0,4.305673735421413,0.0,?,0.0,0.2,209.0,1000.0
210.0,0.082023,2.1219408760468173E-11,210.0,1.0,0.0,4.306995923982899,0.0,?,0.0,0.2,210.0,1000.0
211.0,0.082324,2.1297277675734633E-11,211.0,1.0,0.0,4.3083055799513845,0.0,?,0.0,0.2,211.0,1000.0
212.0,0.08262,2.137385308742524E-11,212.0,1.0,0.0,4.309602880674885,0.0,?,0.0,0.2,212.0,1000.0
213.0,0.082916,2.1450428499115847E-11,213.0,1.0,0.0,4.310888000170934,0.0,?,0.0,0.2,213.0,1000.0
214.0,0.083213,2.1527262611521623E-11,214.0,1.0,0.0,4.307488212008142,0.0,?,0.0,0.2,214.0,1000.0
215.0,0.083508,2.1603579322497057E-11,215.0,1.0,0.0,4.312140324081091,0.0,?,0.0,0.2,215.0,1000.0
216.0,0.083799,2.1678861230611807E-11,216.0,1.0,0.0,4.312119731412624,0.0,?,0.0,0.2,216.0,1000.0
217.0,0.084092,2.17546605401569E-11,217.0,1.0,0.0,4.315618850491038,0.0,?,0.0,0.2,217.0,1000.0
218.0,0.08438,2.1829166346126138E-11,218.0,1.0,0.0,4.31908586755956,0.0,?,0.0,0.2,218.0,1000.0
219.0,0.084672,2.190470695495606E-11,219.0,1.0,0.0,4.322521222371747,0.0,?,0.0,0.2,219.0,1000.0
220.0,0.084967,2.1981023665931495E-11,220.0,1.0,0.0,4.321379892140187,0.0,?,0.0,0.2,220.0,1000.0
221.0,0.085288,2.2064066595501376E-11,221.0,1.0,0.0,4.324450571361272,0.0,?,0.0,0.2,221.0,1000.0
222.0,0.085575,2.2138313700755442E-11,222.0,1.0,0.0,4.322989082301086,0.0,?,0.0,0.2,222.0,1000.0
223.0,0.085857,2.2211267302433654E-11,223.0,1.0,0.0,4.325184198523951,0.0,?,0.0,0.2,223.0,1000.0
224.0,0.086162,2.22901710205608E-11,224.0,1.0,0.0,4.3273597154948265,0.0,?,0.0,0.2,224.0,1000.0
225.0,0.086449,2.2364418125814864E-11,225.0,1.0,0.0,4.325071450092627,0.0,?,0.0,0.2,225.0,1000.0
226.0,0.086737,2.2438923931784103E-11,226.0,1.0,0.0,4.3267564540875325,0.0,?,0.0,0.2,226.0,1000.0
227.0,0.087026,2.251368843846851E-11,227.0,1.0,0.0,4.3240213258886495,0.0,?,0.0,0.2,227.0,1000.0
228.0,0.087312,2.2587676843007407E-11,228.0,1.0,0.0,4.3250368268959605,0.0,?,0.0,0.2,228.0,1000.0
229.0,0.087597,2.2661406546831134E-11,229.0,1.0,0.0,4.326043458898841,0.0,?,0.0,0.2,229.0,1000.0
230.0,0.087895,2.2738499359952083E-11,230.0,1.0,0.0,4.327041337579957,0.0,?,0.0,0.2,230.0,1000.0
231.0,0.088213,2.282076618737645E-11,231.0,1.0,0.0,4.328030576618812,0.0,?,0.0,0.2,231.0,1000.0
232.0,0.088541,2.2905620021952527E-11,232.0,1.0,0.0,4.329011287734919,0.0,?,0.0,0.2,232.0,1000.0
233.0,0.08883,2.2980384528636935E-11,233.0,1.0,0.0,4.3299835807298575,0.0,?,0.0,0.2,233.0,1000.0
234.0,0.089118,2.3054890334606173E-11,234.0,1.0,0.0,4.330947563528258,0.0,?,0.0,0.2,234.0,1000.0
235.0,0.089403,2.31286200384299E-11,235.0,1.0,0.0,4.3319033422177355,0.0,?,0.0,0.2,235.0,1000.0
236.0,0.08969,2.3202867143683966E-11,236.0,1.0,0.0,4.332851021087811,0.0,?,0.0,0.2,236.0,1000.0
237.0,0.089974,2.327633814679252E-11,237.0,1.0,0.0,4.3337907026678435,0.0,?,0.0,0.2,237.0,1000.0
238.0,0.090258,2.3349809149901075E-11,238.0,1.0,0.0,4.334722487764011,0.0,?,0.0,0.2,238.0,1000.0
239.0,0.090542,2.342328015300963E-11,239.0,1.0,0.0,4.3356464754953565,0.0,?,0.0,0.2,239.0,1000.0
240.0,0.090822,2.34957163532575E-11,240.0,1.0,0.0,4.336562763328941,0.0,?,0.0,0.2,240.0,1000.0
241.0,0.091112,2.357073956065708E-11,241.0,1.0,0.0,4.3333220695207535,0.0,?,0.0,0.2,241.0,1000.0
242.0,0.09147,2.3663354416688285E-11,242.0,1.0,0.0,4.332162191460532,0.0,?,0.0,0.2,242.0,1000.0
243.0,0.091772,2.3741482032669918E-11,243.0,1.0,0.0,4.33429321124876,0.0,?,0.0,0.2,243.0,1000.0
244.0,0.092054,2.381443563434813E-11,244.0,1.0,0.0,4.3364067636616745,0.0,?,0.0,0.2,244.0,1000.0
245.0,0.092323,2.388402612672912E-11,245.0,1.0,0.0,4.338503062585504,0.0,?,0.0,0.2,245.0,1000.0
246.0,0.092579,2.395025350981289E-11,246.0,1.0,0.0,4.340582318428652,0.0,?,0.0,0.2,246.0,1000.0
247.0,0.092837,2.4016998294327E-11,247.0,1.0,0.0,4.3426447381920985,0.0,?,0.0,0.2,247.0,1000.0
248.0,0.0931,2.4085036582416963E-11,248.0,1.0,0.0,4.344690525538097,0.0,?,0.0,0.2,248.0,1000.0
249.0,0.093355,2.415100526478556E-11,249.0,1.0,0.0,4.346719880857221,0.0,?,0.0,0.2,249.0,1000.0
250.0,0.093629,2.4221889260742402E-11,250.0,1.0,0.0,4.348733001333792,0.0,?,0.0,0.2,250.0,1000.0
251.0,0.093906,2.429354935884476E-11,251.0,1.0,0.0,4.346746017264733,0.0,?,0.0,0.2,251.0,1000.0
252.0,0.094167,2.4361070245504383E-11,252.0,1.0,0.0,4.345559005480425,0.0,?,0.0,0.2,252.0,1000.0
253.0,0.094435,2.44304020371702E-11,253.0,1.0,0.0,4.343654172903966,0.0,?,0.0,0.2,253.0,1000.0
254.0,0.094687,2.4495594617393284E-11,254.0,1.0,0.0,4.345039991805576,0.0,?,0.0,0.2,254.0,1000.0
255.0,0.094938,2.4560528496901196E-11,255.0,1.0,0.0,4.34641494153933,0.0,?,0.0,0.2,255.0,1000.0
256.0,0.095198,2.4627790682845648E-11,256.0,1.0,0.0,4.34777914947829,0.0,?,0.0,0.2,256.0,1000.0
257.0,0.095485,2.4702037788099714E-11,257.0,1.0,0.0,4.349132741013055,0.0,?,0.0,0.2,257.0,1000.0
258.0,0.095738,2.4767489069037967E-11,258.0,1.0,0.0,4.350475839590187,0.0,?,0.0,0.2,258.0,1000.0
259.0,0.095994,2.4833716452121736E-11,259.0,1.0,0.0,4.351808566749734,0.0,?,0.0,0.2,259.0,1000.0
260.0,0.096241,2.4897615528768963E-11,260.0,1.0,0.0,4.353131042161901,0.0,?,0.0,0.2,260.0,1000.0
261.0,0.096499,2.4964360313283073E-11,261.0,1.0,0.0,4.354443383662863,0.0,?,0.0,0.2,261.0,1000.0
262.0,0.096748,2.5028776791360643E-11,262.0,1.0,0.0,4.355745707289772,0.0,?,0.0,0.2,262.0,1000.0
263.0,0.096994,2.50924171672927E-11,263.0,1.0,0.0,4.357038127314955,0.0,?,0.0,0.2,263.0,1000.0
264.0,0.097241,2.5156316243939928E-11,264.0,1.0,0.0,4.358320756279342,0.0,?,0.0,0.2,264.0,1000.0
265.0,0.097492,2.522125012344784E-11,265.0,1.0,0.0,4.3558201201194695,0.0,?,0.0,0.2,265.0,1000.0
266.0,0.09774,2.528540790081024E-11,266.0,1.0,0.0,4.3582418489912005,0.0,?,0.0,0.2,266.0,1000.0
267.0,0.097989,2.5349824378887808E-11,267.0,1.0,0.0,4.360645437571758,0.0,?,0.0,0.2,267.0,1000.0
268.0,0.098234,2.5413206054104693E-11,268.0,1.0,0.0,4.363031088924102,0.0,?,0.0,0.2,268.0,1000.0
269.0,0.098479,2.547658772932158E-11,269.0,1.0,0.0,4.36539900309167,0.0,?,0.0,0.2,269.0,1000.0
270.0,0.098727,2.554074550668398E-11,270.0,1.0,0.0,4.3677493771542935,0.0,?,0.0,0.2,270.0,1000.0
271.0,0.098991,2.5609042495489115E-11,271.0,1.0,0.0,4.366392368382507,0.0,?,0.0,0.2,271.0,1000.0
272.0,0.099238,2.5672941572136342E-11,272.0,1.0,0.0,4.3688688670281595,0.0,?,0.0,0.2,272.0,1000.0
273.0,0.099484,2.57365819480684E-11,273.0,1.0,0.0,4.371327222826591,0.0,?,0.0,0.2,273.0,1000.0
274.0,0.099733,2.580099842614597E-11,274.0,1.0,0.0,4.373767634422114,0.0,?,0.0,0.2,274.0,1000.0
275.0,0.09998,2.5864897502793197E-11,275.0,1.0,0.0,4.37619029756967,0.0,?,0.0,0.2,275.0,1000.0
276.0,0.100231,2.5929831382301108E-11,276.0,1.0,0.0,4.378595405187171,0.0,?,0.0,0.2,276.0,1000.0
277.0,0.100477,2.5993471758233166E-11,277.0,1.0,0.0,4.380983147406711,0.0,?,0.0,0.2,277.0,1000.0
278.0,0.100721,2.605659473273488E-11,278.0,1.0,0.0,4.383353711624673,0.0,?,0.0,0.2,278.0,1000.0
279.0,0.100974,2.6122046013673135E-11,279.0,1.0,0.0,4.382123053160068,0.0,?,0.0,0.2,279.0,1000.0
280.0,0.10122,2.6185686389605193E-11,280.0,1.0,0.0,4.381307778519662,0.0,?,0.0,0.2,280.0,1000.0
281.0,0.101474,2.625139637125862E-11,281.0,1.0,0.0,4.379950811336317,0.0,?,0.0,0.2,281.0,1000.0
282.0,0.101728,2.6317106352912045E-11,282.0,1.0,0.0,4.381642981711519,0.0,?,0.0,0.2,282.0,1000.0
283.0,0.101976,2.6381264130274445E-11,283.0,1.0,0.0,4.383323193285481,0.0,?,0.0,0.2,283.0,1000.0
284.0,0.102218,2.644386970334582E-11,284.0,1.0,0.0,4.38499157238357,0.0,?,0.0,0.2,284.0,1000.0
285.0,0.102467,2.6508286181423388E-11,285.0,1.0,0.0,4.386648243558164,0.0,?,0.0,0.2,285.0,1000.0
286.0,0.102713,2.6571926557355446E-11,286.0,1.0,0.0,4.388293329619649,0.0,?,0.0,0.2,286.0,1000.0
287.0,0.102958,2.663530823257233E-11,287.0,1.0,0.0,4.3864426311092775,0.0,?,0.0,0.2,287.0,1000.0
288.0,0.103205,2.6699207309219558E-11,288.0,1.0,0.0,4.388213843237849,0.0,?,0.0,0.2,288.0,1000.0
289.0,0.103451,2.6762847685151616E-11,289.0,1.0,0.0,4.38997279784304,0.0,?,0.0,0.2,289.0,1000.0
290.0,0.103697,2.6826488061083674E-11,290.0,1.0,0.0,4.391719621726815,0.0,?,0.0,0.2,290.0,1000.0
291.0,0.103953,2.6892715444167442E-11,291.0,1.0,0.0,4.393454439948159,0.0,?,0.0,0.2,291.0,1000.0
292.0,0.104197,2.6955838418669158E-11,292.0,1.0,0.0,4.395177375852918,0.0,?,0.0,0.2,292.0,1000.0
293.0,0.10445,2.702128969960741E-11,293.0,1.0,0.0,4.396888551103038,0.0,?,0.0,0.2,293.0,1000.0
294.0,0.104695,2.7084671374824296E-11,294.0,1.0,0.0,4.398588085705197,0.0,?,0.0,0.2,294.0,1000.0
295.0,0.104938,2.7147535648610843E-11,295.0,1.0,0.0,4.4002760980388675,0.0,?,0.0,0.2,295.0,1000.0
296.0,0.105182,2.7210658623112558E-11,296.0,1.0,0.0,4.401952704883796,0.0,?,0.0,0.2,296.0,1000.0
297.0,0.105428,2.7274298999044616E-11,297.0,1.0,0.0,4.403618021446942,0.0,?,0.0,0.2,297.0,1000.0
298.0,0.105672,2.7337421973546332E-11,298.0,1.0,0.0,4.405272161388858,0.0,?,0.0,0.2,298.0,1000.0
299.0,0.105916,2.7400544948048048E-11,299.0,1.0,0.0,4.4069152368495565,0.0,?,0.0,0.2,299.0,1000.0
300.0,0.106165,2.7464961426125617E-11,300.0,1.0,0.0,4.408547358473851,0.0,?,0.0,0.2,300.0,1000.0
301.0,0.106417,2.75301540063487E-11,301.0,1.0,0.0,4.41016863543619,0.0,?,0.0,0.2,301.0,1000.0
302.0,0.106663,2.759379438228076E-11,302.0,1.0,0.0,4.4117791754650035,0.0,?,0.0,0.2,302.0,1000.0
303.0,0.106912,2.7658210860358328E-11,303.0,1.0,0.0,4.413379084866564,0.0,?,0.0,0.2,303.0,1000.0
304.0,0.107156,2.7721333834860044E-11,304.0,1.0,0.0,4.414968468548378,0.0,?,0.0,0.2,304.0,1000.0
305.0,0.107412,2.7787561217943812E-11,305.0,1.0,0.0,4.416547430042114,0.0,?,0.0,0.2,305.0,1000.0
306.0,0.107657,2.7850942893160697E-11,306.0,1.0,0.0,4.418116071526088,0.0,?,0.0,0.2,306.0,1000.0
307.0,0.107905,2.7915100670523097E-11,307.0,1.0,0.0,4.416417164857071,0.0,?,0.0,0.2,307.0,1000.0
308.0,0.108151,2.7978741046455155E-11,308.0,1.0,0.0,4.419610615620522,0.0,?,0.0,0.2,308.0,1000.0
309.0,0.108401,2.8043416225247897E-11,309.0,1.0,0.0,4.422783396799744,0.0,?,0.0,0.2,309.0,1000.0
310.0,0.108667,2.8112230615483372E-11,310.0,1.0,0.0,4.425935708422971,0.0,?,0.0,0.2,310.0,1000.0
311.0,0.108939,2.8182597210009874E-11,311.0,1.0,0.0,4.4258523138621255,0.0,?,0.0,0.2,311.0,1000.0
312.0,0.109183,2.824572018451159E-11,312.0,1.0,0.0,4.428829834361533,0.0,?,0.0,0.2,312.0,1000.0
313.0,0.109454,2.8315828078322922E-11,313.0,1.0,0.0,4.428593440991936,0.0,?,0.0,0.2,313.0,1000.0
314.0,0.109725,2.8385935972134254E-11,314.0,1.0,0.0,4.431209385447375,0.0,?,0.0,0.2,314.0,1000.0
315.0,0.110004,2.8458113471666955E-11,315.0,1.0,0.0,4.433808720731669,0.0,?,0.0,0.2,315.0,1000.0
316.0,0.110263,2.8525116956896235E-11,316.0,1.0,0.0,4.433227047564797,0.0,?,0.0,0.2,316.0,1000.0
317.0,0.110513,2.8589792135688977E-11,317.0,1.0,0.0,4.435588533792726,0.0,?,0.0,0.2,317.0,1000.0
318.0,0.11076,2.8653691212336204E-11,318.0,1.0,0.0,4.437935167906013,0.0,?,0.0,0.2,318.0,1000.0
319.0,0.111013,2.8719142493274458E-11,319.0,1.0,0.0,4.440267089579719,0.0,?,0.0,0.2,319.0,1000.0
320.0,0.111264,2.878407637278237E-11,320.0,1.0,0.0,4.439459436742965,0.0,?,0.0,0.2,320.0,1000.0
321.0,0.111572,2.8863756193055025E-11,321.0,1.0,0.0,4.438548531405851,0.0,?,0.0,0.2,321.0,1000.0
322.0,0.111817,2.892713786827191E-11,322.0,1.0,0.0,4.440380900651707,0.0,?,0.0,0.2,322.0,1000.0
323.0,0.112066,2.899155434634948E-11,323.0,1.0,0.0,4.442201923957961,0.0,?,0.0,0.2,323.0,1000.0
324.0,0.112325,2.905855783157876E-11,324.0,1.0,0.0,4.440925286626521,0.0,?,0.0,0.2,324.0,1000.0
325.0,0.112596,2.912866572539009E-11,325.0,1.0,0.0,4.442560046428353,0.0,?,0.0,0.2,325.0,1000.0
326.0,0.112865,2.919825621777108E-11,326.0,1.0,0.0,4.441117292366371,0.0,?,0.0,0.2,326.0,1000.0
327.0,0.113119,2.92639661994245E-11,327.0,1.0,0.0,4.44249580796125,0.0,?,0.0,0.2,327.0,1000.0
328.0,0.113363,2.932708917392622E-11,328.0,1.0,0.0,4.443865917973234,0.0,?,0.0,0.2,328.0,1000.0
329.0,0.113606,2.938995344771276E-11,329.0,1.0,0.0,4.445227699048974,0.0,?,0.0,0.2,329.0,1000.0
330.0,0.113852,2.9453593823644815E-11,330.0,1.0,0.0,4.4465812269060745,0.0,?,0.0,0.2,330.0,1000.0
331.0,0.114117,2.9522149513165124E-11,331.0,1.0,0.0,4.444905428310865,0.0,?,0.0,0.2,331.0,1000.0
332.0,0.114378,2.958967039982475E-11,332.0,1.0,0.0,4.446260342207836,0.0,?,0.0,0.2,332.0,1000.0
333.0,0.114624,2.9653310775756804E-11,333.0,1.0,0.0,4.447607118483804,0.0,?,0.0,0.2,333.0,1000.0
334.0,0.114878,2.971902075741023E-11,334.0,1.0,0.0,4.448945830231174,0.0,?,0.0,0.2,334.0,1000.0
335.0,0.115119,2.978136762976643E-11,335.0,1.0,0.0,4.450276549669604,0.0,?,0.0,0.2,335.0,1000.0
336.0,0.115379,2.9848629815710883E-11,336.0,1.0,0.0,4.451599348158995,0.0,?,0.0,0.2,336.0,1000.0
337.0,0.115649,2.991847900880704E-11,337.0,1.0,0.0,4.452914296212248,0.0,?,0.0,0.2,337.0,1000.0
338.0,0.115921,2.998884560333355E-11,338.0,1.0,0.0,4.454221463507789,0.0,?,0.0,0.2,338.0,1000.0
339.0,0.116165,3.0051968577835264E-11,339.0,1.0,0.0,4.4525710663945075,0.0,?,0.0,0.2,339.0,1000.0
340.0,0.116411,3.011560895376732E-11,340.0,1.0,0.0,4.45410573671205,0.0,?,0.0,0.2,340.0,1000.0
341.0,0.116661,3.018028413256006E-11,341.0,1.0,0.0,4.452698854711014,0.0,?,0.0,0.2,341.0,1000.0
342.0,0.116917,3.0246511515643825E-11,342.0,1.0,0.0,4.451082776188468,0.0,?,0.0,0.2,342.0,1000.0
343.0,0.11717,3.031196279658208E-11,343.0,2.0,0.0,4.449198797391359,0.0,?,0.0,0.2,343.0,1000.0
344.0,0.117416,3.0375603172514137E-11,344.0,2.0,0.0,4.439172056701268,0.0,?,0.0,0.2,344.0,1000.0
345.0,0.117657,3.043795004487034E-11,345.0,2.0,0.0,4.429203442044163,0.0,?,0.0,0.2,345.0,1000.0
346.0,0.117902,3.050133172008723E-11,346.0,2.0,0.0,4.419292449437099,0.0,?,0.0,0.2,346.0,1000.0
347.0,0.118195,3.057713102963232E-11,347.0,2.0,0.0,4.409438580706733,0.0,?,0.0,0.2,347.0,1000.0
348.0,0.118486,3.0652412937747074E-11,348.0,2.0,0.0,4.399641343405851,0.0,?,0.0,0.2,348.0,1000.0
349.0,0.118769,3.072562524014046E-11,349.0,2.0,0.0,4.389900250731336,0.0,?,0.0,0.2,349.0,1000.0
350.0,0.119032,3.0793663528230423E-11,350.0,2.0,0.0,4.380214821443532,0.0,?,0.0,0.2,350.0,1000.0
351.0,0.119286,3.0859373509883846E-11,351.0,2.0,0.0,4.370584579786998,0.0,?,0.0,0.2,351.0,1000.0
352.0,0.119531,3.0922755185100735E-11,352.0,2.0,0.0,4.358168146321694,0.0,?,0.0,0.2,352.0,1000.0
353.0,0.119772,3.098510205745694E-11,353.0,2.0,0.0,4.359986366870357,0.0,?,0.0,0.2,353.0,1000.0
354.0,0.120014,3.1047707630528316E-11,354.0,2.0,0.0,4.361794314986543,0.0,?,0.0,0.2,354.0,1000.0
355.0,0.120269,3.111367631289691E-11,355.0,2.0,0.0,4.363592077479539,0.0,?,0.0,0.2,355.0,1000.0
356.0,0.120536,3.118274940384756E-11,356.0,2.0,0.0,4.365379740183248,0.0,?,0.0,0.2,356.0,1000.0
357.0,0.120803,3.125182249479821E-11,357.0,2.0,0.0,4.36715738796985,0.0,?,0.0,0.2,357.0,1000.0
358.0,0.121065,3.1319602082173E-11,358.0,2.0,0.0,4.36892510476323,0.0,?,0.0,0.2,358.0,1000.0
359.0,0.121302,3.138091415166852E-11,359.0,2.0,0.0,4.37068297355219,0.0,?,0.0,0.2,359.0,1000.0
360.0,0.121541,3.144274362259438E-11,360.0,2.0,0.0,4.372431076403434,0.0,?,0.0,0.2,360.0,1000.0
361.0,0.121797,3.1508971005678146E-11,361.0,2.0,0.0,4.374169494474339,0.0,?,0.0,0.2,361.0,1000.0
362.0,0.122036,3.1570800476604005E-11,362.0,2.0,0.0,4.375898308025515,0.0,?,0.0,0.2,362.0,1000.0
363.0,0.122276,3.1632888648245036E-11,363.0,2.0,0.0,4.377617596433158,0.0,?,0.0,0.2,363.0,1000.0
364.0,0.122518,3.169549422131641E-11,364.0,2.0,0.0,4.376580185453946,0.0,?,0.0,0.2,364.0,1000.0
365.0,0.122757,3.175732369224227E-11,365.0,2.0,0.0,4.384680879009779,0.0,?,0.0,0.2,365.0,1000.0
366.0,0.12301,3.182277497318053E-11,366.0,2.0,0.0,4.392737306480608,0.0,?,0.0,0.2,366.0,1000.0
367.0,0.123277,3.189184806413118E-11,367.0,2.0,0.0,4.40074982971454,0.0,?,0.0,0.2,367.0,1000.0
368.0,0.123545,3.1961179855797E-11,368.0,2.0,0.0,4.4060014153222,0.0,?,0.0,0.2,368.0,1000.0
369.0,0.123812,3.2030252946747646E-11,369.0,2.0,0.0,4.4116762082346055,0.0,?,0.0,0.2,369.0,1000.0
370.0,0.124053,3.209259981910385E-11,370.0,2.0,0.0,4.417320326590728,0.0,?,0.0,0.2,370.0,1000.0
371.0,0.124301,3.215675759646625E-11,371.0,2.0,0.0,4.422934018432802,0.0,?,0.0,0.2,371.0,1000.0
372.0,0.124541,3.221884576810728E-11,372.0,2.0,0.0,4.428517529135939,0.0,?,0.0,0.2,372.0,1000.0
373.0,0.12478,3.228067523903314E-11,373.0,2.0,0.0,4.434071101443886,0.0,?,0.0,0.2,373.0,1000.0
374.0,0.125019,3.2342504709959E-11,374.0,2.0,0.0,4.439594975504196,0.0,?,0.0,0.2,374.0,1000.0
375.0,0.125262,3.240536898374554E-11,375.0,2.0,0.0,4.4450893889028515,0.0,?,0.0,0.2,375.0,1000.0
376.0,0.125511,3.2469785461823115E-11,376.0,2.0,0.0,4.447895002230237,0.0,?,0.0,0.2,376.0,1000.0
377.0,0.125768,3.2536271545622056E-11,377.0,2.0,0.0,4.454134007529362,0.0,?,0.0,0.2,377.0,1000.0
378.0,0.126016,3.2600429322984456E-11,378.0,2.0,0.0,4.460340002218437,0.0,?,0.0,0.2,378.0,1000.0
379.0,0.126266,3.2665104501777194E-11,379.0,2.0,0.0,4.463874725167729,0.0,?,0.0,0.2,379.0,1000.0
380.0,0.126516,3.272977968056993E-11,380.0,2.0,0.0,4.468355756592726,0.0,?,0.0,0.2,380.0,1000.0
381.0,0.126775,3.279678316579921E-11,381.0,2.0,0.0,4.470188593627041,0.0,?,0.0,0.2,381.0,1000.0
382.0,0.127016,3.285913003815542E-11,382.0,2.0,0.0,4.470453619746941,0.0,?,0.0,0.2,382.0,1000.0
383.0,0.127265,3.292354651623299E-11,383.0,2.0,0.0,4.471836247371622,0.0,?,0.0,0.2,383.0,1000.0
384.0,0.127512,3.298744559288022E-11,384.0,2.0,0.0,4.473211673810758,0.0,?,0.0,0.2,384.0,1000.0
385.0,0.127791,3.305962309241292E-11,385.0,2.0,0.0,4.474579955177484,0.0,?,0.0,0.2,385.0,1000.0
386.0,0.128031,3.312171126405395E-11,386.0,2.0,0.0,4.47335047342832,0.0,?,0.0,0.2,386.0,1000.0
387.0,0.128272,3.318405813641015E-11,387.0,2.0,0.0,4.4744242161039285,0.0,?,0.0,0.2,387.0,1000.0
388.0,0.128509,3.324537020590567E-11,388.0,2.0,0.0,4.475492424023477,0.0,?,0.0,0.2,388.0,1000.0
389.0,0.128753,3.330849318040739E-11,389.0,2.0,0.0,4.4765551398714605,0.0,?,0.0,0.2,389.0,1000.0
390.0,0.129016,3.337653146849735E-11,390.0,2.0,0.0,4.477612405894582,0.0,?,0.0,0.2,390.0,1000.0
391.0,0.12929,3.3447415464454197E-11,391.0,2.0,0.0,4.478664263907355,0.0,?,0.0,0.2,391.0,1000.0
392.0,0.12955,3.351467765039865E-11,392.0,2.0,0.0,4.477159734889451,0.0,?,0.0,0.2,392.0,1000.0
393.0,0.129789,3.357650712132451E-11,393.0,2.0,0.0,4.478490117243422,0.0,?,0.0,0.2,393.0,1000.0
394.0,0.130026,3.363781919082003E-11,394.0,2.0,0.0,4.4798137463874745,0.0,?,0.0,0.2,394.0,1000.0
395.0,0.130264,3.369938996103072E-11,395.0,2.0,0.0,4.481130673611809,0.0,?,0.0,0.2,395.0,1000.0
396.0,0.1305,3.376044332981107E-11,396.0,2.0,0.0,4.482440949688548,0.0,?,0.0,0.2,396.0,1000.0
397.0,0.130735,3.382123799787624E-11,397.0,2.0,0.0,4.483744624878249,0.0,?,0.0,0.2,397.0,1000.0
398.0,0.130974,3.38830674688021E-11,398.0,2.0,0.0,4.485041748936344,0.0,?,0.0,0.2,398.0,1000.0
399.0,0.131209,3.3943862136867276E-11,399.0,2.0,0.0,4.4863323711194605,0.0,?,0.0,0.2,399.0,1000.0
400.0,0.131446,3.4005174206362796E-11,400.0,2.0,0.0,4.487616540191662,0.0,?,0.0,0.2,400.0,1000.0
401.0,0.131715,3.4074764698743783E-11,401.0,2.0,0.0,4.488894304430586,0.0,?,0.0,0.2,401.0,1000.0
402.0,0.13198,3.414332038826409E-11,402.0,2.0,0.0,4.4901657116334945,0.0,?,0.0,0.2,402.0,1000.0
403.0,0.132246,3.421213477849957E-11,403.0,2.0,0.0,4.491430809123238,0.0,?,0.0,0.2,403.0,1000.0
404.0,0.132484,3.427370554871026E-11,404.0,2.0,0.0,4.492689643754121,0.0,?,0.0,0.2,404.0,1000.0
405.0,0.132719,3.4334500216775435E-11,405.0,2.0,0.0,4.493942261917691,0.0,?,0.0,0.2,405.0,1000.0
406.0,0.132955,3.439555358555578E-11,406.0,2.0,0.0,4.495188709548436,0.0,?,0.0,0.2,406.0,1000.0
407.0,0.133191,3.445660695433613E-11,407.0,2.0,0.0,4.496429032129398,0.0,?,0.0,0.2,407.0,1000.0
408.0,0.133425,3.451714292168614E-11,408.0,2.0,0.0,4.497663274697707,0.0,?,0.0,0.2,408.0,1000.0
409.0,0.133661,3.4578196290466486E-11,409.0,2.0,0.0,4.498891481850036,0.0,?,0.0,0.2,409.0,1000.0
410.0,0.1339,3.4640025761392345E-11,410.0,2.0,0.0,4.500113697747963,0.0,?,0.0,0.2,410.0,1000.0
411.0,0.134142,3.470263133446372E-11,411.0,2.0,0.0,4.501329966123272,0.0,?,0.0,0.2,411.0,1000.0
412.0,0.134394,3.4767823914686806E-11,412.0,2.0,0.0,4.502540330283167,0.0,?,0.0,0.2,412.0,1000.0
413.0,0.134658,3.483612090349194E-11,413.0,2.0,0.0,4.5037448331154115,0.0,?,0.0,0.2,413.0,1000.0
414.0,0.134923,3.490467659301225E-11,414.0,2.0,0.0,4.504943517093393,0.0,?,0.0,0.2,414.0,1000.0
415.0,0.135172,3.4969093071089824E-11,415.0,2.0,0.0,4.50613642428112,0.0,?,0.0,0.2,415.0,1000.0
416.0,0.135409,3.5030405140585344E-11,416.0,2.0,0.0,4.507323596338137,0.0,?,0.0,0.2,416.0,1000.0
417.0,0.135646,3.5091717210080864E-11,417.0,2.0,0.0,4.508505074524376,0.0,?,0.0,0.2,417.0,1000.0
418.0,0.135881,3.515251187814604E-11,418.0,2.0,0.0,4.509680899704939,0.0,?,0.0,0.2,418.0,1000.0
419.0,0.136116,3.5213306546211213E-11,419.0,2.0,0.0,4.510851112354809,0.0,?,0.0,0.2,419.0,1000.0
420.0,0.136351,3.527410121427639E-11,420.0,2.0,0.0,4.512015752563488,0.0,?,0.0,0.2,420.0,1000.0
421.0,0.136596,3.5337482889493277E-11,421.0,2.0,0.0,4.5107995631274695,0.0,?,0.0,0.2,421.0,1000.0
422.0,0.136837,3.539982976184948E-11,422.0,2.0,0.0,4.517128991133846,0.0,?,0.0,0.2,422.0,1000.0
423.0,0.137084,3.546372883849671E-11,423.0,2.0,0.0,4.52342849276667,0.0,?,0.0,0.2,423.0,1000.0
424.0,0.137345,3.553124972515633E-11,424.0,2.0,0.0,4.52969827976915,0.0,?,0.0,0.2,424.0,1000.0
425.0,0.137612,3.560032281610698E-11,425.0,2.0,0.0,4.535938561891618,0.0,?,0.0,0.2,425.0,1000.0
426.0,0.137877,3.566887850562729E-11,426.0,2.0,0.0,4.542149546914921,0.0,?,0.0,0.2,426.0,1000.0
427.0,0.138129,3.5734071085850375E-11,427.0,2.0,0.0,4.548331440673476,0.0,?,0.0,0.2,427.0,1000.0
428.0,0.138364,3.579486575391555E-11,428.0,2.0,0.0,4.5544844470780195,0.0,?,0.0,0.2,428.0,1000.0
429.0,0.138602,3.585643652412624E-11,429.0,2.0,0.0,4.56060876813802,0.0,?,0.0,0.2,429.0,1000.0
430.0,0.138837,3.5917231192191417E-11,430.0,2.0,0.0,4.566704603983788,0.0,?,0.0,0.2,430.0,1000.0
431.0,0.139081,3.598035416669313E-11,431.0,2.0,0.0,4.572772152888277,0.0,?,0.0,0.2,431.0,1000.0
432.0,0.139318,3.604166623618865E-11,432.0,2.0,0.0,4.578811611288578,0.0,?,0.0,0.2,432.0,1000.0
433.0,0.139552,3.610220220353866E-11,433.0,2.0,0.0,4.584823173807122,0.0,?,0.0,0.2,433.0,1000.0
434.0,0.139785,3.6162479470173497E-11,434.0,2.0,0.0,4.590807033272585,0.0,?,0.0,0.2,434.0,1000.0
435.0,0.140054,3.6232069962554484E-11,435.0,2.0,0.0,4.594464530165793,0.0,?,0.0,0.2,435.0,1000.0
436.0,0.140318,3.630036695135962E-11,436.0,2.0,0.0,4.601701996839726,0.0,?,0.0,0.2,436.0,1000.0
437.0,0.140584,3.6369181341595096E-11,437.0,2.0,0.0,4.608906340096385,0.0,?,0.0,0.2,437.0,1000.0
438.0,0.140851,3.6438254432545744E-11,438.0,2.0,0.0,4.616077786808494,0.0,?,0.0,0.2,438.0,1000.0
439.0,0.141115,3.650655142135088E-11,439.0,2.0,0.0,4.623216561781595,0.0,?,0.0,0.2,439.0,1000.0
440.0,0.141352,3.65678634908464E-11,440.0,2.0,0.0,4.630322887777546,0.0,?,0.0,0.2,440.0,1000.0
441.0,0.141597,3.663124516606329E-11,441.0,2.0,0.0,4.637396985537688,0.0,?,0.0,0.2,441.0,1000.0
442.0,0.141833,3.6692298534843636E-11,442.0,2.0,0.0,4.644439073805702,0.0,?,0.0,0.2,442.0,1000.0
443.0,0.142069,3.6753351903623983E-11,443.0,2.0,0.0,4.651449369350159,0.0,?,0.0,0.2,443.0,1000.0
444.0,0.142377,3.683303172389664E-11,444.0,2.0,0.0,4.658428086986758,0.0,?,0.0,0.2,444.0,1000.0
445.0,0.142649,3.6903398318423145E-11,445.0,2.0,0.0,4.663128248589035,0.0,?,0.0,0.2,445.0,1000.0
446.0,0.142921,3.697376491294965E-11,446.0,2.0,0.0,4.67043755054977,0.0,?,0.0,0.2,446.0,1000.0
447.0,0.143203,3.704671851462786E-11,447.0,2.0,0.0,4.677714148698601,0.0,?,0.0,0.2,447.0,1000.0
448.0,0.143471,3.711605030629368E-11,448.0,2.0,0.0,4.682726119177125,0.0,?,0.0,0.2,448.0,1000.0
449.0,0.143749,3.718796910511121E-11,449.0,2.0,0.0,4.689159754928241,0.0,?,0.0,0.2,449.0,1000.0
450.0,0.144018,3.72575595974922E-11,450.0,2.0,0.0,4.695564796742686,0.0,?,0.0,0.2,450.0,1000.0
451.0,0.144294,3.7328960994879387E-11,451.0,2.0,0.0,4.701941434824029,0.0,?,0.0,0.2,451.0,1000.0
452.0,0.14456,3.739777538511486E-11,452.0,2.0,0.0,4.708289857692623,0.0,?,0.0,0.2,452.0,1000.0
453.0,0.144825,3.746633107463517E-11,453.0,2.0,0.0,4.7146102522041815,0.0,?,0.0,0.2,453.0,1000.0
454.0,0.145092,3.753540416558582E-11,454.0,2.0,0.0,4.720902803568111,0.0,?,0.0,0.2,454.0,1000.0
455.0,0.145358,3.7604218555821295E-11,455.0,2.0,0.0,4.7271676953656065,0.0,?,0.0,0.2,455.0,1000.0
456.0,0.145646,3.767872436179053E-11,456.0,2.0,0.0,4.7334051095674985,0.0,?,0.0,0.2,456.0,1000.0
457.0,0.145914,3.774805615345635E-11,457.0,2.0,0.0,4.739615226551877,0.0,?,0.0,0.2,457.0,1000.0
458.0,0.146179,3.781661184297666E-11,458.0,2.0,0.0,4.745798225121477,0.0,?,0.0,0.2,458.0,1000.0
459.0,0.146447,3.788594363464248E-11,459.0,2.0,0.0,4.749775633283365,0.0,?,0.0,0.2,459.0,1000.0
460.0,0.146716,3.795553412702347E-11,460.0,2.0,0.0,4.754232642776228,0.0,?,0.0,0.2,460.0,1000.0
461.0,0.146994,3.8027452925840996E-11,461.0,2.0,0.0,4.7577484071086005,0.0,?,0.0,0.2,461.0,1000.0
462.0,0.147263,3.8097043418221983E-11,462.0,2.0,0.0,4.76043726337027,0.0,?,0.0,0.2,462.0,1000.0
463.0,0.147577,3.817827544278567E-11,463.0,2.0,0.0,4.764554389511299,0.0,?,0.0,0.2,463.0,1000.0
464.0,0.147875,3.825536825590662E-11,464.0,2.0,0.0,4.766498597005168,0.0,?,0.0,0.2,464.0,1000.0
465.0,0.148149,3.832625225186346E-11,465.0,2.0,0.0,4.770056777724681,0.0,?,0.0,0.2,465.0,1000.0
466.0,0.148424,3.839739494853548E-11,466.0,2.0,0.0,4.771453764535527,0.0,?,0.0,0.2,466.0,1000.0
467.0,0.148731,3.847681606809296E-11,467.0,2.0,0.0,4.774512750050439,0.0,?,0.0,0.2,467.0,1000.0
468.0,0.149002,3.8546923961904294E-11,468.0,2.0,0.0,4.777558662977682,0.0,?,0.0,0.2,468.0,1000.0
469.0,0.149298,3.86234993735949E-11,469.0,2.0,0.0,4.780591586937217,0.0,?,0.0,0.2,469.0,1000.0
470.0,0.14957,3.86938659681214E-11,470.0,2.0,0.0,4.7836116048373505,0.0,?,0.0,0.2,470.0,1000.0
471.0,0.149842,3.876423256264791E-11,471.0,2.0,0.0,4.7844956566317505,0.0,?,0.0,0.2,471.0,1000.0
472.0,0.150111,3.8833823055028895E-11,472.0,2.0,0.0,4.787373541136466,0.0,?,0.0,0.2,472.0,1000.0
473.0,0.150382,3.890393094884023E-11,473.0,2.0,0.0,4.79023925699634,0.0,?,0.0,0.2,473.0,1000.0
474.0,0.150648,3.89727453390757E-11,474.0,2.0,0.0,4.793092881228115,0.0,?,0.0,0.2,474.0,1000.0
475.0,0.150912,3.904104232788084E-11,475.0,2.0,0.0,4.795934490199966,0.0,?,0.0,0.2,475.0,1000.0
476.0,0.151176,3.9109339316685976E-11,476.0,2.0,0.0,4.7987641596383215,0.0,?,0.0,0.2,476.0,1000.0
477.0,0.151442,3.917815370692145E-11,477.0,2.0,0.0,4.801581964634588,0.0,?,0.0,0.2,477.0,1000.0
478.0,0.151729,3.925240081217552E-11,478.0,2.0,0.0,4.80438797965179,0.0,?,0.0,0.2,478.0,1000.0
479.0,0.151993,3.9320697800980657E-11,479.0,2.0,0.0,4.8050945958589,0.0,?,0.0,0.2,479.0,1000.0
480.0,0.152263,3.9390546994076816E-11,480.0,2.0,0.0,4.805974133632678,0.0,?,0.0,0.2,480.0,1000.0
481.0,0.152535,3.946091358860332E-11,481.0,2.0,0.0,4.806377513812237,0.0,?,0.0,0.2,481.0,1000.0
482.0,0.152799,3.952921057740846E-11,482.0,2.0,0.0,4.808421682179154,0.0,?,0.0,0.2,482.0,1000.0
483.0,0.153068,3.9598801069789445E-11,483.0,2.0,0.0,4.810457386080784,0.0,?,0.0,0.2,483.0,1000.0
484.0,0.153336,3.9668132861455266E-11,484.0,2.0,0.0,4.8124846779828205,0.0,?,0.0,0.2,484.0,1000.0
485.0,0.153606,3.9737982054551425E-11,485.0,2.0,0.0,4.814503609918251,0.0,?,0.0,0.2,485.0,1000.0
486.0,0.153873,3.9807055145502074E-11,486.0,2.0,0.0,4.816514233491807,0.0,?,0.0,0.2,486.0,1000.0
487.0,0.154137,3.987535213430721E-11,487.0,2.0,0.0,4.818516599884363,0.0,?,0.0,0.2,487.0,1000.0
488.0,0.154402,3.994390782382752E-11,488.0,2.0,0.0,4.820510759857277,0.0,?,0.0,0.2,488.0,1000.0
489.0,0.154686,4.001737882693608E-11,489.0,2.0,0.0,4.822496763756683,0.0,?,0.0,0.2,489.0,1000.0
490.0,0.154952,4.008619321717155E-11,490.0,2.0,0.0,4.822433845191193,0.0,?,0.0,0.2,490.0,1000.0
491.0,0.155222,4.015604241026771E-11,491.0,2.0,0.0,4.824669214141924,0.0,?,0.0,0.2,491.0,1000.0
492.0,0.155487,4.022459809978802E-11,492.0,2.0,0.0,4.826895496227001,0.0,?,0.0,0.2,492.0,1000.0
493.0,0.155755,4.029392989145384E-11,493.0,2.0,0.0,4.829112746741754,0.0,?,0.0,0.2,493.0,1000.0
494.0,0.156021,4.036274428168932E-11,494.0,2.0,0.0,4.831321020533775,0.0,?,0.0,0.2,494.0,1000.0
495.0,0.156295,4.043362827764616E-11,495.0,2.0,0.0,4.8335203720074436,0.0,?,0.0,0.2,495.0,1000.0
496.0,0.156564,4.050321877002715E-11,496.0,2.0,0.0,4.835710855128396,0.0,?,0.0,0.2,496.0,1000.0
497.0,0.156835,4.057332666383848E-11,497.0,2.0,0.0,4.8378925234279375,0.0,?,0.0,0.2,497.0,1000.0
498.0,0.157108,4.064395195908015E-11,498.0,2.0,0.0,4.8380573978788854,0.0,?,0.0,0.2,498.0,1000.0
499.0,0.15738,4.071431855360666E-11,499.0,2.0,0.0,4.840385940167705,0.0,?,0.0,0.2,499.0,1000.0
500.0,0.157651,4.078442644741799E-11,500.0,2.0,0.0,4.842705168287369,0.0,?,0.0,0.2,500.0,1000.0
501.0,0.157947,4.086100185910859E-11,501.0,2.0,0.0,4.845015138011347,0.0,?,0.0,0.2,501.0,1000.0
502.0,0.158212,4.09295575486289E-11,502.0,2.0,0.0,4.847315904668695,0.0,?,0.0,0.2,502.0,1000.0
503.0,0.15848,4.099888934029472E-11,503.0,2.0,0.0,4.849607523148479,0.0,?,0.0,0.2,503.0,1000.0
504.0,0.158748,4.1068221131960544E-11,504.0,2.0,0.0,4.851890047904137,0.0,?,0.0,0.2,504.0,1000.0
505.0,0.159015,4.113729422291119E-11,505.0,2.0,0.0,4.8541635329577915,0.0,?,0.0,0.2,505.0,1000.0
506.0,0.159283,4.120662601457701E-11,506.0,2.0,0.0,4.856428031904516,0.0,?,0.0,0.2,506.0,1000.0
507.0,0.159587,4.1285271031988985E-11,507.0,2.0,0.0,4.858683597916539,0.0,?,0.0,0.2,507.0,1000.0
508.0,0.159865,4.135718983080651E-11,508.0,2.0,0.0,4.860930283747411,0.0,?,0.0,0.2,508.0,1000.0
509.0,0.160132,4.142626292175716E-11,509.0,2.0,0.0,4.86316814173612,0.0,?,0.0,0.2,509.0,1000.0
510.0,0.160408,4.149766431914435E-11,510.0,2.0,0.0,4.865397223811147,0.0,?,0.0,0.2,510.0,1000.0
511.0,0.160682,4.1568548315101194E-11,511.0,2.0,0.0,4.867617581494491,0.0,?,0.0,0.2,511.0,1000.0
512.0,0.161039,4.1660904470417226E-11,512.0,2.0,0.0,4.869829265905635,0.0,?,0.0,0.2,512.0,1000.0
513.0,0.161342,4.173929078711403E-11,513.0,2.0,0.0,4.872032327765468,0.0,?,0.0,0.2,513.0,1000.0
514.0,0.161619,4.181095088521639E-11,514.0,2.0,0.0,4.872281292108337,0.0,?,0.0,0.2,514.0,1000.0
515.0,0.161887,4.188028267688221E-11,515.0,2.0,0.0,4.873248455367098,0.0,?,0.0,0.2,515.0,1000.0
516.0,0.162166,4.195246017641491E-11,516.0,2.0,0.0,4.875778151051603,0.0,?,0.0,0.2,516.0,1000.0
517.0,0.162441,4.2023602873086926E-11,517.0,2.0,0.0,4.878298060679301,0.0,?,0.0,0.2,517.0,1000.0
518.0,0.16272,4.2095780372619626E-11,518.0,2.0,0.0,4.880808240926197,0.0,?,0.0,0.2,518.0,1000.0
519.0,0.162993,4.21664056678613E-11,519.0,2.0,0.0,4.883308748031487,0.0,?,0.0,0.2,519.0,1000.0
520.0,0.163261,4.223573745952712E-11,520.0,2.0,0.0,4.885799637801756,0.0,?,0.0,0.2,520.0,1000.0
521.0,0.16353,4.2305327951908105E-11,521.0,2.0,0.0,4.886361579818589,0.0,?,0.0,0.2,521.0,1000.0
522.0,0.163794,4.237362494071324E-11,522.0,2.0,0.0,4.888825281376605,0.0,?,0.0,0.2,522.0,1000.0
523.0,0.164087,4.2449424250258334E-11,523.0,2.0,0.0,4.89127956151375,0.0,?,0.0,0.2,523.0,1000.0
524.0,0.164352,4.251797993977864E-11,524.0,2.0,0.0,4.893724474169455,0.0,?,0.0,0.2,524.0,1000.0
525.0,0.164613,4.258550082643827E-11,525.0,2.0,0.0,4.896160072872187,0.0,?,0.0,0.2,525.0,1000.0
526.0,0.164879,4.2654315216673744E-11,526.0,2.0,0.0,4.896685270058938,0.0,?,0.0,0.2,526.0,1000.0
527.0,0.165146,4.272338830762439E-11,527.0,2.0,0.0,4.899031850824164,0.0,?,0.0,0.2,527.0,1000.0
528.0,0.165408,4.279116789499918E-11,528.0,2.0,0.0,4.9013695430258855,0.0,?,0.0,0.2,528.0,1000.0
529.0,0.165675,4.286024098594983E-11,529.0,2.0,0.0,4.903698397071834,0.0,?,0.0,0.2,529.0,1000.0
530.0,0.165939,4.292853797475497E-11,530.0,2.0,0.0,4.9060184629893095,0.0,?,0.0,0.2,530.0,1000.0
531.0,0.166207,4.299786976642079E-11,531.0,2.0,0.0,4.908329790428752,0.0,?,0.0,0.2,531.0,1000.0
532.0,0.166471,4.3066166755225925E-11,532.0,2.0,0.0,4.910632428667293,0.0,?,0.0,0.2,532.0,1000.0
533.0,0.166734,4.313420504331589E-11,533.0,2.0,0.0,4.912926426612258,0.0,?,0.0,0.2,533.0,1000.0
534.0,0.166999,4.32027607328362E-11,534.0,2.0,0.0,4.915211832804619,0.0,?,0.0,0.2,534.0,1000.0
535.0,0.167292,4.327856004238129E-11,535.0,2.0,0.0,4.9174886954224295,0.0,?,0.0,0.2,535.0,1000.0
536.0,0.167553,4.3346080929040916E-11,536.0,2.0,0.0,4.919757062284203,0.0,?,0.0,0.2,536.0,1000.0
537.0,0.167818,4.3414636618561225E-11,537.0,2.0,0.0,4.922016980852265,0.0,?,0.0,0.2,537.0,1000.0
538.0,0.168082,4.348293360736636E-11,538.0,2.0,0.0,4.924268498236058,0.0,?,0.0,0.2,538.0,1000.0
539.0,0.168353,4.3553041501177694E-11,539.0,2.0,0.0,4.9265116611954225,0.0,?,0.0,0.2,539.0,1000.0
540.0,0.168616,4.362107978926766E-11,540.0,2.0,0.0,4.928746516143826,0.0,?,0.0,0.2,540.0,1000.0
541.0,0.168893,4.3692739887370013E-11,541.0,2.0,0.0,4.930973109151569,0.0,?,0.0,0.2,541.0,1000.0
542.0,0.169159,4.376155427760549E-11,542.0,2.0,0.0,4.933191485948953,0.0,?,0.0,0.2,542.0,1000.0
543.0,0.169429,4.383140347070165E-11,543.0,2.0,0.0,4.935401691929402,0.0,?,0.0,0.2,543.0,1000.0
544.0,0.169697,4.390073526236747E-11,544.0,2.0,0.0,4.937603772152571,0.0,?,0.0,0.2,544.0,1000.0
545.0,0.169962,4.396929095188778E-11,545.0,2.0,0.0,4.939797771347398,0.0,?,0.0,0.2,545.0,1000.0
546.0,0.170258,4.404586636357838E-11,546.0,2.0,0.0,4.940152232083636,0.0,?,0.0,0.2,546.0,1000.0
547.0,0.170529,4.4115974257389714E-11,547.0,3.0,0.0,4.943151305080358,0.0,?,0.0,0.2,547.0,1000.0
548.0,0.170793,4.418427124619485E-11,548.0,3.0,0.0,4.934130955983496,0.0,?,0.0,0.2,548.0,1000.0
549.0,0.171055,4.425205083356964E-11,549.0,3.0,0.0,4.925143467903379,0.0,?,0.0,0.2,549.0,1000.0
550.0,0.171315,4.4319313019514095E-11,550.0,3.0,0.0,4.918006843416283,0.0,?,0.0,0.2,550.0,1000.0
551.0,0.171586,4.438942091332543E-11,551.0,3.0,0.0,4.916340769290301,0.0,?,0.0,0.2,551.0,1000.0
552.0,0.171849,4.445745920141539E-11,552.0,3.0,0.0,4.912869137461876,0.0,?,0.0,0.2,552.0,1000.0
553.0,0.172111,4.452523878879018E-11,553.0,3.0,0.0,4.909410061263934,0.0,?,0.0,0.2,553.0,1000.0
554.0,0.172372,4.459275967544981E-11,554.0,3.0,0.0,4.905963472705696,0.0,?,0.0,0.2,554.0,1000.0
555.0,0.172641,4.4662350167830794E-11,555.0,3.0,0.0,4.902529304286406,0.0,?,0.0,0.2,555.0,1000.0
556.0,0.172902,4.472987105449042E-11,556.0,3.0,0.0,4.899107488990927,0.0,?,0.0,0.2,556.0,1000.0
557.0,0.173184,4.480282465616863E-11,557.0,3.0,0.0,4.895697960285378,0.0,?,0.0,0.2,557.0,1000.0
558.0,0.173446,4.487060424354342E-11,558.0,3.0,0.0,4.892300652112824,0.0,?,0.0,0.2,558.0,1000.0
559.0,0.173716,4.494045343663958E-11,559.0,3.0,0.0,4.888915498889008,0.0,?,0.0,0.2,559.0,1000.0
560.0,0.173981,4.500900912615989E-11,560.0,3.0,0.0,4.8855424354981345,0.0,?,0.0,0.2,560.0,1000.0
561.0,0.174246,4.50775648156802E-11,561.0,3.0,0.0,4.882181397288691,0.0,?,0.0,0.2,561.0,1000.0
562.0,0.174508,4.514534440305499E-11,562.0,3.0,0.0,4.878832320069316,0.0,?,0.0,0.2,562.0,1000.0
563.0,0.174778,4.521519359615115E-11,563.0,3.0,0.0,4.875495140104717,0.0,?,0.0,0.2,563.0,1000.0
564.0,0.175044,4.528400798638663E-11,564.0,3.0,0.0,4.872169794111623,0.0,?,0.0,0.2,564.0,1000.0
565.0,0.175307,4.535204627447659E-11,565.0,3.0,0.0,4.867086307750363,0.0,?,0.0,0.2,565.0,1000.0
566.0,0.17557,4.5420084562566556E-11,566.0,3.0,0.0,4.86967685019839,0.0,?,0.0,0.2,566.0,1000.0
567.0,0.175832,4.548786414994135E-11,567.0,3.0,0.0,4.872258254930551,0.0,?,0.0,0.2,567.0,1000.0
568.0,0.176096,4.5556161138746484E-11,568.0,3.0,0.0,4.874830570209429,0.0,?,0.0,0.2,568.0,1000.0
569.0,0.176377,4.562885603970952E-11,569.0,3.0,0.0,4.8773938439583295,0.0,?,0.0,0.2,569.0,1000.0
570.0,0.176641,4.569715302851466E-11,570.0,3.0,0.0,4.879948123764251,0.0,?,0.0,0.2,570.0,1000.0
571.0,0.176907,4.5765967418750135E-11,571.0,3.0,0.0,4.882493456880835,0.0,?,0.0,0.2,571.0,1000.0
572.0,0.177171,4.583426440755527E-11,572.0,3.0,0.0,4.885029890231276,0.0,?,0.0,0.2,572.0,1000.0
573.0,0.177435,4.590256139636041E-11,573.0,3.0,0.0,4.88581226971313,0.0,?,0.0,0.2,573.0,1000.0
574.0,0.177702,4.5971634487311057E-11,574.0,3.0,0.0,4.889059983528961,0.0,?,0.0,0.2,574.0,1000.0
575.0,0.177972,4.6041483680407216E-11,575.0,3.0,0.0,4.8922964009489105,0.0,?,0.0,0.2,575.0,1000.0
576.0,0.178237,4.6110039369927525E-11,576.0,3.0,0.0,4.895521580808374,0.0,?,0.0,0.2,576.0,1000.0
577.0,0.178507,4.6179888563023685E-11,577.0,3.0,0.0,4.898735581534876,0.0,?,0.0,0.2,577.0,1000.0
578.0,0.17877,4.624792685111365E-11,578.0,3.0,0.0,4.901938461151597,0.0,?,0.0,0.2,578.0,1000.0
579.0,0.17903,4.63151890370581E-11,579.0,3.0,0.0,4.905130277280869,0.0,?,0.0,0.2,579.0,1000.0
580.0,0.179332,4.6393316653039735E-11,580.0,3.0,0.0,4.908311087147626,0.0,?,0.0,0.2,580.0,1000.0
581.0,0.179625,4.6469115962584827E-11,581.0,3.0,0.0,4.911480947582828,0.0,?,0.0,0.2,581.0,1000.0
582.0,0.179893,4.653844775425065E-11,582.0,3.0,0.0,4.914639915026844,0.0,?,0.0,0.2,582.0,1000.0
583.0,0.180191,4.6615540567371596E-11,583.0,3.0,0.0,4.917788045532801,0.0,?,0.0,0.2,583.0,1000.0
584.0,0.180458,4.6684613658322245E-11,584.0,3.0,0.0,4.920925394769903,0.0,?,0.0,0.2,584.0,1000.0
585.0,0.18072,4.6752393245697036E-11,585.0,3.0,0.0,4.924052018026707,0.0,?,0.0,0.2,585.0,1000.0
586.0,0.180983,4.6820431533787E-11,586.0,3.0,0.0,4.9271679702143745,0.0,?,0.0,0.2,586.0,1000.0
587.0,0.181247,4.6888728522592136E-11,587.0,3.0,0.0,4.930273305869886,0.0,?,0.0,0.2,587.0,1000.0
588.0,0.181506,4.6955732007821416E-11,588.0,3.0,0.0,4.9316673988871145,0.0,?,0.0,0.2,588.0,1000.0
589.0,0.181769,4.702377029591138E-11,589.0,3.0,0.0,4.937555909245541,0.0,?,0.0,0.2,589.0,1000.0
590.0,0.182029,4.709103248185583E-11,590.0,3.0,0.0,4.943424458551904,0.0,?,0.0,0.2,590.0,1000.0
591.0,0.182313,4.716450348496439E-11,591.0,3.0,0.0,4.947581100754016,0.0,?,0.0,0.2,591.0,1000.0
592.0,0.182576,4.7232541773054354E-11,592.0,3.0,0.0,4.951892619164905,0.0,?,0.0,0.2,592.0,1000.0
593.0,0.182838,4.7300321360429145E-11,593.0,3.0,0.0,4.956189596198353,0.0,?,0.0,0.2,593.0,1000.0
594.0,0.1831,4.7368100947803937E-11,594.0,3.0,0.0,4.960472105295663,0.0,?,0.0,0.2,594.0,1000.0
595.0,0.183361,4.743562183446356E-11,595.0,3.0,0.0,4.964740219404409,0.0,?,0.0,0.2,595.0,1000.0
596.0,0.183627,4.750443622469904E-11,596.0,3.0,0.0,4.96899401098259,0.0,?,0.0,0.2,596.0,1000.0
597.0,0.18389,4.7572474512789E-11,597.0,3.0,0.0,4.9732335520027195,0.0,?,0.0,0.2,597.0,1000.0
598.0,0.184155,4.764103020230931E-11,598.0,3.0,0.0,4.977458913955893,0.0,?,0.0,0.2,598.0,1000.0
599.0,0.184423,4.771036199397513E-11,599.0,3.0,0.0,4.980000718773996,0.0,?,0.0,0.2,599.0,1000.0
600.0,0.184694,4.7780469887786464E-11,600.0,3.0,0.0,4.984319765195087,0.0,?,0.0,0.2,600.0,1000.0
601.0,0.184964,4.7850319080882623E-11,601.0,3.0,0.0,4.988624438749552,0.0,?,0.0,0.2,601.0,1000.0
602.0,0.185226,4.7918098668257415E-11,602.0,3.0,0.0,4.991253681494865,0.0,?,0.0,0.2,602.0,1000.0
603.0,0.185516,4.7993121875656995E-11,603.0,3.0,0.0,4.99458493575441,0.0,?,0.0,0.2,603.0,1000.0
604.0,0.185785,4.806271236803798E-11,604.0,3.0,0.0,4.99790515937071,0.0,?,0.0,0.2,604.0,1000.0
605.0,0.186049,4.813100935684312E-11,605.0,3.0,0.0,5.0012144070411715,0.0,?,0.0,0.2,605.0,1000.0
606.0,0.186311,4.819878894421791E-11,606.0,3.0,0.0,5.002862568085658,0.0,?,0.0,0.2,606.0,1000.0
607.0,0.186571,4.826605113016236E-11,607.0,3.0,0.0,5.0039561497966645,0.0,?,0.0,0.2,607.0,1000.0
608.0,0.186834,4.8334089418252326E-11,608.0,3.0,0.0,5.004114116655551,0.0,?,0.0,0.2,608.0,1000.0
609.0,0.187095,4.840161030491195E-11,609.0,3.0,0.0,5.005152293206796,0.0,?,0.0,0.2,609.0,1000.0
610.0,0.187357,4.846938989228674E-11,610.0,3.0,0.0,5.0061870659004954,0.0,?,0.0,0.2,610.0,1000.0
611.0,0.187624,4.853846298323739E-11,611.0,3.0,0.0,5.0072184514495355,0.0,?,0.0,0.2,611.0,1000.0
612.0,0.187882,4.86052077677515E-11,612.0,3.0,0.0,5.008246466457565,0.0,?,0.0,0.2,612.0,1000.0
613.0,0.188142,4.867246995369595E-11,613.0,3.0,0.0,5.009271127419891,0.0,?,0.0,0.2,613.0,1000.0
614.0,0.188429,4.874671705895002E-11,614.0,3.0,0.0,5.010292450724359,0.0,?,0.0,0.2,614.0,1000.0
615.0,0.18869,4.8814237945609645E-11,615.0,3.0,0.0,5.011310452652228,0.0,?,0.0,0.2,615.0,1000.0
616.0,0.18895,4.88815001315541E-11,616.0,3.0,0.0,5.0123251493790315,0.0,?,0.0,0.2,616.0,1000.0
617.0,0.189216,4.895031452178957E-11,617.0,3.0,0.0,5.013336556975441,0.0,?,0.0,0.2,617.0,1000.0
618.0,0.189478,4.9018094109164364E-11,618.0,3.0,0.0,5.012726568430761,0.0,?,0.0,0.2,618.0,1000.0
619.0,0.189741,4.908613239725433E-11,619.0,3.0,0.0,5.014321517431681,0.0,?,0.0,0.2,619.0,1000.0
620.0,0.190006,4.915468808677464E-11,620.0,3.0,0.0,5.015911321435824,0.0,?,0.0,0.2,620.0,1000.0
621.0,0.190273,4.9223761177725285E-11,621.0,3.0,0.0,5.017496005298246,0.0,?,0.0,0.2,621.0,1000.0
622.0,0.190538,4.9292316867245594E-11,622.0,3.0,0.0,5.019075593714165,0.0,?,0.0,0.2,622.0,1000.0
623.0,0.190797,4.9359320352474874E-11,623.0,3.0,0.0,5.019044974783644,0.0,?,0.0,0.2,623.0,1000.0
624.0,0.191057,4.9426582538419327E-11,624.0,3.0,0.0,5.020493743931551,0.0,?,0.0,0.2,624.0,1000.0
625.0,0.19134,4.949979484081271E-11,625.0,3.0,0.0,5.021937877018184,0.0,?,0.0,0.2,625.0,1000.0
626.0,0.191602,4.95675744281875E-11,626.0,3.0,0.0,5.021779952171633,0.0,?,0.0,0.2,626.0,1000.0
627.0,0.191864,4.9635354015562294E-11,627.0,3.0,0.0,5.0212895307395975,0.0,?,0.0,0.2,627.0,1000.0
628.0,0.192129,4.9703909705082603E-11,628.0,3.0,0.0,5.021892572888102,0.0,?,0.0,0.2,628.0,1000.0
629.0,0.192389,4.9771171891027056E-11,629.0,3.0,0.0,5.022493697573494,0.0,?,0.0,0.2,629.0,1000.0
630.0,0.192649,4.983843407697151E-11,630.0,3.0,0.0,5.021505612339251,0.0,?,0.0,0.2,630.0,1000.0
631.0,0.192913,4.9906731065776645E-11,631.0,3.0,0.0,5.021867727058206,0.0,?,0.0,0.2,631.0,1000.0
632.0,0.193174,4.997425195243627E-11,632.0,3.0,0.0,5.020646417363493,0.0,?,0.0,0.2,632.0,1000.0
633.0,0.193439,5.004280764195658E-11,633.0,3.0,0.0,5.0207067287569345,0.0,?,0.0,0.2,633.0,1000.0
634.0,0.193703,5.0111104630761716E-11,634.0,3.0,0.0,5.020766849893614,0.0,?,0.0,0.2,634.0,1000.0
635.0,0.193963,5.017836681670617E-11,635.0,3.0,0.0,5.020826781672382,0.0,?,0.0,0.2,635.0,1000.0
636.0,0.194222,5.024537030193545E-11,636.0,3.0,0.0,5.020886524986438,0.0,?,0.0,0.2,636.0,1000.0
637.0,0.194503,5.031806520289849E-11,637.0,3.0,0.0,5.019376222010654,0.0,?,0.0,0.2,637.0,1000.0
638.0,0.194765,5.038584479027328E-11,638.0,3.0,0.0,5.019432929430003,0.0,?,0.0,0.2,638.0,1000.0
639.0,0.195028,5.045388307836324E-11,639.0,3.0,0.0,5.019489459361343,0.0,?,0.0,0.2,639.0,1000.0
640.0,0.195311,5.052709538075663E-11,640.0,3.0,0.0,5.017983312636646,0.0,?,0.0,0.2,640.0,1000.0
641.0,0.195587,5.059849677814382E-11,641.0,3.0,0.0,5.01787314899923,0.0,?,0.0,0.2,641.0,1000.0
642.0,0.19586,5.066912207338549E-11,642.0,3.0,0.0,5.017763328550714,0.0,?,0.0,0.2,642.0,1000.0
643.0,0.196131,5.073922996719682E-11,643.0,3.0,0.0,5.017653849689908,0.0,?,0.0,0.2,643.0,1000.0
644.0,0.196391,5.080649215314127E-11,644.0,3.0,0.0,5.017544710825565,0.0,?,0.0,0.2,644.0,1000.0
645.0,0.196655,5.087478914194641E-11,645.0,3.0,0.0,5.017435910376304,0.0,?,0.0,0.2,645.0,1000.0
646.0,0.196919,5.0943086130751546E-11,646.0,3.0,0.0,5.0173274467705395,0.0,?,0.0,0.2,646.0,1000.0
647.0,0.19718,5.101060701741117E-11,647.0,3.0,0.0,5.0172193184464,0.0,?,0.0,0.2,647.0,1000.0
648.0,0.197464,5.108407802051973E-11,648.0,3.0,0.0,5.017111523851656,0.0,?,0.0,0.2,648.0,1000.0
649.0,0.197729,5.115263371004004E-11,649.0,3.0,0.0,5.017004061443646,0.0,?,0.0,0.2,649.0,1000.0
650.0,0.197996,5.1221706800990686E-11,650.0,3.0,0.0,5.015358468150736,0.0,?,0.0,0.2,650.0,1000.0
651.0,0.198261,5.1290262490510995E-11,651.0,3.0,0.0,5.015642095695819,0.0,?,0.0,0.2,651.0,1000.0
652.0,0.198524,5.135830077860096E-11,652.0,3.0,0.0,5.01439111088647,0.0,?,0.0,0.2,652.0,1000.0
653.0,0.198781,5.14247868623999E-11,653.0,3.0,0.0,5.014441995935065,0.0,?,0.0,0.2,653.0,1000.0
654.0,0.199039,5.149153164691401E-11,654.0,3.0,0.0,5.012963673384123,0.0,?,0.0,0.2,654.0,1000.0
655.0,0.199296,5.155801773071295E-11,655.0,3.0,0.0,5.012805089011157,0.0,?,0.0,0.2,655.0,1000.0
656.0,0.199557,5.1625538617372573E-11,656.0,3.0,0.0,5.012646988127132,0.0,?,0.0,0.2,656.0,1000.0
657.0,0.199822,5.169409430689288E-11,657.0,3.0,0.0,5.012489368524337,0.0,?,0.0,0.2,657.0,1000.0
658.0,0.200086,5.176239129569802E-11,658.0,3.0,0.0,5.012332228008481,0.0,?,0.0,0.2,658.0,1000.0
659.0,0.200367,5.183508619666106E-11,659.0,3.0,0.0,5.012175564398591,0.0,?,0.0,0.2,659.0,1000.0
660.0,0.200626,5.190208968189034E-11,660.0,3.0,0.0,5.012019375526913,0.0,?,0.0,0.2,660.0,1000.0
661.0,0.200892,5.1970904072125814E-11,661.0,3.0,0.0,5.010350799934725,0.0,?,0.0,0.2,661.0,1000.0
662.0,0.201151,5.2037907557355094E-11,662.0,3.0,0.0,5.010335164285277,0.0,?,0.0,0.2,662.0,1000.0
663.0,0.201412,5.210542844401472E-11,663.0,3.0,0.0,5.010319575802193,0.0,?,0.0,0.2,663.0,1000.0
664.0,0.201679,5.217450153496537E-11,664.0,3.0,0.0,5.0103040342723695,0.0,?,0.0,0.2,664.0,1000.0
665.0,0.201937,5.2241246319479474E-11,665.0,3.0,0.0,5.01028853948399,0.0,?,0.0,0.2,665.0,1000.0
666.0,0.202198,5.23087672061391E-11,666.0,3.0,0.0,5.010273091226507,0.0,?,0.0,0.2,666.0,1000.0
667.0,0.202464,5.2377581596374575E-11,667.0,3.0,0.0,5.0102576892906345,0.0,?,0.0,0.2,667.0,1000.0
668.0,0.20273,5.244639598661005E-11,668.0,3.0,0.0,5.0102423334683435,0.0,?,0.0,0.2,668.0,1000.0
669.0,0.202996,5.2515210376845526E-11,669.0,3.0,0.0,5.0087322552419336,0.0,?,0.0,0.2,669.0,1000.0
670.0,0.203262,5.2584024767081E-11,670.0,3.0,0.0,5.008905789189334,0.0,?,0.0,0.2,670.0,1000.0
671.0,0.203555,5.2659824076626093E-11,671.0,3.0,0.0,5.00907880589695,0.0,?,0.0,0.2,671.0,1000.0
672.0,0.203818,5.272786236471606E-11,672.0,3.0,0.0,5.007763212435794,0.0,?,0.0,0.2,672.0,1000.0
673.0,0.204078,5.279512455066051E-11,673.0,3.0,0.0,5.007811112565904,0.0,?,0.0,0.2,673.0,1000.0
674.0,0.204353,5.2866267247332526E-11,674.0,3.0,0.0,5.007858870559129,0.0,?,0.0,0.2,674.0,1000.0
675.0,0.204589,5.2927320616112874E-11,675.0,3.0,0.0,5.00790648704719,0.0,?,0.0,0.2,675.0,1000.0
676.0,0.204822,5.298759788274771E-11,676.0,3.0,0.0,5.007953962658067,0.0,?,0.0,0.2,676.0,1000.0
677.0,0.205051,5.304684034652186E-11,677.0,3.0,0.0,5.0080012980160316,0.0,?,0.0,0.2,677.0,1000.0
678.0,0.205291,5.310892851816289E-11,678.0,3.0,0.0,5.008048493741671,0.0,?,0.0,0.2,678.0,1000.0
679.0,0.205524,5.316920578479773E-11,679.0,3.0,0.0,5.00809555045192,0.0,?,0.0,0.2,679.0,1000.0
680.0,0.205752,5.322818954785671E-11,680.0,3.0,0.0,5.008142468760078,0.0,?,0.0,0.2,680.0,1000.0
681.0,0.205986,5.3288725515206716E-11,681.0,3.0,0.0,5.008189249275849,0.0,?,0.0,0.2,681.0,1000.0
682.0,0.206216,5.334822667969604E-11,682.0,3.0,0.0,5.008235892605357,0.0,?,0.0,0.2,682.0,1000.0
683.0,0.206452,5.340928004847639E-11,683.0,3.0,0.0,5.008282399351176,0.0,?,0.0,0.2,683.0,1000.0
684.0,0.206683,5.346903991368088E-11,684.0,3.0,0.0,5.008328770112358,0.0,?,0.0,0.2,684.0,1000.0
685.0,0.206914,5.352879977888537E-11,685.0,3.0,0.0,5.008375005484457,0.0,?,0.0,0.2,685.0,1000.0
686.0,0.207143,5.358804224265952E-11,686.0,3.0,0.0,5.0084211060595525,0.0,?,0.0,0.2,686.0,1000.0
687.0,0.207374,5.364780210786401E-11,687.0,3.0,0.0,5.008467072426278,0.0,?,0.0,0.2,687.0,1000.0
688.0,0.207603,5.370704457163816E-11,688.0,3.0,0.0,5.0085129051698445,0.0,?,0.0,0.2,688.0,1000.0
689.0,0.207831,5.376602833469714E-11,689.0,3.0,0.0,5.007107226062196,0.0,?,0.0,0.2,689.0,1000.0
690.0,0.208061,5.3825529499186466E-11,690.0,3.0,0.0,5.007821563415729,0.0,?,0.0,0.2,690.0,1000.0
691.0,0.208298,5.3886841568681986E-11,691.0,3.0,0.0,5.0085338332226526,0.0,?,0.0,0.2,691.0,1000.0
692.0,0.208527,5.394608403245614E-11,692.0,3.0,0.0,5.009244044446319,0.0,?,0.0,0.2,692.0,1000.0
693.0,0.208759,5.40061025983758E-11,693.0,3.0,0.0,5.009952205998345,0.0,?,0.0,0.2,693.0,1000.0
694.0,0.208987,5.406508636143478E-11,694.0,3.0,0.0,5.009217404548779,0.0,?,0.0,0.2,694.0,1000.0
695.0,0.209215,5.412407012449376E-11,695.0,3.0,0.0,5.009896921206236,0.0,?,0.0,0.2,695.0,1000.0
696.0,0.209454,5.418589959541962E-11,696.0,3.0,0.0,5.01057448522962,0.0,?,0.0,0.2,696.0,1000.0
697.0,0.209697,5.424876386920616E-11,697.0,3.0,0.0,5.0112501050233815,0.0,?,0.0,0.2,697.0,1000.0
698.0,0.209933,5.430981723798651E-11,698.0,3.0,0.0,5.011923788943808,0.0,?,0.0,0.2,698.0,1000.0
699.0,0.210171,5.43713880081972E-11,699.0,3.0,0.0,5.012595545299369,0.0,?,0.0,0.2,699.0,1000.0
700.0,0.210401,5.4430889172686525E-11,700.0,3.0,0.0,5.013265382351058,0.0,?,0.0,0.2,700.0,1000.0
701.0,0.210639,5.449245994289722E-11,701.0,3.0,0.0,5.013933308312727,0.0,?,0.0,0.2,701.0,1000.0
702.0,0.210868,5.455170240667137E-11,702.0,3.0,0.0,5.013174829926927,0.0,?,0.0,0.2,702.0,1000.0
703.0,0.211097,5.461094487044552E-11,703.0,3.0,0.0,5.013968931977428,0.0,?,0.0,0.2,703.0,1000.0
704.0,0.211325,5.46699286335045E-11,704.0,3.0,0.0,5.014760778056194,0.0,?,0.0,0.2,704.0,1000.0
705.0,0.211559,5.473046460085451E-11,705.0,3.0,0.0,5.0155503777631045,0.0,?,0.0,0.2,705.0,1000.0
706.0,0.21179,5.4790224466059E-11,706.0,3.0,0.0,5.0163377406436505,0.0,?,0.0,0.2,706.0,1000.0
707.0,0.212018,5.484920822911798E-11,707.0,3.0,0.0,5.0171228761893145,0.0,?,0.0,0.2,707.0,1000.0
708.0,0.212252,5.4909744196467986E-11,708.0,3.0,0.0,5.017905793837958,0.0,?,0.0,0.2,708.0,1000.0
709.0,0.212482,5.496924536095731E-11,709.0,3.0,0.0,5.017276065738649,0.0,?,0.0,0.2,709.0,1000.0
710.0,0.21271,5.502822912401629E-11,710.0,3.0,0.0,5.018125944033627,0.0,?,0.0,0.2,710.0,1000.0
711.0,0.212943,5.5088506390651125E-11,711.0,3.0,0.0,5.018973431672359,0.0,?,0.0,0.2,711.0,1000.0
712.0,0.213171,5.5147490153710104E-11,712.0,3.0,0.0,5.019818538727837,0.0,?,0.0,0.2,712.0,1000.0
713.0,0.213399,5.520647391676908E-11,713.0,3.0,0.0,5.020661275216539,0.0,?,0.0,0.2,713.0,1000.0
714.0,0.213632,5.526675118340392E-11,714.0,3.0,0.0,5.021501651098831,0.0,?,0.0,0.2,714.0,1000.0
715.0,0.213861,5.532599364717807E-11,715.0,3.0,0.0,5.022339676279353,0.0,?,0.0,0.2,715.0,1000.0
716.0,0.21412,5.539299713240735E-11,716.0,3.0,0.0,5.023175360607416,0.0,?,0.0,0.2,716.0,1000.0
717.0,0.214352,5.5453015698327013E-11,717.0,3.0,0.0,5.0240087138773815,0.0,?,0.0,0.2,717.0,1000.0
718.0,0.214584,5.5513034264246677E-11,718.0,3.0,0.0,5.024839745829047,0.0,?,0.0,0.2,718.0,1000.0
719.0,0.214815,5.557279412945117E-11,719.0,3.0,0.0,5.025668466148022,0.0,?,0.0,0.2,719.0,1000.0
720.0,0.215123,5.565247394972382E-11,720.0,3.0,0.0,5.0264948844661115,0.0,?,0.0,0.2,720.0,1000.0
721.0,0.215376,5.571792523066208E-11,721.0,3.0,0.0,5.0273190103616825,0.0,?,0.0,0.2,721.0,1000.0
722.0,0.215613,5.57792373001576E-11,722.0,3.0,0.0,5.028140853360036,0.0,?,0.0,0.2,722.0,1000.0
723.0,0.215849,5.584029066893795E-11,723.0,3.0,0.0,5.028960422933773,0.0,?,0.0,0.2,723.0,1000.0
724.0,0.216084,5.590108533700312E-11,724.0,3.0,0.0,5.029777728503164,0.0,?,0.0,0.2,724.0,1000.0
725.0,0.216321,5.596239740649864E-11,725.0,3.0,0.0,5.030592779436501,0.0,?,0.0,0.2,725.0,1000.0
726.0,0.216555,5.602293337384865E-11,726.0,3.0,0.0,5.031405585050463,0.0,?,0.0,0.2,726.0,1000.0
727.0,0.216791,5.6083986742629E-11,727.0,3.0,0.0,5.032216154610466,0.0,?,0.0,0.2,727.0,1000.0
728.0,0.217022,5.614374660783349E-11,728.0,3.0,0.0,5.033024497331017,0.0,?,0.0,0.2,728.0,1000.0
729.0,0.217254,5.620376517375315E-11,729.0,3.0,0.0,5.033830622376068,0.0,?,0.0,0.2,729.0,1000.0
730.0,0.217487,5.626404244038799E-11,730.0,3.0,0.0,5.0346345388593505,0.0,?,0.0,0.2,730.0,1000.0
731.0,0.217725,5.632561321059868E-11,731.0,3.0,0.0,5.034068266788644,0.0,?,0.0,0.2,731.0,1000.0
732.0,0.217954,5.638485567437283E-11,732.0,3.0,0.0,5.035615532362248,0.0,?,0.0,0.2,732.0,1000.0
733.0,0.218187,5.644513294100767E-11,733.0,3.0,0.0,5.03715857620168,0.0,?,0.0,0.2,733.0,1000.0
734.0,0.218422,5.650592760907284E-11,734.0,3.0,0.0,5.037335017741823,0.0,?,0.0,0.2,734.0,1000.0
735.0,0.218655,5.656620487570768E-11,735.0,4.0,0.0,5.038732543063307,0.0,?,0.0,0.2,735.0,1000.0
736.0,0.218889,5.6626740843057686E-11,736.0,4.0,0.0,5.033245134716753,0.0,?,0.0,0.2,736.0,1000.0
737.0,0.219125,5.6687794211838034E-11,737.0,4.0,0.0,5.029129469676432,0.0,?,0.0,0.2,737.0,1000.0
738.0,0.219354,5.6747036675612185E-11,738.0,4.0,0.0,5.025024958199905,0.0,?,0.0,0.2,738.0,1000.0
739.0,0.219585,5.6806796540816676E-11,739.0,4.0,0.0,5.020931555008836,0.0,?,0.0,0.2,739.0,1000.0
740.0,0.219819,5.6867332508166684E-11,740.0,4.0,0.0,5.0168492150696355,0.0,?,0.0,0.2,740.0,1000.0
741.0,0.220052,5.692760977480152E-11,741.0,4.0,0.0,5.012777893591808,0.0,?,0.0,0.2,741.0,1000.0
742.0,0.220282,5.6987110939290844E-11,742.0,4.0,0.0,5.008717546026321,0.0,?,0.0,0.2,742.0,1000.0
743.0,0.220518,5.704816430807119E-11,743.0,4.0,0.0,5.004668128063971,0.0,?,0.0,0.2,743.0,1000.0
744.0,0.220748,5.7107665472560516E-11,744.0,4.0,0.0,5.000629595633777,0.0,?,0.0,0.2,744.0,1000.0
745.0,0.220978,5.716716663704984E-11,745.0,4.0,0.0,4.996601904901383,0.0,?,0.0,0.2,745.0,1000.0
746.0,0.22121,5.7227185202969504E-11,746.0,4.0,0.0,4.992585012267467,0.0,?,0.0,0.2,746.0,1000.0
747.0,0.221443,5.728746246960434E-11,747.0,4.0,0.0,4.988578874366172,0.0,?,0.0,0.2,747.0,1000.0
748.0,0.221675,5.7347481035524E-11,748.0,4.0,0.0,4.983246549667821,0.0,?,0.0,0.2,748.0,1000.0
749.0,0.22191,5.740827570358918E-11,749.0,4.0,0.0,4.985939144394567,0.0,?,0.0,0.2,749.0,1000.0
750.0,0.222141,5.746803556879367E-11,750.0,4.0,0.0,4.988624558868707,0.0,?,0.0,0.2,750.0,1000.0
751.0,0.222378,5.752934763828919E-11,751.0,4.0,0.0,4.99130282177301,0.0,?,0.0,0.2,751.0,1000.0
752.0,0.222609,5.758910750349368E-11,752.0,4.0,0.0,4.993973961637673,0.0,?,0.0,0.2,752.0,1000.0
753.0,0.222841,5.764912606941334E-11,753.0,4.0,0.0,4.995309985593002,0.0,?,0.0,0.2,753.0,1000.0
754.0,0.223076,5.7709920737478516E-11,754.0,4.0,0.0,4.997084552367193,0.0,?,0.0,0.2,754.0,1000.0
755.0,0.223316,5.777200890911955E-11,755.0,4.0,0.0,4.998854418302248,0.0,?,0.0,0.2,755.0,1000.0
756.0,0.223552,5.7833062277899895E-11,756.0,4.0,0.0,5.000619602052289,0.0,?,0.0,0.2,756.0,1000.0
757.0,0.223786,5.7893598245249903E-11,757.0,4.0,0.0,5.002380122172872,0.0,?,0.0,0.2,757.0,1000.0
758.0,0.224019,5.795387551188474E-11,758.0,4.0,0.0,5.004135997121633,0.0,?,0.0,0.2,758.0,1000.0
759.0,0.224251,5.80138940778044E-11,759.0,4.0,0.0,5.004569722202281,0.0,?,0.0,0.2,759.0,1000.0
760.0,0.224488,5.807520614729992E-11,760.0,4.0,0.0,5.006208446252015,0.0,?,0.0,0.2,760.0,1000.0
761.0,0.224723,5.81360008153651E-11,761.0,4.0,0.0,5.007842863536835,0.0,?,0.0,0.2,761.0,1000.0
762.0,0.224956,5.819627808199993E-11,762.0,4.0,0.0,5.009472991012508,0.0,?,0.0,0.2,762.0,1000.0
763.0,0.225188,5.82562966479196E-11,763.0,4.0,0.0,5.011098845545912,0.0,?,0.0,0.2,763.0,1000.0
764.0,0.225421,5.831657391455443E-11,764.0,4.0,0.0,5.012720443915617,0.0,?,0.0,0.2,764.0,1000.0
765.0,0.225653,5.83765924804741E-11,765.0,4.0,0.0,5.014337802812459,0.0,?,0.0,0.2,765.0,1000.0
766.0,0.225888,5.843738714853927E-11,766.0,4.0,0.0,5.015950938840119,0.0,?,0.0,0.2,766.0,1000.0
767.0,0.226121,5.84976644151741E-11,767.0,4.0,0.0,5.017559868515686,0.0,?,0.0,0.2,767.0,1000.0
768.0,0.226358,5.855897648466962E-11,768.0,4.0,0.0,5.019164608270223,0.0,?,0.0,0.2,768.0,1000.0
769.0,0.226591,5.861925375130445E-11,769.0,4.0,0.0,5.020765174449325,0.0,?,0.0,0.2,769.0,1000.0
770.0,0.226822,5.867901361650895E-11,770.0,4.0,0.0,5.0223615833136765,0.0,?,0.0,0.2,770.0,1000.0
771.0,0.227211,5.877964819471045E-11,771.0,4.0,0.0,5.023953851039599,0.0,?,0.0,0.2,771.0,1000.0
772.0,0.227355,5.881690109769507E-11,772.0,4.0,0.0,5.0255419937195995,0.0,?,0.0,0.2,772.0,1000.0
773.0,0.227491,5.885208439495832E-11,773.0,4.0,0.0,5.027126027362912,0.0,?,0.0,0.2,773.0,1000.0
774.0,0.227626,5.88870089915064E-11,774.0,4.0,0.0,5.0274139782319525,0.0,?,0.0,0.2,774.0,1000.0
775.0,0.22776,5.89216748873393E-11,775.0,4.0,0.0,5.03124957309875,0.0,?,0.0,0.2,775.0,1000.0
776.0,0.227894,5.89563407831722E-11,776.0,4.0,0.0,5.035075282411767,0.0,?,0.0,0.2,776.0,1000.0
777.0,0.228034,5.899255888329614E-11,777.0,4.0,0.0,5.038891144339165,0.0,?,0.0,0.2,777.0,1000.0
778.0,0.228165,5.902644867698354E-11,778.0,4.0,0.0,5.041411849809166,0.0,?,0.0,0.2,778.0,1000.0
779.0,0.228302,5.906189067496196E-11,779.0,4.0,0.0,5.0443539826506605,0.0,?,0.0,0.2,779.0,1000.0
780.0,0.228434,5.909603916936454E-11,780.0,4.0,0.0,5.047288571561793,0.0,?,0.0,0.2,780.0,1000.0
781.0,0.22857,5.913122246662778E-11,781.0,4.0,0.0,5.050215645520527,0.0,?,0.0,0.2,781.0,1000.0
782.0,0.228706,5.916640576389103E-11,782.0,4.0,0.0,5.053135233356605,0.0,?,0.0,0.2,782.0,1000.0
783.0,0.228839,5.920081295900878E-11,783.0,4.0,0.0,5.056047363752489,0.0,?,0.0,0.2,783.0,1000.0
784.0,0.228972,5.923522015412652E-11,784.0,4.0,0.0,5.058952065244301,0.0,?,0.0,0.2,784.0,1000.0
785.0,0.229105,5.926962734924427E-11,785.0,4.0,0.0,5.061849366222758,0.0,?,0.0,0.2,785.0,1000.0
786.0,0.229248,5.930662155151371E-11,786.0,4.0,0.0,5.064739294934095,0.0,?,0.0,0.2,786.0,1000.0
787.0,0.2294,5.93459440602197E-11,787.0,4.0,0.0,5.067621879480981,0.0,?,0.0,0.2,787.0,1000.0
788.0,0.229551,5.938500786821051E-11,788.0,4.0,0.0,5.069228112290439,0.0,?,0.0,0.2,788.0,1000.0
789.0,0.229702,5.942407167620132E-11,789.0,4.0,0.0,5.072580530036948,0.0,?,0.0,0.2,789.0,1000.0
790.0,0.229835,5.945847887131907E-11,790.0,4.0,0.0,5.075924460649921,0.0,?,0.0,0.2,790.0,1000.0
791.0,0.229975,5.949469697144301E-11,791.0,4.0,0.0,5.079259936318234,0.0,?,0.0,0.2,791.0,1000.0
792.0,0.230108,5.952910416656075E-11,792.0,4.0,0.0,5.082586989068194,0.0,?,0.0,0.2,792.0,1000.0
793.0,0.23024,5.956325266096332E-11,793.0,4.0,0.0,5.085905650764558,0.0,?,0.0,0.2,793.0,1000.0
794.0,0.230372,5.95974011553659E-11,794.0,4.0,0.0,5.089215953111562,0.0,?,0.0,0.2,794.0,1000.0
795.0,0.230503,5.96312909490533E-11,795.0,4.0,0.0,5.09251792765392,0.0,?,0.0,0.2,795.0,1000.0
796.0,0.230666,5.967345916562617E-11,796.0,4.0,0.0,5.095811605777829,0.0,?,0.0,0.2,796.0,1000.0
797.0,0.2308,5.970812506145907E-11,797.0,4.0,0.0,5.097842313567677,0.0,?,0.0,0.2,797.0,1000.0
798.0,0.230931,5.974201485514647E-11,798.0,4.0,0.0,5.101322461044409,0.0,?,0.0,0.2,798.0,1000.0
799.0,0.231062,5.977590464883387E-11,799.0,4.0,0.0,5.104793897263376,0.0,?,0.0,0.2,799.0,1000.0
800.0,0.231192,5.98095357418061E-11,800.0,4.0,0.0,5.107006654891798,0.0,?,0.0,0.2,800.0,1000.0
801.0,0.231329,5.984497773978452E-11,801.0,4.0,0.0,5.10978608894728,0.0,?,0.0,0.2,801.0,1000.0
802.0,0.231462,5.987938493490226E-11,802.0,4.0,0.0,5.112558591745767,0.0,?,0.0,0.2,802.0,1000.0
803.0,0.2316,5.991508563359585E-11,803.0,4.0,0.0,5.115324189182363,0.0,?,0.0,0.2,803.0,1000.0
804.0,0.231733,5.99494928287136E-11,804.0,4.0,0.0,5.118082907023347,0.0,?,0.0,0.2,804.0,1000.0
805.0,0.231865,5.998364132311617E-11,805.0,4.0,0.0,5.120834770906962,0.0,?,0.0,0.2,805.0,1000.0
806.0,0.23201,6.002115292681596E-11,806.0,4.0,0.0,5.123579806344215,0.0,?,0.0,0.2,806.0,1000.0
807.0,0.232142,6.005530142121853E-11,807.0,4.0,0.0,5.126318038719666,0.0,?,0.0,0.2,807.0,1000.0
808.0,0.232274,6.00894499156211E-11,808.0,4.0,0.0,5.129049493292207,0.0,?,0.0,0.2,808.0,1000.0
809.0,0.232403,6.012282230787816E-11,809.0,4.0,0.0,5.131774195195842,0.0,?,0.0,0.2,809.0,1000.0
810.0,0.232533,6.015645340085038E-11,810.0,4.0,0.0,5.1332576015392215,0.0,?,0.0,0.2,810.0,1000.0
811.0,0.232674,6.01929302016895E-11,811.0,4.0,0.0,5.136299207455942,0.0,?,0.0,0.2,811.0,1000.0
812.0,0.232805,6.02268199953769E-11,812.0,4.0,0.0,5.139333321732475,0.0,?,0.0,0.2,812.0,1000.0
813.0,0.232934,6.026019238763395E-11,813.0,4.0,0.0,5.142359972013248,0.0,?,0.0,0.2,813.0,1000.0
814.0,0.233065,6.029408218132135E-11,814.0,4.0,0.0,5.144150684578342,0.0,?,0.0,0.2,814.0,1000.0
815.0,0.233198,6.032848937643909E-11,815.0,4.0,0.0,5.146762434993248,0.0,?,0.0,0.2,815.0,1000.0
816.0,0.233343,6.036600098013888E-11,816.0,4.0,0.0,5.149367784059099,0.0,?,0.0,0.2,816.0,1000.0
817.0,0.233473,6.039963207311111E-11,817.0,4.0,0.0,5.1519667552814585,0.0,?,0.0,0.2,817.0,1000.0
818.0,0.233602,6.043300446536816E-11,818.0,4.0,0.0,5.154559372050952,0.0,?,0.0,0.2,818.0,1000.0
819.0,0.233738,6.046818776263141E-11,819.0,4.0,0.0,5.157145657643963,0.0,?,0.0,0.2,819.0,1000.0
820.0,0.233867,6.050156015488846E-11,820.0,4.0,0.0,5.1597256352233325,0.0,?,0.0,0.2,820.0,1000.0
821.0,0.234002,6.053648475143654E-11,821.0,4.0,0.0,5.16229932783905,0.0,?,0.0,0.2,821.0,1000.0
822.0,0.234133,6.057037454512394E-11,822.0,4.0,0.0,5.164866758428938,0.0,?,0.0,0.2,822.0,1000.0
823.0,0.234265,6.060452303952651E-11,823.0,4.0,0.0,5.167427949819336,0.0,?,0.0,0.2,823.0,1000.0
824.0,0.234395,6.063815413249874E-11,824.0,4.0,0.0,5.169982924725778,0.0,?,0.0,0.2,824.0,1000.0
825.0,0.234527,6.067230262690131E-11,825.0,4.0,0.0,5.172531705753658,0.0,?,0.0,0.2,825.0,1000.0
826.0,0.234674,6.071033163203145E-11,826.0,4.0,0.0,5.1738636616458775,0.0,?,0.0,0.2,826.0,1000.0
827.0,0.234807,6.074473882714919E-11,827.0,4.0,0.0,5.175668743876859,0.0,?,0.0,0.2,827.0,1000.0
828.0,0.234938,6.077862862083659E-11,828.0,4.0,0.0,5.178057847028994,0.0,?,0.0,0.2,828.0,1000.0
829.0,0.235071,6.081303581595433E-11,829.0,4.0,0.0,5.180441186361705,0.0,?,0.0,0.2,829.0,1000.0
830.0,0.2352,6.084640820821139E-11,830.0,4.0,0.0,5.182818782708071,0.0,?,0.0,0.2,830.0,1000.0
831.0,0.235334,6.088107410404429E-11,831.0,4.0,0.0,5.185190656800897,0.0,?,0.0,0.2,831.0,1000.0
832.0,0.235463,6.091444649630134E-11,832.0,4.0,0.0,5.187556829273306,0.0,?,0.0,0.2,832.0,1000.0
833.0,0.235596,6.094885369141909E-11,833.0,4.0,0.0,5.189917320659347,0.0,?,0.0,0.2,833.0,1000.0
834.0,0.235726,6.098248478439131E-11,834.0,4.0,0.0,5.192272151394583,0.0,?,0.0,0.2,834.0,1000.0
835.0,0.235857,6.101637457807871E-11,835.0,4.0,0.0,5.1946213418166804,0.0,?,0.0,0.2,835.0,1000.0
836.0,0.236007,6.105517968535435E-11,836.0,4.0,0.0,5.196964912165997,0.0,?,0.0,0.2,836.0,1000.0
837.0,0.236139,6.108932817975692E-11,837.0,4.0,0.0,5.1993028825861645,0.0,?,0.0,0.2,837.0,1000.0
838.0,0.23627,6.112321797344432E-11,838.0,4.0,0.0,5.20163527312466,0.0,?,0.0,0.2,838.0,1000.0
839.0,0.236403,6.115762516856207E-11,839.0,4.0,0.0,5.202770208620156,0.0,?,0.0,0.2,839.0,1000.0
840.0,0.236533,6.11912562615343E-11,840.0,4.0,0.0,5.2055050059908465,0.0,?,0.0,0.2,840.0,1000.0
841.0,0.236667,6.12259221573672E-11,841.0,4.0,0.0,5.208233299681702,0.0,?,0.0,0.2,841.0,1000.0
842.0,0.236798,6.12598119510546E-11,842.0,4.0,0.0,5.2097674644089205,0.0,?,0.0,0.2,842.0,1000.0
843.0,0.23693,6.129396044545717E-11,843.0,4.0,0.0,5.212128357096454,0.0,?,0.0,0.2,843.0,1000.0
844.0,0.237061,6.132785023914457E-11,844.0,4.0,0.0,5.214483655251553,0.0,?,0.0,0.2,844.0,1000.0
845.0,0.237195,6.136251613497747E-11,845.0,4.0,0.0,5.216833378736462,0.0,?,0.0,0.2,845.0,1000.0
846.0,0.237326,6.139640592866487E-11,846.0,4.0,0.0,5.217995514222589,0.0,?,0.0,0.2,846.0,1000.0
847.0,0.237457,6.143029572235227E-11,847.0,4.0,0.0,5.220099415622562,0.0,?,0.0,0.2,847.0,1000.0
848.0,0.237589,6.146444421675484E-11,848.0,4.0,0.0,5.222198354990931,0.0,?,0.0,0.2,848.0,1000.0
849.0,0.23772,6.149833401044224E-11,849.0,4.0,0.0,5.224292349861378,0.0,?,0.0,0.2,849.0,1000.0
850.0,0.237852,6.153248250484481E-11,850.0,4.0,0.0,5.2263814176850705,0.0,?,0.0,0.2,850.0,1000.0
851.0,0.237987,6.156740710139289E-11,851.0,4.0,0.0,5.228465575831152,0.0,?,0.0,0.2,851.0,1000.0
852.0,0.238118,6.160129689508029E-11,852.0,4.0,0.0,5.230544841587219,0.0,?,0.0,0.2,852.0,1000.0
853.0,0.238256,6.163699759377388E-11,853.0,4.0,0.0,5.2326192321598,0.0,?,0.0,0.2,853.0,1000.0
854.0,0.238388,6.167114608817645E-11,854.0,4.0,0.0,5.234688764674837,0.0,?,0.0,0.2,854.0,1000.0
855.0,0.238535,6.170917509330659E-11,855.0,4.0,0.0,5.235583865534865,0.0,?,0.0,0.2,855.0,1000.0
856.0,0.238667,6.174332358770916E-11,856.0,4.0,0.0,5.237782537489642,0.0,?,0.0,0.2,856.0,1000.0
857.0,0.238799,6.177747208211173E-11,857.0,4.0,0.0,5.239976078354675,0.0,?,0.0,0.2,857.0,1000.0
858.0,0.238931,6.18116205765143E-11,858.0,4.0,0.0,5.242164506070839,0.0,?,0.0,0.2,858.0,1000.0
859.0,0.239062,6.18455103702017E-11,859.0,4.0,0.0,5.2443478384954645,0.0,?,0.0,0.2,859.0,1000.0
860.0,0.239195,6.187991756531945E-11,860.0,4.0,0.0,5.246526093402823,0.0,?,0.0,0.2,860.0,1000.0
861.0,0.23933,6.191484216186752E-11,861.0,4.0,0.0,5.2486992884846115,0.0,?,0.0,0.2,861.0,1000.0
862.0,0.239464,6.194950805770043E-11,862.0,4.0,0.0,5.250867441350434,0.0,?,0.0,0.2,862.0,1000.0
863.0,0.239595,6.198339785138783E-11,863.0,4.0,0.0,5.253030569528271,0.0,?,0.0,0.2,863.0,1000.0
864.0,0.239736,6.201987465222694E-11,864.0,4.0,0.0,5.2540312830575475,0.0,?,0.0,0.2,864.0,1000.0
865.0,0.239867,6.205376444591434E-11,865.0,4.0,0.0,5.255150578940975,0.0,?,0.0,0.2,865.0,1000.0
866.0,0.24,6.208817164103208E-11,866.0,4.0,0.0,5.255889131207908,0.0,?,0.0,0.2,866.0,1000.0
867.0,0.240132,6.212232013543465E-11,867.0,4.0,0.0,5.257439432094635,0.0,?,0.0,0.2,867.0,1000.0
868.0,0.240263,6.215620992912205E-11,868.0,4.0,0.0,5.258986160859504,0.0,?,0.0,0.2,868.0,1000.0
869.0,0.240402,6.219216932853082E-11,869.0,4.0,0.0,5.259378581848158,0.0,?,0.0,0.2,869.0,1000.0
870.0,0.240529,6.222502431935753E-11,870.0,4.0,0.0,5.260722481671978,0.0,?,0.0,0.2,870.0,1000.0
871.0,0.240656,6.225787931018424E-11,871.0,4.0,0.0,5.262063295617902,0.0,?,0.0,0.2,871.0,1000.0
872.0,0.240781,6.229021689958061E-11,872.0,4.0,0.0,5.263401034302482,0.0,?,0.0,0.2,872.0,1000.0
873.0,0.240903,6.232177838683147E-11,873.0,4.0,0.0,5.263590232921347,0.0,?,0.0,0.2,873.0,1000.0
874.0,0.24103,6.235463337765818E-11,874.0,4.0,0.0,5.264796859449105,0.0,?,0.0,0.2,874.0,1000.0
875.0,0.241153,6.238645356562421E-11,875.0,4.0,0.0,5.266000727973371,0.0,?,0.0,0.2,875.0,1000.0
876.0,0.241278,6.241879115502058E-11,876.0,4.0,0.0,5.267201847939362,0.0,?,0.0,0.2,876.0,1000.0
877.0,0.241402,6.245087004370179E-11,877.0,4.0,0.0,5.2684002287492175,0.0,?,0.0,0.2,877.0,1000.0
878.0,0.241526,6.248294893238299E-11,878.0,4.0,0.0,5.269595879762239,0.0,?,0.0,0.2,878.0,1000.0
879.0,0.241652,6.251554522249453E-11,879.0,4.0,0.0,5.27078881029514,0.0,?,0.0,0.2,879.0,1000.0
880.0,0.241776,6.254762411117573E-11,880.0,4.0,0.0,5.271979029622284,0.0,?,0.0,0.2,880.0,1000.0
881.0,0.241901,6.25799617005721E-11,881.0,4.0,0.0,5.273166546975927,0.0,?,0.0,0.2,881.0,1000.0
882.0,0.242026,6.261229928996848E-11,882.0,4.0,0.0,5.274351371546455,0.0,?,0.0,0.2,882.0,1000.0
883.0,0.242148,6.264386077721934E-11,883.0,4.0,0.0,5.275533512482623,0.0,?,0.0,0.2,883.0,1000.0
884.0,0.242273,6.267619836661571E-11,884.0,4.0,0.0,5.276712978891784,0.0,?,0.0,0.2,884.0,1000.0
885.0,0.242397,6.270827725529692E-11,885.0,4.0,0.0,5.277889779840135,0.0,?,0.0,0.2,885.0,1000.0
886.0,0.242519,6.273983874254778E-11,886.0,4.0,0.0,5.279063924352936,0.0,?,0.0,0.2,886.0,1000.0
887.0,0.242643,6.277191763122898E-11,887.0,4.0,0.0,5.279108025698854,0.0,?,0.0,0.2,887.0,1000.0
888.0,0.242775,6.280606612563155E-11,888.0,4.0,0.0,5.2795281449413585,0.0,?,0.0,0.2,888.0,1000.0
889.0,0.242902,6.283892111645826E-11,889.0,4.0,0.0,5.280807265888182,0.0,?,0.0,0.2,889.0,1000.0
890.0,0.243038,6.287410441372151E-11,890.0,4.0,0.0,5.282083512405911,0.0,?,0.0,0.2,890.0,1000.0
891.0,0.243189,6.291316822171232E-11,891.0,4.0,0.0,5.2833568941727584,0.0,?,0.0,0.2,891.0,1000.0
892.0,0.243337,6.295145592755763E-11,892.0,4.0,0.0,5.284627420823536,0.0,?,0.0,0.2,892.0,1000.0
893.0,0.243462,6.2983793516954E-11,893.0,4.0,0.0,5.285895101949901,0.0,?,0.0,0.2,893.0,1000.0
894.0,0.243586,6.301587240563521E-11,894.0,4.0,0.0,5.286041378867929,0.0,?,0.0,0.2,894.0,1000.0
895.0,0.243709,6.304769259360124E-11,895.0,4.0,0.0,5.287286025371986,0.0,?,0.0,0.2,895.0,1000.0
896.0,0.243835,6.308028888371277E-11,896.0,4.0,0.0,5.28741182221867,0.0,?,0.0,0.2,896.0,1000.0
897.0,0.243963,6.311340257525465E-11,897.0,4.0,0.0,5.288463502718726,0.0,?,0.0,0.2,897.0,1000.0
898.0,0.244086,6.314522276322069E-11,898.0,4.0,0.0,5.289512840945954,0.0,?,0.0,0.2,898.0,1000.0
899.0,0.24421,6.317730165190189E-11,899.0,4.0,0.0,5.290559844716614,0.0,?,0.0,0.2,899.0,1000.0
900.0,0.244333,6.320912183986792E-11,900.0,4.0,0.0,5.2916045218122285,0.0,?,0.0,0.2,900.0,1000.0
901.0,0.24446,6.324197683069463E-11,901.0,4.0,0.0,5.292646879979773,0.0,?,0.0,0.2,901.0,1000.0
902.0,0.244583,6.327379701866066E-11,902.0,4.0,0.0,5.293686926931867,0.0,?,0.0,0.2,902.0,1000.0
903.0,0.244708,6.330613460805703E-11,903.0,4.0,0.0,5.29472467034697,0.0,?,0.0,0.2,903.0,1000.0
904.0,0.244836,6.333924829959891E-11,904.0,4.0,0.0,5.295760117869562,0.0,?,0.0,0.2,904.0,1000.0
905.0,0.244962,6.337184458971045E-11,905.0,4.0,0.0,5.296793277110335,0.0,?,0.0,0.2,905.0,1000.0
906.0,0.245093,6.340573438339785E-11,906.0,4.0,0.0,5.296720402887001,0.0,?,0.0,0.2,906.0,1000.0
907.0,0.245235,6.344246988495212E-11,907.0,4.0,0.0,5.296801604615207,0.0,?,0.0,0.2,907.0,1000.0
908.0,0.245363,6.3475583576494E-11,908.0,4.0,0.0,5.297772716756128,0.0,?,0.0,0.2,908.0,1000.0
909.0,0.245503,6.351180167661794E-11,909.0,4.0,0.0,5.297641582225673,0.0,?,0.0,0.2,909.0,1000.0
910.0,0.245608,6.353896525171089E-11,910.0,4.0,0.0,5.297352396705227,0.0,?,0.0,0.2,910.0,1000.0
911.0,0.245718,6.35674223303797E-11,911.0,4.0,0.0,5.296879635201343,0.0,?,0.0,0.2,911.0,1000.0
912.0,0.245826,6.359536200761817E-11,912.0,5.0,0.0,5.297332264350635,0.0,?,0.0,0.2,912.0,1000.0
913.0,0.245935,6.362356038557181E-11,913.0,5.0,0.0,5.2926254382122435,0.0,?,0.0,0.2,913.0,1000.0
914.0,0.246039,6.365046525994958E-11,914.0,5.0,0.0,5.289023003378314,0.0,?,0.0,0.2,914.0,1000.0
915.0,0.246145,6.36778875357577E-11,915.0,5.0,0.0,5.285428442718884,0.0,?,0.0,0.2,915.0,1000.0
916.0,0.24625,6.370505111085065E-11,916.0,5.0,0.0,5.281841730445174,0.0,?,0.0,0.2,916.0,1000.0
917.0,0.246356,6.373247338665877E-11,917.0,5.0,0.0,5.277172328339999,0.0,?,0.0,0.2,917.0,1000.0
918.0,0.246462,6.37598956624669E-11,918.0,5.0,0.0,5.274691748461633,0.0,?,0.0,0.2,918.0,1000.0
919.0,0.246568,6.378731793827502E-11,919.0,5.0,0.0,5.272216567016081,0.0,?,0.0,0.2,919.0,1000.0
920.0,0.2467,6.382146643267759E-11,920.0,5.0,0.0,5.269746766399759,0.0,?,0.0,0.2,920.0,1000.0
921.0,0.246833,6.385587362779533E-11,921.0,5.0,0.0,5.267282329085536,0.0,?,0.0,0.2,921.0,1000.0
922.0,0.246949,6.388588291075517E-11,922.0,5.0,0.0,5.263738638923838,0.0,?,0.0,0.2,922.0,1000.0
923.0,0.247074,6.391822050015154E-11,923.0,5.0,0.0,5.2609249098098,0.0,?,0.0,0.2,923.0,1000.0
924.0,0.247198,6.395029938883275E-11,924.0,5.0,0.0,5.25847802137927,0.0,?,0.0,0.2,924.0,1000.0
925.0,0.247321,6.398211957679878E-11,925.0,5.0,0.0,5.25603642351832,0.0,?,0.0,0.2,925.0,1000.0
926.0,0.24745,6.401549196905583E-11,926.0,5.0,0.0,5.253600099086874,0.0,?,0.0,0.2,926.0,1000.0
927.0,0.247558,6.40434316462943E-11,927.0,5.0,0.0,5.2511690310188195,0.0,?,0.0,0.2,927.0,1000.0
928.0,0.247665,6.407111262281759E-11,928.0,5.0,0.0,5.2487432023216005,0.0,?,0.0,0.2,928.0,1000.0
929.0,0.24778,6.410086320506225E-11,929.0,5.0,0.0,5.24632259607583,0.0,?,0.0,0.2,929.0,1000.0
930.0,0.247893,6.413009638587657E-11,930.0,5.0,0.0,5.243907195434888,0.0,?,0.0,0.2,930.0,1000.0
931.0,0.248002,6.415829476383021E-11,931.0,5.0,0.0,5.241496983624539,0.0,?,0.0,0.2,931.0,1000.0
932.0,0.248106,6.418519963820798E-11,932.0,5.0,0.0,5.238018982569148,0.0,?,0.0,0.2,932.0,1000.0
933.0,0.248213,6.421288061473128E-11,933.0,5.0,0.0,5.236906422030488,0.0,?,0.0,0.2,933.0,1000.0
934.0,0.248317,6.423978548910905E-11,934.0,5.0,0.0,5.235796243848442,0.0,?,0.0,0.2,934.0,1000.0
935.0,0.248424,6.426746646563235E-11,935.0,5.0,0.0,5.234688440379085,0.0,?,0.0,0.2,935.0,1000.0
936.0,0.24853,6.429488874144047E-11,936.0,5.0,0.0,5.233583004011159,0.0,?,0.0,0.2,936.0,1000.0
937.0,0.248642,6.432386322153961E-11,937.0,5.0,0.0,5.232479927165897,0.0,?,0.0,0.2,937.0,1000.0
938.0,0.248767,6.435620081093599E-11,938.0,5.0,0.0,5.231379202296849,0.0,?,0.0,0.2,938.0,1000.0
939.0,0.248897,6.438983190390822E-11,939.0,5.0,0.0,5.230280821889717,0.0,?,0.0,0.2,939.0,1000.0
940.0,0.249021,6.442191079258942E-11,940.0,5.0,0.0,5.229184778462175,0.0,?,0.0,0.2,940.0,1000.0
941.0,0.249144,6.445373098055545E-11,941.0,5.0,0.0,5.228091064563703,0.0,?,0.0,0.2,941.0,1000.0
942.0,0.249249,6.44808945556484E-11,942.0,5.0,0.0,5.226999672775418,0.0,?,0.0,0.2,942.0,1000.0
943.0,0.249354,6.450805813074135E-11,943.0,5.0,0.0,5.224850150322846,0.0,?,0.0,0.2,943.0,1000.0
944.0,0.24946,6.453548040654947E-11,944.0,5.0,0.0,5.224965068948916,0.0,?,0.0,0.2,944.0,1000.0
945.0,0.249565,6.456264398164242E-11,945.0,5.0,0.0,5.225079744360963,0.0,?,0.0,0.2,945.0,1000.0
946.0,0.249671,6.459006625745054E-11,946.0,5.0,0.0,5.225194177330278,0.0,?,0.0,0.2,946.0,1000.0
947.0,0.249778,6.461774723397383E-11,947.0,5.0,0.0,5.225308368624895,0.0,?,0.0,0.2,947.0,1000.0
948.0,0.249882,6.46446521083516E-11,948.0,5.0,0.0,5.225422319009608,0.0,?,0.0,0.2,948.0,1000.0
949.0,0.249988,6.467207438415973E-11,949.0,5.0,0.0,5.224482288466219,0.0,?,0.0,0.2,949.0,1000.0
950.0,0.250095,6.469975536068302E-11,950.0,5.0,0.0,5.224697119140014,0.0,?,0.0,0.2,950.0,1000.0
951.0,0.250206,6.472847114006699E-11,951.0,5.0,0.0,5.224911498014285,0.0,?,0.0,0.2,951.0,1000.0
952.0,0.250312,6.475589341587511E-11,952.0,5.0,0.0,5.225125426512769,0.0,?,0.0,0.2,952.0,1000.0
953.0,0.250435,6.478771360384114E-11,953.0,5.0,0.0,5.224289588109893,0.0,?,0.0,0.2,953.0,1000.0
954.0,0.250562,6.482056859466785E-11,954.0,5.0,0.0,5.223268320197828,0.0,?,0.0,0.2,954.0,1000.0
955.0,0.250689,6.485342358549456E-11,955.0,5.0,0.0,5.221754717535608,0.0,?,0.0,0.2,955.0,1000.0
956.0,0.250813,6.488550247417576E-11,956.0,5.0,0.0,5.22089514147124,0.0,?,0.0,0.2,956.0,1000.0
957.0,0.250946,6.491990966929351E-11,957.0,5.0,0.0,5.2200373618040805,0.0,?,0.0,0.2,957.0,1000.0
958.0,0.251075,6.495328206155056E-11,958.0,5.0,0.0,5.219181372908668,0.0,?,0.0,0.2,958.0,1000.0
959.0,0.25118,6.498044563664351E-11,959.0,5.0,0.0,5.217284416315437,0.0,?,0.0,0.2,959.0,1000.0
960.0,0.251285,6.500760921173646E-11,960.0,5.0,0.0,5.215353532927229,0.0,?,0.0,0.2,960.0,1000.0
961.0,0.251399,6.503710109326595E-11,961.0,5.0,0.0,5.214175572261679,0.0,?,0.0,0.2,961.0,1000.0
962.0,0.251506,6.506478206978924E-11,962.0,5.0,0.0,5.213000060578801,0.0,?,0.0,0.2,962.0,1000.0
963.0,0.25161,6.509168694416702E-11,963.0,5.0,0.0,5.2118269902493655,0.0,?,0.0,0.2,963.0,1000.0
964.0,0.251715,6.511885051925997E-11,964.0,5.0,0.0,5.210656353675801,0.0,?,0.0,0.2,964.0,1000.0
965.0,0.251821,6.514627279506809E-11,965.0,5.0,0.0,5.209488143292026,0.0,?,0.0,0.2,965.0,1000.0
966.0,0.251926,6.517343637016104E-11,966.0,5.0,0.0,5.207287154875919,0.0,?,0.0,0.2,966.0,1000.0
967.0,0.252031,6.520059994525398E-11,967.0,5.0,0.0,5.20627731214158,0.0,?,0.0,0.2,967.0,1000.0
968.0,0.252138,6.522828092177728E-11,968.0,5.0,0.0,5.205269555859171,0.0,?,0.0,0.2,968.0,1000.0
969.0,0.252244,6.52557031975854E-11,969.0,5.0,0.0,5.203231887825022,0.0,?,0.0,0.2,969.0,1000.0
970.0,0.252365,6.528700598412108E-11,970.0,5.0,0.0,5.202138717984849,0.0,?,0.0,0.2,970.0,1000.0
971.0,0.252493,6.532011967566297E-11,971.0,5.0,0.0,5.201047799781834,0.0,?,0.0,0.2,971.0,1000.0
972.0,0.252619,6.53527159657745E-11,972.0,5.0,0.0,5.198930319682117,0.0,?,0.0,0.2,972.0,1000.0
973.0,0.252745,6.538531225588604E-11,973.0,5.0,0.0,5.197766636585492,0.0,?,0.0,0.2,973.0,1000.0
974.0,0.25285,6.541247583097898E-11,974.0,5.0,0.0,5.196605342981879,0.0,?,0.0,0.2,974.0,1000.0
975.0,0.252957,6.544015680750228E-11,975.0,5.0,0.0,5.195446431518992,0.0,?,0.0,0.2,975.0,1000.0
976.0,0.253064,6.546783778402557E-11,976.0,5.0,0.0,5.193265304710741,0.0,?,0.0,0.2,976.0,1000.0
977.0,0.253169,6.549500135911852E-11,977.0,5.0,0.0,5.192107919547271,0.0,?,0.0,0.2,977.0,1000.0
978.0,0.253276,6.552268233564181E-11,978.0,5.0,0.0,5.190952901224626,0.0,?,0.0,0.2,978.0,1000.0
979.0,0.25338,6.554958721001959E-11,979.0,5.0,0.0,5.189800242489973,0.0,?,0.0,0.2,979.0,1000.0
980.0,0.253488,6.557752688725806E-11,980.0,5.0,0.0,5.188649936120085,0.0,?,0.0,0.2,980.0,1000.0
981.0,0.253596,6.560546656449652E-11,981.0,5.0,0.0,5.187501974921187,0.0,?,0.0,0.2,981.0,1000.0
982.0,0.253705,6.563366494245016E-11,982.0,5.0,0.0,5.1863563517288025,0.0,?,0.0,0.2,982.0,1000.0
983.0,0.253811,6.566108721825828E-11,983.0,5.0,0.0,5.185213059407613,0.0,?,0.0,0.2,983.0,1000.0
984.0,0.253918,6.568876819478158E-11,984.0,5.0,0.0,5.184072090851305,0.0,?,0.0,0.2,984.0,1000.0
985.0,0.254032,6.571826007631107E-11,985.0,5.0,0.0,5.18293343898242,0.0,?,0.0,0.2,985.0,1000.0
986.0,0.254161,6.575163246856812E-11,986.0,5.0,0.0,5.180782897969253,0.0,?,0.0,0.2,986.0,1000.0
987.0,0.254291,6.578526356154035E-11,987.0,5.0,0.0,5.180003750864809,0.0,?,0.0,0.2,987.0,1000.0
988.0,0.254425,6.581992945737325E-11,988.0,5.0,0.0,5.179226180981223,0.0,?,0.0,0.2,988.0,1000.0
989.0,0.254541,6.584993874033309E-11,989.0,5.0,0.0,5.178450183534206,0.0,?,0.0,0.2,989.0,1000.0
990.0,0.254648,6.587761971685638E-11,990.0,5.0,0.0,5.1776757537588,0.0,?,0.0,0.2,990.0,1000.0
991.0,0.254757,6.590581809481002E-11,991.0,5.0,0.0,5.176902886909277,0.0,?,0.0,0.2,991.0,1000.0
992.0,0.254865,6.593375777204848E-11,992.0,5.0,0.0,5.1751235137429195,0.0,?,0.0,0.2,992.0,1000.0
993.0,0.254972,6.596143874857178E-11,993.0,5.0,0.0,5.174443631050328,0.0,?,0.0,0.2,993.0,1000.0
994.0,0.255078,6.59888610243799E-11,994.0,5.0,0.0,5.173765116330961,0.0,?,0.0,0.2,994.0,1000.0
995.0,0.255183,6.601602459947285E-11,995.0,5.0,0.0,5.173087965460277,0.0,?,0.0,0.2,995.0,1000.0
996.0,0.25529,6.604370557599614E-11,996.0,5.0,0.0,5.17140815826604,0.0,?,0.0,0.2,996.0,1000.0
997.0,0.255393,6.607035174965874E-11,997.0,5.0,0.0,5.1707083348480465,0.0,?,0.0,0.2,997.0,1000.0
998.0,0.2555,6.609803272618204E-11,998.0,5.0,0.0,5.170009913881793,0.0,?,0.0,0.2,998.0,1000.0
999.0,0.255605,6.612519630127499E-11,999.0,5.0,0.0,5.168311890154711,0.0,?,0.0,0.2,999.0,1000.0
1000.0,0.255712,6.615287727779828E-11,1000.0,5.0,0.0,5.167543578264556,0.0,?,0.0,0.2,1000.0,1000.0
1001.0,0.255838,6.618547356790982E-11,1001.0,5.0,0.0,5.165777800464091,0.0,?,0.0,0.2,1001.0,1000.0
1002.0,0.255971,6.621988076302756E-11,1002.0,5.0,0.0,5.164899493563143,0.0,?,0.0,0.2,1002.0,1000.0
1003.0,0.256096,6.625221835242394E-11,1003.0,5.0,0.0,5.164022938021919,0.0,?,0.0,0.2,1003.0,1000.0
1004.0,0.256225,6.628559074468099E-11,1004.0,5.0,0.0,5.16314812860727,0.0,?,0.0,0.2,1004.0,1000.0
1005.0,0.256337,6.631456522478013E-11,1005.0,5.0,0.0,5.16227506010688,0.0,?,0.0,0.2,1005.0,1000.0
1006.0,0.256442,6.634172879987308E-11,1006.0,5.0,0.0,5.161403727329153,0.0,?,0.0,0.2,1006.0,1000.0
1007.0,0.256548,6.63691510756812E-11,1007.0,5.0,0.0,5.160534125103121,0.0,?,0.0,0.2,1007.0,1000.0
1008.0,0.256654,6.639657335148932E-11,1008.0,5.0,0.0,5.158674184786268,0.0,?,0.0,0.2,1008.0,1000.0
1009.0,0.256759,6.642373692658227E-11,1009.0,5.0,0.0,5.15793128758538,0.0,?,0.0,0.2,1009.0,1000.0
1010.0,0.256864,6.645090050167522E-11,1010.0,5.0,0.0,5.157189861468059,0.0,?,0.0,0.2,1010.0,1000.0
1011.0,0.256972,6.647884017891369E-11,1011.0,5.0,0.0,5.156449902069071,0.0,?,0.0,0.2,1011.0,1000.0
1012.0,0.257078,6.650626245472181E-11,1012.0,5.0,0.0,5.155711405040437,0.0,?,0.0,0.2,1012.0,1000.0
1013.0,0.257185,6.65339434312451E-11,1013.0,5.0,0.0,5.154974366051345,0.0,?,0.0,0.2,1013.0,1000.0
1014.0,0.25729,6.656110700633805E-11,1014.0,5.0,0.0,5.153252587494185,0.0,?,0.0,0.2,1014.0,1000.0
1015.0,0.257395,6.6588270581431E-11,1015.0,5.0,0.0,5.152587571023319,0.0,?,0.0,0.2,1015.0,1000.0
1016.0,0.257512,6.661853856510601E-11,1016.0,5.0,0.0,5.151923863639994,0.0,?,0.0,0.2,1016.0,1000.0
1017.0,0.257638,6.665113485521754E-11,1017.0,5.0,0.0,5.15027817731347,0.0,?,0.0,0.2,1017.0,1000.0
1018.0,0.257766,6.668424854675942E-11,1018.0,5.0,0.0,5.149557537322658,0.0,?,0.0,0.2,1018.0,1000.0
1019.0,0.257893,6.671710353758613E-11,1019.0,5.0,0.0,5.148838311738109,0.0,?,0.0,0.2,1019.0,1000.0
1020.0,0.258012,6.674788892269147E-11,1020.0,5.0,0.0,5.1481204963998035,0.0,?,0.0,0.2,1020.0,1000.0
1021.0,0.258126,6.677738080422096E-11,1021.0,5.0,0.0,5.146424655234541,0.0,?,0.0,0.2,1021.0,1000.0
1022.0,0.258232,6.680480308002908E-11,1022.0,5.0,0.0,5.144715824847815,0.0,?,0.0,0.2,1022.0,1000.0
1023.0,0.258343,6.683351885941305E-11,1023.0,5.0,0.0,5.14386002322942,0.0,?,0.0,0.2,1023.0,1000.0
1024.0,0.258457,6.686301074094254E-11,1024.0,5.0,0.0,5.143005893098562,0.0,?,0.0,0.2,1024.0,1000.0
1025.0,0.25857,6.689224392175686E-11,1025.0,5.0,0.0,5.141177819806983,0.0,?,0.0,0.2,1025.0,1000.0
1026.0,0.258682,6.6921218401856E-11,1026.0,5.0,0.0,5.140282151583217,0.0,?,0.0,0.2,1026.0,1000.0
1027.0,0.25879,6.694915807909447E-11,1027.0,5.0,0.0,5.1393882276013665,0.0,?,0.0,0.2,1027.0,1000.0
1028.0,0.258899,6.697735645704811E-11,1028.0,5.0,0.0,5.138496042771231,0.0,?,0.0,0.2,1028.0,1000.0
1029.0,0.25901,6.700607223643208E-11,1029.0,5.0,0.0,5.137605592022399,0.0,?,0.0,0.2,1029.0,1000.0
1030.0,0.259117,6.703375321295538E-11,1030.0,5.0,0.0,5.136716870304147,0.0,?,0.0,0.2,1030.0,1000.0
1031.0,0.259229,6.706272769305452E-11,1031.0,5.0,0.0,5.135829872585348,0.0,?,0.0,0.2,1031.0,1000.0
1032.0,0.259356,6.709558268388123E-11,1032.0,5.0,0.0,5.1339756016063145,0.0,?,0.0,0.2,1032.0,1000.0
1033.0,0.259482,6.712817897399276E-11,1033.0,5.0,0.0,5.133189012032086,0.0,?,0.0,0.2,1033.0,1000.0
1034.0,0.25961,6.716129266553464E-11,1034.0,5.0,0.0,5.132403943907711,0.0,?,0.0,0.2,1034.0,1000.0
1035.0,0.259733,6.719311285350068E-11,1035.0,5.0,0.0,5.13162039282319,0.0,?,0.0,0.2,1035.0,1000.0
1036.0,0.259837,6.722001772787845E-11,1036.0,5.0,0.0,5.129873103420299,0.0,?,0.0,0.2,1036.0,1000.0
1037.0,0.259943,6.724744000368657E-11,1037.0,5.0,0.0,5.129082815786901,0.0,?,0.0,0.2,1037.0,1000.0
1038.0,0.260049,6.727486227949469E-11,1038.0,5.0,0.0,5.127330659728904,0.0,?,0.0,0.2,1038.0,1000.0
1039.0,0.260156,6.730254325601799E-11,1039.0,5.0,0.0,5.126470219568755,0.0,?,0.0,0.2,1039.0,1000.0
1040.0,0.260262,6.732996553182611E-11,1040.0,5.0,0.0,5.12561143410122,0.0,?,0.0,0.2,1040.0,1000.0
1041.0,0.26037,6.735790520906457E-11,1041.0,5.0,0.0,5.124754298557735,0.0,?,0.0,0.2,1041.0,1000.0
1042.0,0.260476,6.73853274848727E-11,1042.0,5.0,0.0,5.123898808188039,0.0,?,0.0,0.2,1042.0,1000.0
1043.0,0.260583,6.741300846139599E-11,1043.0,5.0,0.0,5.1230449582600865,0.0,?,0.0,0.2,1043.0,1000.0
1044.0,0.260686,6.743965463505859E-11,1044.0,5.0,0.0,5.122192744059965,0.0,?,0.0,0.2,1044.0,1000.0
1045.0,0.260797,6.746837041444256E-11,1045.0,5.0,0.0,5.121342160891806,0.0,?,0.0,0.2,1045.0,1000.0
1046.0,0.260902,6.749553398953551E-11,1046.0,5.0,0.0,5.120493204077697,0.0,?,0.0,0.2,1046.0,1000.0
1047.0,0.261023,6.75268367760712E-11,1047.0,5.0,0.0,5.119645868957597,0.0,?,0.0,0.2,1047.0,1000.0
1048.0,0.261149,6.755943306618273E-11,1048.0,5.0,0.0,5.117845952415971,0.0,?,0.0,0.2,1048.0,1000.0
1049.0,0.261276,6.759228805700944E-11,1049.0,6.0,0.0,5.117180088627881,0.0,?,0.0,0.2,1049.0,1000.0
1050.0,0.261403,6.762514304783615E-11,1050.0,6.0,0.0,5.112306583781569,0.0,?,0.0,0.2,1050.0,1000.0
1051.0,0.261522,6.765592843294149E-11,1051.0,6.0,0.0,5.108393827755135,0.0,?,0.0,0.2,1051.0,1000.0
1052.0,0.261627,6.768309200803444E-11,1052.0,6.0,0.0,5.105439080770577,0.0,?,0.0,0.2,1052.0,1000.0
1053.0,0.261732,6.771025558312739E-11,1053.0,6.0,0.0,5.102489945841071,0.0,?,0.0,0.2,1053.0,1000.0
1054.0,0.261839,6.773793655965068E-11,1054.0,6.0,0.0,5.099546406993023,0.0,?,0.0,0.2,1054.0,1000.0
1055.0,0.261946,6.776561753617397E-11,1055.0,6.0,0.0,5.096608448313409,0.0,?,0.0,0.2,1055.0,1000.0
1056.0,0.262051,6.779278111126692E-11,1056.0,6.0,0.0,5.093676053949476,0.0,?,0.0,0.2,1056.0,1000.0
1057.0,0.262158,6.782046208779022E-11,1057.0,6.0,0.0,5.090749208108464,0.0,?,0.0,0.2,1057.0,1000.0
1058.0,0.262265,6.784814306431351E-11,1058.0,6.0,0.0,5.087827895057322,0.0,?,0.0,0.2,1058.0,1000.0
1059.0,0.26237,6.787530663940646E-11,1059.0,6.0,0.0,5.084912099122424,0.0,?,0.0,0.2,1059.0,1000.0
1060.0,0.262476,6.790272891521458E-11,1060.0,6.0,0.0,5.082001804689289,0.0,?,0.0,0.2,1060.0,1000.0
1061.0,0.262583,6.793040989173787E-11,1061.0,6.0,0.0,5.079096996202306,0.0,?,0.0,0.2,1061.0,1000.0
1062.0,0.262694,6.795912567112185E-11,1062.0,6.0,0.0,5.075256038578764,0.0,?,0.0,0.2,1062.0,1000.0
1063.0,0.262821,6.799198066194855E-11,1063.0,6.0,0.0,5.074871664757586,0.0,?,0.0,0.2,1063.0,1000.0
1064.0,0.262947,6.802457695206009E-11,1064.0,6.0,0.0,5.074488013443591,0.0,?,0.0,0.2,1064.0,1000.0
1065.0,0.263078,6.805846674574749E-11,1065.0,6.0,0.0,5.074105082601547,0.0,?,0.0,0.2,1065.0,1000.0
1066.0,0.263204,6.809106303585902E-11,1066.0,6.0,0.0,5.07372287020386,0.0,?,0.0,0.2,1066.0,1000.0
1067.0,0.263309,6.811822661095197E-11,1067.0,6.0,0.0,5.073341374230536,0.0,?,0.0,0.2,1067.0,1000.0
1068.0,0.263416,6.814590758747527E-11,1068.0,6.0,0.0,5.072960592669147,0.0,?,0.0,0.2,1068.0,1000.0
1069.0,0.263521,6.817307116256821E-11,1069.0,6.0,0.0,5.072580523514795,0.0,?,0.0,0.2,1069.0,1000.0
1070.0,0.263629,6.820101083980668E-11,1070.0,6.0,0.0,5.072201164770077,0.0,?,0.0,0.2,1070.0,1000.0
1071.0,0.263739,6.822946791847549E-11,1071.0,6.0,0.0,5.071822514445051,0.0,?,0.0,0.2,1071.0,1000.0
1072.0,0.263845,6.825689019428361E-11,1072.0,6.0,0.0,5.071444570557198,0.0,?,0.0,0.2,1072.0,1000.0
1073.0,0.263949,6.828379506866139E-11,1073.0,6.0,0.0,5.071067331131392,0.0,?,0.0,0.2,1073.0,1000.0
1074.0,0.264054,6.831095864375434E-11,1074.0,6.0,0.0,5.070690794199861,0.0,?,0.0,0.2,1074.0,1000.0
1075.0,0.26416,6.833838091956246E-11,1075.0,6.0,0.0,5.070314957802156,0.0,?,0.0,0.2,1075.0,1000.0
1076.0,0.264266,6.836580319537058E-11,1076.0,6.0,0.0,5.069939819985116,0.0,?,0.0,0.2,1076.0,1000.0
1077.0,0.264373,6.839348417189387E-11,1077.0,6.0,0.0,5.069565378802833,0.0,?,0.0,0.2,1077.0,1000.0
1078.0,0.2645,6.842633916272058E-11,1078.0,6.0,0.0,5.068263988531835,0.0,?,0.0,0.2,1078.0,1000.0
1079.0,0.264625,6.845867675211696E-11,1079.0,6.0,0.0,5.06959089864441,0.0,?,0.0,0.2,1079.0,1000.0
1080.0,0.26475,6.849101434151333E-11,1080.0,6.0,0.0,5.070637573738257,0.0,?,0.0,0.2,1080.0,1000.0
1081.0,0.264882,6.85251628359159E-11,1081.0,6.0,0.0,5.071682312337945,0.0,?,0.0,0.2,1081.0,1000.0
1082.0,0.265007,6.855750042531228E-11,1082.0,6.0,0.0,5.072725119812678,0.0,?,0.0,0.2,1082.0,1000.0
1083.0,0.265113,6.85849227011204E-11,1083.0,6.0,0.0,5.073766001511835,0.0,?,0.0,0.2,1083.0,1000.0
1084.0,0.265218,6.861208627621335E-11,1084.0,6.0,0.0,5.074804962765053,0.0,?,0.0,0.2,1084.0,1000.0
1085.0,0.265326,6.864002595345182E-11,1085.0,6.0,0.0,5.07584200888232,0.0,?,0.0,0.2,1085.0,1000.0
1086.0,0.265437,6.866874173283579E-11,1086.0,6.0,0.0,5.076877145154068,0.0,?,0.0,0.2,1086.0,1000.0
1087.0,0.265543,6.869616400864391E-11,1087.0,6.0,0.0,5.077910376851258,0.0,?,0.0,0.2,1087.0,1000.0
1088.0,0.265658,6.872591459088857E-11,1088.0,6.0,0.0,5.078941709225475,0.0,?,0.0,0.2,1088.0,1000.0
1089.0,0.26578,6.875747607813943E-11,1089.0,6.0,0.0,5.079971147509014,0.0,?,0.0,0.2,1089.0,1000.0
1090.0,0.265889,6.878567445609307E-11,1090.0,6.0,0.0,5.080998696914969,0.0,?,0.0,0.2,1090.0,1000.0
1091.0,0.266,6.881439023547704E-11,1091.0,6.0,0.0,5.082024362637321,0.0,?,0.0,0.2,1091.0,1000.0
1092.0,0.266108,6.884232991271551E-11,1092.0,6.0,0.0,5.083048149851022,0.0,?,0.0,0.2,1092.0,1000.0
1093.0,0.266224,6.887233919567534E-11,1093.0,6.0,0.0,5.083155150628834,0.0,?,0.0,0.2,1093.0,1000.0
1094.0,0.266351,6.890519418650205E-11,1094.0,6.0,0.0,5.085364332392428,0.0,?,0.0,0.2,1094.0,1000.0
1095.0,0.266476,6.893753177589843E-11,1095.0,6.0,0.0,5.087569479120837,0.0,?,0.0,0.2,1095.0,1000.0
1096.0,0.2666,6.896961066457963E-11,1096.0,6.0,0.0,5.089770601858865,0.0,?,0.0,0.2,1096.0,1000.0
1097.0,0.26672,6.900065475040014E-11,1097.0,6.0,0.0,5.091967711611045,0.0,?,0.0,0.2,1097.0,1000.0
1098.0,0.266829,6.902885312835378E-11,1098.0,6.0,0.0,5.094160819341818,0.0,?,0.0,0.2,1098.0,1000.0
1099.0,0.266935,6.90562754041619E-11,1099.0,6.0,0.0,5.09634993597572,0.0,?,0.0,0.2,1099.0,1000.0
1100.0,0.267041,6.908369767997002E-11,1100.0,6.0,0.0,5.09853507239756,0.0,?,0.0,0.2,1100.0,1000.0
1101.0,0.26715,6.911189605792366E-11,1101.0,6.0,0.0,5.099807974239161,0.0,?,0.0,0.2,1101.0,1000.0
1102.0,0.267258,6.913983573516213E-11,1102.0,6.0,0.0,5.102050824145866,0.0,?,0.0,0.2,1102.0,1000.0
1103.0,0.267366,6.91677754124006E-11,1103.0,6.0,0.0,5.104289607234971,0.0,?,0.0,0.2,1103.0,1000.0
1104.0,0.267473,6.919545638892389E-11,1104.0,6.0,0.0,5.105618537456161,0.0,?,0.0,0.2,1104.0,1000.0
1105.0,0.26758,6.922313736544718E-11,1105.0,6.0,0.0,5.107332909820454,0.0,?,0.0,0.2,1105.0,1000.0
1106.0,0.267688,6.925107704268565E-11,1106.0,6.0,0.0,5.109044182053889,0.0,?,0.0,0.2,1106.0,1000.0
1107.0,0.267798,6.927953412135446E-11,1107.0,6.0,0.0,5.110752362557905,0.0,?,0.0,0.2,1107.0,1000.0
1108.0,0.267906,6.930747379859293E-11,1108.0,6.0,0.0,5.112457459703611,0.0,?,0.0,0.2,1108.0,1000.0
1109.0,0.268032,6.934007008870446E-11,1109.0,6.0,0.0,5.114159481831922,0.0,?,0.0,0.2,1109.0,1000.0
1110.0,0.268161,6.937344248096152E-11,1110.0,6.0,0.0,5.115858437253695,0.0,?,0.0,0.2,1110.0,1000.0
1111.0,0.268293,6.940759097536409E-11,1111.0,6.0,0.0,5.117554334249866,0.0,?,0.0,0.2,1111.0,1000.0
1112.0,0.268421,6.944070466690597E-11,1112.0,6.0,0.0,5.119247181071584,0.0,?,0.0,0.2,1112.0,1000.0
1113.0,0.268531,6.946916174557478E-11,1113.0,6.0,0.0,5.120936985940343,0.0,?,0.0,0.2,1113.0,1000.0
1114.0,0.26864,6.949736012352842E-11,1114.0,6.0,0.0,5.122623757048117,0.0,?,0.0,0.2,1114.0,1000.0
1115.0,0.268747,6.952504110005171E-11,1115.0,6.0,0.0,5.12430750255749,0.0,?,0.0,0.2,1115.0,1000.0
1116.0,0.268855,6.955298077729018E-11,1116.0,6.0,0.0,5.125988230601793,0.0,?,0.0,0.2,1116.0,1000.0
1117.0,0.268963,6.958092045452865E-11,1117.0,6.0,0.0,5.1276659492852295,0.0,?,0.0,0.2,1117.0,1000.0
1118.0,0.269072,6.960911883248229E-11,1118.0,6.0,0.0,5.129340666683007,0.0,?,0.0,0.2,1118.0,1000.0
1119.0,0.26918,6.963705850972075E-11,1119.0,6.0,0.0,5.131012390841467,0.0,?,0.0,0.2,1119.0,1000.0
1120.0,0.269288,6.966499818695922E-11,1120.0,6.0,0.0,5.131788272635358,0.0,?,0.0,0.2,1120.0,1000.0
1121.0,0.269399,6.969371396634319E-11,1121.0,6.0,0.0,5.133454830822124,0.0,?,0.0,0.2,1121.0,1000.0
1122.0,0.269507,6.972165364358166E-11,1122.0,6.0,0.0,5.13538579799608,0.0,?,0.0,0.2,1122.0,1000.0
1123.0,0.269612,6.97488172186746E-11,1123.0,6.0,0.0,5.137313326225825,0.0,?,0.0,0.2,1123.0,1000.0
1124.0,0.269735,6.978063740664063E-11,1124.0,6.0,0.0,5.139237424690037,0.0,?,0.0,0.2,1124.0,1000.0
1125.0,0.269862,6.981349239746734E-11,1125.0,6.0,0.0,5.1411581025347575,0.0,?,0.0,0.2,1125.0,1000.0
1126.0,0.269992,6.984712349043957E-11,1126.0,6.0,0.0,5.143075368873537,0.0,?,0.0,0.2,1126.0,1000.0
1127.0,0.270118,6.98797197805511E-11,1127.0,6.0,0.0,5.14498923278758,0.0,?,0.0,0.2,1127.0,1000.0
1128.0,0.270227,6.990791815850474E-11,1128.0,6.0,0.0,5.1460131785031935,0.0,?,0.0,0.2,1128.0,1000.0
1129.0,0.270333,6.993534043431287E-11,1129.0,6.0,0.0,5.147896893378503,0.0,?,0.0,0.2,1129.0,1000.0
1130.0,0.270441,6.996328011155133E-11,1130.0,6.0,0.0,5.148892318492971,0.0,?,0.0,0.2,1130.0,1000.0
1131.0,0.270552,6.99919958909353E-11,1131.0,6.0,0.0,5.1494974829623255,0.0,?,0.0,0.2,1131.0,1000.0
1132.0,0.270663,7.002071167031927E-11,1132.0,6.0,0.0,5.149705184288874,0.0,?,0.0,0.2,1132.0,1000.0
1133.0,0.270769,7.00481339461274E-11,1133.0,6.0,0.0,5.150455665150049,0.0,?,0.0,0.2,1133.0,1000.0
1134.0,0.270877,7.007607362336586E-11,1134.0,6.0,0.0,5.151204822411821,0.0,?,0.0,0.2,1134.0,1000.0
1135.0,0.270983,7.010349589917398E-11,1135.0,6.0,0.0,5.151952659572691,0.0,?,0.0,0.2,1135.0,1000.0
1136.0,0.271091,7.013143557641245E-11,1136.0,6.0,0.0,5.152699180118843,0.0,?,0.0,0.2,1136.0,1000.0
1137.0,0.271198,7.015911655293574E-11,1137.0,6.0,0.0,5.153444387524191,0.0,?,0.0,0.2,1137.0,1000.0
1138.0,0.271306,7.018705623017421E-11,1138.0,6.0,0.0,5.154188285250444,0.0,?,0.0,0.2,1138.0,1000.0
1139.0,0.271418,7.021603071027335E-11,1139.0,6.0,0.0,5.154930876747151,0.0,?,0.0,0.2,1139.0,1000.0
1140.0,0.271544,7.024862700038489E-11,1140.0,6.0,0.0,5.155672165451759,0.0,?,0.0,0.2,1140.0,1000.0
1141.0,0.271679,7.028355159693297E-11,1141.0,6.0,0.0,5.155535730600355,0.0,?,0.0,0.2,1141.0,1000.0
1142.0,0.271806,7.031640658775967E-11,1142.0,6.0,0.0,5.1564503227802145,0.0,?,0.0,0.2,1142.0,1000.0
1143.0,0.271933,7.034926157858638E-11,1143.0,6.0,0.0,5.156488423985131,0.0,?,0.0,0.2,1143.0,1000.0
1144.0,0.272039,7.03766838543945E-11,1144.0,6.0,0.0,5.1571711264117175,0.0,?,0.0,0.2,1144.0,1000.0
1145.0,0.272147,7.040462353163297E-11,1145.0,6.0,0.0,5.157852636344982,0.0,?,0.0,0.2,1145.0,1000.0
1146.0,0.272255,7.043256320887144E-11,1146.0,6.0,0.0,5.158532956906636,0.0,?,0.0,0.2,1146.0,1000.0
1147.0,0.272363,7.04605028861099E-11,1147.0,6.0,0.0,5.158340251625985,0.0,?,0.0,0.2,1147.0,1000.0
1148.0,0.272476,7.048973606692422E-11,1148.0,6.0,0.0,5.158919684692308,0.0,?,0.0,0.2,1148.0,1000.0
1149.0,0.272585,7.051793444487786E-11,1149.0,6.0,0.0,5.159498109171919,0.0,?,0.0,0.2,1149.0,1000.0
1150.0,0.272691,7.054535672068598E-11,1150.0,6.0,0.0,5.160075527695913,0.0,?,0.0,0.2,1150.0,1000.0
1151.0,0.272801,7.057381379935479E-11,1151.0,6.0,0.0,5.160651942886242,0.0,?,0.0,0.2,1151.0,1000.0
1152.0,0.272912,7.060252957873876E-11,1152.0,6.0,0.0,5.161227357355754,0.0,?,0.0,0.2,1152.0,1000.0
1153.0,0.273022,7.063098665740758E-11,1153.0,6.0,0.0,5.161801773708234,0.0,?,0.0,0.2,1153.0,1000.0
1154.0,0.273138,7.066099594036741E-11,1154.0,6.0,0.0,5.161508643411922,0.0,?,0.0,0.2,1154.0,1000.0
1155.0,0.273265,7.069385093119412E-11,1155.0,6.0,0.0,5.162138409858223,0.0,?,0.0,0.2,1155.0,1000.0
1156.0,0.273395,7.072748202416634E-11,1156.0,6.0,0.0,5.162767086743197,0.0,?,0.0,0.2,1156.0,1000.0
1157.0,0.273523,7.076059571570823E-11,1157.0,6.0,0.0,5.163394676891984,0.0,?,0.0,0.2,1157.0,1000.0
1158.0,0.273648,7.07929333051046E-11,1158.0,6.0,0.0,5.16402118311996,0.0,?,0.0,0.2,1158.0,1000.0
1159.0,0.273763,7.082268388734926E-11,1159.0,6.0,0.0,5.164646608232789,0.0,?,0.0,0.2,1159.0,1000.0
1160.0,0.27387,7.085036486387256E-11,1160.0,6.0,0.0,5.1652709550264575,0.0,?,0.0,0.2,1160.0,1000.0
1161.0,0.273983,7.087959804468687E-11,1161.0,6.0,0.0,5.165894226287321,0.0,?,0.0,0.2,1161.0,1000.0
1162.0,0.274091,7.090753772192534E-11,1162.0,6.0,0.0,5.166516424792142,0.0,?,0.0,0.2,1162.0,1000.0
1163.0,0.2742,7.093573609987898E-11,1163.0,6.0,0.0,5.166277708080273,0.0,?,0.0,0.2,1163.0,1000.0
1164.0,0.274306,7.09631583756871E-11,1164.0,6.0,0.0,5.167039180477925,0.0,?,0.0,0.2,1164.0,1000.0
1165.0,0.274416,7.099161545435591E-11,1165.0,6.0,0.0,5.167799345626825,0.0,?,0.0,0.2,1165.0,1000.0
1166.0,0.274525,7.101981383230955E-11,1166.0,6.0,0.0,5.168558206890394,0.0,?,0.0,0.2,1166.0,1000.0
1167.0,0.274634,7.104801221026319E-11,1167.0,6.0,0.0,5.168458869591386,0.0,?,0.0,0.2,1167.0,1000.0
1168.0,0.274741,7.107569318678648E-11,1168.0,6.0,0.0,5.16912799727153,0.0,?,0.0,0.2,1168.0,1000.0
1169.0,0.274851,7.11041502654553E-11,1169.0,6.0,0.0,5.169795980165223,0.0,?,0.0,0.2,1169.0,1000.0
1170.0,0.274969,7.113467694984548E-11,1170.0,6.0,0.0,5.170462821207817,0.0,?,0.0,0.2,1170.0,1000.0
1171.0,0.275103,7.116934284567838E-11,1171.0,6.0,0.0,5.171128523324634,0.0,?,0.0,0.2,1171.0,1000.0
1172.0,0.275228,7.120168043507476E-11,1172.0,6.0,0.0,5.171793089431012,0.0,?,0.0,0.2,1172.0,1000.0
1173.0,0.275358,7.123531152804698E-11,1173.0,6.0,0.0,5.171604007513339,0.0,?,0.0,0.2,1173.0,1000.0
1174.0,0.27548,7.126687301529784E-11,1174.0,6.0,0.0,5.1722690645362235,0.0,?,0.0,0.2,1174.0,1000.0
1175.0,0.27559,7.129533009396665E-11,1175.0,6.0,0.0,5.172932989547155,0.0,?,0.0,0.2,1175.0,1000.0
1176.0,0.275698,7.132326977120512E-11,1176.0,6.0,0.0,5.1735957854339185,0.0,?,0.0,0.2,1176.0,1000.0
1177.0,0.275806,7.135120944844359E-11,1177.0,6.0,0.0,5.174257455074485,0.0,?,0.0,0.2,1177.0,1000.0
1178.0,0.275915,7.137940782639722E-11,1178.0,6.0,0.0,5.174069104902419,0.0,?,0.0,0.2,1178.0,1000.0
1179.0,0.276022,7.140708880292052E-11,1179.0,6.0,0.0,5.173844356644733,0.0,?,0.0,0.2,1179.0,1000.0
1180.0,0.27613,7.143502848015898E-11,1180.0,6.0,0.0,5.174286566659368,0.0,?,0.0,0.2,1180.0,1000.0
1181.0,0.276242,7.146400296025813E-11,1181.0,6.0,0.0,5.173881287749337,0.0,?,0.0,0.2,1181.0,1000.0
1182.0,0.276351,7.149220133821177E-11,1182.0,6.0,0.0,5.174192442892245,0.0,?,0.0,0.2,1182.0,1000.0
1183.0,0.276457,7.151962361401989E-11,1183.0,6.0,0.0,5.174503071990956,0.0,?,0.0,0.2,1183.0,1000.0
1184.0,0.276566,7.154782199197353E-11,1184.0,6.0,0.0,5.1748131763783505,0.0,?,0.0,0.2,1184.0,1000.0
1185.0,0.276681,7.157757257421819E-11,1185.0,6.0,0.0,5.175122757382814,0.0,?,0.0,0.2,1185.0,1000.0
1186.0,0.276809,7.161068626576007E-11,1186.0,6.0,0.0,5.175431816328247,0.0,?,0.0,0.2,1186.0,1000.0
1187.0,0.276936,7.164354125658678E-11,1187.0,6.0,0.0,5.175740354534093,0.0,?,0.0,0.2,1187.0,1000.0
1188.0,0.277064,7.167665494812866E-11,1188.0,6.0,0.0,5.17604837331535,0.0,?,0.0,0.2,1188.0,1000.0
1189.0,0.277189,7.170899253752504E-11,1189.0,6.0,0.0,5.176355873982592,0.0,?,0.0,0.2,1189.0,1000.0
1190.0,0.277305,7.173900182048487E-11,1190.0,6.0,0.0,5.176662857841991,0.0,?,0.0,0.2,1190.0,1000.0
1191.0,0.277415,7.176745889915368E-11,1191.0,6.0,0.0,5.176969326195328,0.0,?,0.0,0.2,1191.0,1000.0
1192.0,0.277523,7.179539857639215E-11,1192.0,6.0,0.0,5.1772752803400195,0.0,?,0.0,0.2,1192.0,1000.0
1193.0,0.277631,7.182333825363062E-11,1193.0,6.0,0.0,5.176742498601819,0.0,?,0.0,0.2,1193.0,1000.0
1194.0,0.277739,7.185127793086908E-11,1194.0,6.0,0.0,5.17726448980902,0.0,?,0.0,0.2,1194.0,1000.0
1195.0,0.277846,7.187895890739238E-11,1195.0,6.0,0.0,5.176948787307088,0.0,?,0.0,0.2,1195.0,1000.0
1196.0,0.277955,7.190715728534601E-11,1196.0,6.0,0.0,5.177347530924595,0.0,?,0.0,0.2,1196.0,1000.0
1197.0,0.278063,7.193509696258448E-11,1197.0,6.0,0.0,5.177745608303812,0.0,?,0.0,0.2,1197.0,1000.0
1198.0,0.278171,7.196303663982295E-11,1198.0,6.0,0.0,5.178143021113112,0.0,?,0.0,0.2,1198.0,1000.0
1199.0,0.278279,7.199097631706141E-11,1199.0,6.0,0.0,5.178539771015307,0.0,?,0.0,0.2,1199.0,1000.0
1200.0,0.278387,7.201891599429988E-11,1200.0,6.0,0.0,5.178935859667666,0.0,?,0.0,0.2,1200.0,1000.0
1201.0,0.278515,7.205202968584176E-11,1201.0,6.0,0.0,5.179331288721936,0.0,?,0.0,0.2,1201.0,1000.0
1202.0,0.278641,7.20846259759533E-11,1202.0,6.0,0.0,5.179726059824368,0.0,?,0.0,0.2,1202.0,1000.0
1203.0,0.278769,7.211773966749518E-11,1203.0,6.0,0.0,5.180120174615741,0.0,?,0.0,0.2,1203.0,1000.0
1204.0,0.278898,7.215111205975223E-11,1204.0,6.0,0.0,5.180513634731381,0.0,?,0.0,0.2,1204.0,1000.0
1205.0,0.279026,7.218422575129411E-11,1205.0,6.0,0.0,5.180906441801185,0.0,?,0.0,0.2,1205.0,1000.0
1206.0,0.279152,7.221682204140565E-11,1206.0,6.0,0.0,5.181298597449646,0.0,?,0.0,0.2,1206.0,1000.0
1207.0,0.279279,7.224967703223236E-11,1207.0,6.0,0.0,5.181690103295874,0.0,?,0.0,0.2,1207.0,1000.0
1208.0,0.279406,7.228253202305906E-11,1208.0,6.0,0.0,5.182080960953614,0.0,?,0.0,0.2,1208.0,1000.0
1209.0,0.279533,7.231538701388577E-11,1209.0,6.0,0.0,5.182471172031274,0.0,?,0.0,0.2,1209.0,1000.0
1210.0,0.27964,7.234306799040907E-11,1210.0,6.0,0.0,5.182860738131947,0.0,?,0.0,0.2,1210.0,1000.0
1211.0,0.279751,7.237178376979304E-11,1211.0,6.0,0.0,5.183249660853429,0.0,?,0.0,0.2,1211.0,1000.0
1212.0,0.279861,7.240024084846185E-11,1212.0,6.0,0.0,5.1828128592799905,0.0,?,0.0,0.2,1212.0,1000.0
1213.0,0.279969,7.242818052570032E-11,1213.0,6.0,0.0,5.183547617082788,0.0,?,0.0,0.2,1213.0,1000.0
1214.0,0.280077,7.245612020293878E-11,1214.0,6.0,0.0,5.184281164411447,0.0,?,0.0,0.2,1214.0,1000.0
1215.0,0.280184,7.248380117946208E-11,1215.0,6.0,0.0,5.18501350425479,0.0,?,0.0,0.2,1215.0,1000.0
1216.0,0.280296,7.251277565956122E-11,1216.0,6.0,0.0,5.18492227117076,0.0,?,0.0,0.2,1216.0,1000.0
1217.0,0.280429,7.254718285467896E-11,1217.0,6.0,0.0,5.185592014579822,0.0,?,0.0,0.2,1217.0,1000.0
1218.0,0.280558,7.258055524693602E-11,1218.0,6.0,0.0,5.186260658246013,0.0,?,0.0,0.2,1218.0,1000.0
1219.0,0.280688,7.261418633990824E-11,1219.0,6.0,0.0,5.186928204875835,0.0,?,0.0,0.2,1219.0,1000.0
1220.0,0.280816,7.264730003145013E-11,1220.0,6.0,0.0,5.187594657166921,0.0,?,0.0,0.2,1220.0,1000.0
1221.0,0.280947,7.268118982513752E-11,1221.0,6.0,0.0,5.188260017808062,0.0,?,0.0,0.2,1221.0,1000.0
1222.0,0.281074,7.271404481596423E-11,1222.0,6.0,0.0,5.18892428947925,0.0,?,0.0,0.2,1222.0,1000.0
1223.0,0.281204,7.274767590893646E-11,1223.0,6.0,0.0,5.188769813363568,0.0,?,0.0,0.2,1223.0,1000.0
1224.0,0.281336,7.278182440333903E-11,1224.0,6.0,0.0,5.188643761848255,0.0,?,0.0,0.2,1224.0,1000.0
1225.0,0.281466,7.281545549631126E-11,1225.0,6.0,0.0,5.189197249933821,0.0,?,0.0,0.2,1225.0,1000.0
1226.0,0.281594,7.284856918785314E-11,1226.0,6.0,0.0,5.189749835102445,0.0,?,0.0,0.2,1226.0,1000.0
1227.0,0.281726,7.288271768225571E-11,1227.0,6.0,0.0,5.190301519561748,0.0,?,0.0,0.2,1227.0,1000.0
1228.0,0.282079,7.297403903471106E-11,1228.0,6.0,0.0,5.190852305512159,0.0,?,0.0,0.2,1228.0,1000.0
1229.0,0.282381,7.305216665069269E-11,1229.0,6.0,0.0,5.191402195146948,0.0,?,0.0,0.2,1229.0,1000.0
1230.0,0.282664,7.312537895308608E-11,1230.0,6.0,0.0,5.191138182522167,0.0,?,0.0,0.2,1230.0,1000.0
1231.0,0.282962,7.320247176620702E-11,1231.0,7.0,0.0,5.191690440490821,0.0,?,0.0,0.2,1231.0,1000.0
1232.0,0.28324,7.327439056502456E-11,1232.0,7.0,0.0,5.188288094354059,0.0,?,0.0,0.2,1232.0,1000.0
1233.0,0.283522,7.334734416670277E-11,1233.0,7.0,0.0,5.185702297035037,0.0,?,0.0,0.2,1233.0,1000.0
1234.0,0.283821,7.342469568053889E-11,1234.0,7.0,0.0,5.183120690635494,0.0,?,0.0,0.2,1234.0,1000.0
1235.0,0.284098,7.349635577864125E-11,1235.0,7.0,0.0,5.180543264975061,0.0,?,0.0,0.2,1235.0,1000.0
1236.0,0.284385,7.357060288389532E-11,1236.0,7.0,0.0,5.177970009906311,0.0,?,0.0,0.2,1236.0,1000.0
1237.0,0.284667,7.364355648557353E-11,1237.0,7.0,0.0,5.175400915314633,0.0,?,0.0,0.2,1237.0,1000.0
1238.0,0.284944,7.371521658367589E-11,1238.0,7.0,0.0,5.1728359711180945,0.0,?,0.0,0.2,1238.0,1000.0
1239.0,0.285222,7.378713538249343E-11,1239.0,7.0,0.0,5.170275167267313,0.0,?,0.0,0.2,1239.0,1000.0
1240.0,0.285502,7.385957158274129E-11,1240.0,7.0,0.0,5.167718493745323,0.0,?,0.0,0.2,1240.0,1000.0
1241.0,0.285788,7.393355998728018E-11,1241.0,7.0,0.0,5.165165940567446,0.0,?,0.0,0.2,1241.0,1000.0
1242.0,0.285993,7.398659363389023E-11,1242.0,7.0,0.0,5.162617497781159,0.0,?,0.0,0.2,1242.0,1000.0
1243.0,0.286191,7.403781637549408E-11,1243.0,7.0,0.0,5.16007315546597,0.0,?,0.0,0.2,1243.0,1000.0
1244.0,0.28639,7.40892978178131E-11,1244.0,7.0,0.0,5.15753290373328,0.0,?,0.0,0.2,1244.0,1000.0
1245.0,0.286588,7.414052055941695E-11,1245.0,7.0,0.0,5.154996732726265,0.0,?,0.0,0.2,1245.0,1000.0
1246.0,0.286787,7.419200200173598E-11,1246.0,7.0,0.0,5.152464632619743,0.0,?,0.0,0.2,1246.0,1000.0
1247.0,0.286985,7.424322474333983E-11,1247.0,7.0,0.0,5.1499365936200485,0.0,?,0.0,0.2,1247.0,1000.0
1248.0,0.287185,7.429496488637402E-11,1248.0,7.0,0.0,5.147412605964904,0.0,?,0.0,0.2,1248.0,1000.0
1249.0,0.287384,7.434644632869305E-11,1249.0,7.0,0.0,5.1440920194108894,0.0,?,0.0,0.2,1249.0,1000.0
1250.0,0.287583,7.439792777101207E-11,1250.0,7.0,0.0,5.1475767457953605,0.0,?,0.0,0.2,1250.0,1000.0
1251.0,0.287786,7.445044401619177E-11,1251.0,7.0,0.0,5.151055901074501,0.0,?,0.0,0.2,1251.0,1000.0
1252.0,0.287984,7.450166675779562E-11,1252.0,7.0,0.0,5.154529498597604,0.0,?,0.0,0.2,1252.0,1000.0
1253.0,0.288184,7.455340690082982E-11,1253.0,7.0,0.0,5.157997551671349,0.0,?,0.0,0.2,1253.0,1000.0
1254.0,0.288387,7.460592314600952E-11,1254.0,7.0,0.0,5.161460073559969,0.0,?,0.0,0.2,1254.0,1000.0
1255.0,0.288586,7.465740458832854E-11,1255.0,7.0,0.0,5.164917077485419,0.0,?,0.0,0.2,1255.0,1000.0
1256.0,0.288784,7.47086273299324E-11,1256.0,7.0,0.0,5.1683685766275484,0.0,?,0.0,0.2,1256.0,1000.0
1257.0,0.288985,7.476062617368176E-11,1257.0,7.0,0.0,5.171019039175975,0.0,?,0.0,0.2,1257.0,1000.0
1258.0,0.289181,7.481133151385527E-11,1258.0,7.0,0.0,5.174062744232274,0.0,?,0.0,0.2,1258.0,1000.0
1259.0,0.289379,7.486255425545912E-11,1259.0,7.0,0.0,5.177101614173313,0.0,?,0.0,0.2,1259.0,1000.0
1260.0,0.289579,7.491429439849332E-11,1260.0,7.0,0.0,5.17934200971762,0.0,?,0.0,0.2,1260.0,1000.0
1261.0,0.289783,7.496706934438819E-11,1261.0,7.0,0.0,5.180389319781285,0.0,?,0.0,0.2,1261.0,1000.0
1262.0,0.289987,7.501984429028306E-11,1262.0,7.0,0.0,5.181197252174485,0.0,?,0.0,0.2,1262.0,1000.0
1263.0,0.290187,7.507158443331726E-11,1263.0,7.0,0.0,5.182003905181473,0.0,?,0.0,0.2,1263.0,1000.0
1264.0,0.290387,7.512332457635146E-11,1264.0,7.0,0.0,5.182809281838765,0.0,?,0.0,0.2,1264.0,1000.0
1265.0,0.290584,7.517428861724014E-11,1265.0,7.0,0.0,5.18361338517328,0.0,?,0.0,0.2,1265.0,1000.0
1266.0,0.290784,7.522602876027433E-11,1266.0,7.0,0.0,5.18441621820237,0.0,?,0.0,0.2,1266.0,1000.0
1267.0,0.290982,7.527725150187818E-11,1267.0,7.0,0.0,5.185217783933859,0.0,?,0.0,0.2,1267.0,1000.0
1268.0,0.291183,7.532925034562755E-11,1268.0,7.0,0.0,5.186018085366087,0.0,?,0.0,0.2,1268.0,1000.0
1269.0,0.291382,7.538073178794657E-11,1269.0,7.0,0.0,5.186817125487942,0.0,?,0.0,0.2,1269.0,1000.0
1270.0,0.29158,7.543195452955043E-11,1270.0,7.0,0.0,5.186827505704094,0.0,?,0.0,0.2,1270.0,1000.0
1271.0,0.291786,7.548524687687564E-11,1271.0,7.0,0.0,5.18799181660965,0.0,?,0.0,0.2,1271.0,1000.0
1272.0,0.291988,7.553750442134019E-11,1272.0,7.0,0.0,5.18836813331567,0.0,?,0.0,0.2,1272.0,1000.0
1273.0,0.292192,7.559027936723506E-11,1273.0,7.0,0.0,5.1890057074450375,0.0,?,0.0,0.2,1273.0,1000.0
1274.0,0.292392,7.564201951026926E-11,1274.0,7.0,0.0,5.189642280673103,0.0,?,0.0,0.2,1274.0,1000.0
1275.0,0.29259,7.569324225187311E-11,1275.0,7.0,0.0,5.190277855354927,0.0,?,0.0,0.2,1275.0,1000.0
1276.0,0.29279,7.57449823949073E-11,1276.0,7.0,0.0,5.190912433838192,0.0,?,0.0,0.2,1276.0,1000.0
1277.0,0.292991,7.579698123865667E-11,1277.0,7.0,0.0,5.1907629331069165,0.0,?,0.0,0.2,1277.0,1000.0
1278.0,0.29319,7.58484626809757E-11,1278.0,7.0,0.0,5.191298329872874,0.0,?,0.0,0.2,1278.0,1000.0
1279.0,0.293389,7.589994412329472E-11,1279.0,7.0,0.0,5.191832889427313,0.0,?,0.0,0.2,1279.0,1000.0
1280.0,0.293589,7.595168426632892E-11,1280.0,7.0,0.0,5.192366613732448,0.0,?,0.0,0.2,1280.0,1000.0
1281.0,0.2938,7.600627011722998E-11,1281.0,7.0,0.0,5.192899504744366,0.0,?,0.0,0.2,1281.0,1000.0
1282.0,0.294,7.605801026026418E-11,1282.0,7.0,0.0,5.193431564413052,0.0,?,0.0,0.2,1282.0,1000.0
1283.0,0.2942,7.610975040329838E-11,1283.0,7.0,0.0,5.1939627946824105,0.0,?,0.0,0.2,1283.0,1000.0
1284.0,0.2944,7.616149054633257E-11,1284.0,7.0,0.0,5.1937143812909135,0.0,?,0.0,0.2,1284.0,1000.0
1285.0,0.294598,7.621271328793642E-11,1285.0,7.0,0.0,5.193563630799637,0.0,?,0.0,0.2,1285.0,1000.0
1286.0,0.294798,7.626445343097062E-11,1286.0,7.0,0.0,5.193024312268688,0.0,?,0.0,0.2,1286.0,1000.0
1287.0,0.294998,7.631619357400482E-11,1287.0,7.0,0.0,5.1929449686623474,0.0,?,0.0,0.2,1287.0,1000.0
1288.0,0.2952,7.636845111846936E-11,1288.0,7.0,0.0,5.192865748260365,0.0,?,0.0,0.2,1288.0,1000.0
1289.0,0.295455,7.643441980083796E-11,1289.0,7.0,0.0,5.192010855585927,0.0,?,0.0,0.2,1289.0,1000.0
1290.0,0.295698,7.64972840746245E-11,1290.0,7.0,0.0,5.191797410478237,0.0,?,0.0,0.2,1290.0,1000.0
1291.0,0.295919,7.655445693267729E-11,1291.0,7.0,0.0,5.191584296036866,0.0,?,0.0,0.2,1291.0,1000.0
1292.0,0.296124,7.660749057928733E-11,1292.0,7.0,0.0,5.19137151149401,0.0,?,0.0,0.2,1292.0,1000.0
1293.0,0.296324,7.665923072232153E-11,1293.0,7.0,0.0,5.191159056084244,0.0,?,0.0,0.2,1293.0,1000.0
1294.0,0.296526,7.671148826678607E-11,1294.0,7.0,0.0,5.190946929044509,0.0,?,0.0,0.2,1294.0,1000.0
1295.0,0.296725,7.67629697091051E-11,1295.0,7.0,0.0,5.190735129614102,0.0,?,0.0,0.2,1295.0,1000.0
1296.0,0.296923,7.681419245070894E-11,1296.0,7.0,0.0,5.189752052096395,0.0,?,0.0,0.2,1296.0,1000.0
1297.0,0.297123,7.686593259374314E-11,1297.0,7.0,0.0,5.1896650598256375,0.0,?,0.0,0.2,1297.0,1000.0
1298.0,0.297323,7.691767273677734E-11,1298.0,7.0,0.0,5.189578201595357,0.0,?,0.0,0.2,1298.0,1000.0
1299.0,0.29752,7.696863677766602E-11,1299.0,7.0,0.0,5.189491477095995,0.0,?,0.0,0.2,1299.0,1000.0
1300.0,0.297719,7.702011821998504E-11,1300.0,7.0,0.0,5.189404886018939,0.0,?,0.0,0.2,1300.0,1000.0
1301.0,0.29792,7.707211706373441E-11,1301.0,7.0,0.0,5.189318428056528,0.0,?,0.0,0.2,1301.0,1000.0
1302.0,0.298117,7.712308110462309E-11,1302.0,7.0,0.0,5.189232102902047,0.0,?,0.0,0.2,1302.0,1000.0
1303.0,0.298319,7.717533864908763E-11,1303.0,7.0,0.0,5.189145910249723,0.0,?,0.0,0.2,1303.0,1000.0
1304.0,0.298517,7.722656139069148E-11,1304.0,7.0,0.0,5.189059849794718,0.0,?,0.0,0.2,1304.0,1000.0
1305.0,0.298723,7.72798537380167E-11,1305.0,7.0,0.0,5.18897392123313,0.0,?,0.0,0.2,1305.0,1000.0
1306.0,0.298921,7.733107647962055E-11,1306.0,7.0,0.0,5.188122427477915,0.0,?,0.0,0.2,1306.0,1000.0
1307.0,0.299119,7.73822992212244E-11,1307.0,7.0,0.0,5.188306397639425,0.0,?,0.0,0.2,1307.0,1000.0
1308.0,0.299314,7.743274586068273E-11,1308.0,7.0,0.0,5.18772556050711,0.0,?,0.0,0.2,1308.0,1000.0
1309.0,0.299517,7.748526210586243E-11,1309.0,7.0,0.0,5.187734937466234,0.0,?,0.0,0.2,1309.0,1000.0
1310.0,0.299713,7.753596744603594E-11,1310.0,7.0,0.0,5.186980941330764,0.0,?,0.0,0.2,1310.0,1000.0
1311.0,0.299911,7.758719018763979E-11,1311.0,7.0,0.0,5.186075540155072,0.0,?,0.0,0.2,1311.0,1000.0
1312.0,0.30011,7.763867162995881E-11,1312.0,7.0,0.0,5.185754374257358,0.0,?,0.0,0.2,1312.0,1000.0
1313.0,0.300311,7.769067047370818E-11,1313.0,7.0,0.0,5.185433697568931,0.0,?,0.0,0.2,1313.0,1000.0
1314.0,0.300519,7.774448022246375E-11,1314.0,7.0,0.0,5.185113508972877,0.0,?,0.0,0.2,1314.0,1000.0
1315.0,0.300714,7.779492686192208E-11,1315.0,7.0,0.0,5.184793807355675,0.0,?,0.0,0.2,1315.0,1000.0
1316.0,0.300911,7.784589090281076E-11,1316.0,7.0,0.0,5.184474591607192,0.0,?,0.0,0.2,1316.0,1000.0
1317.0,0.301108,7.789685494369944E-11,1317.0,7.0,0.0,5.184155860620668,0.0,?,0.0,0.2,1317.0,1000.0
1318.0,0.301306,7.794807768530329E-11,1318.0,7.0,0.0,5.183078887951269,0.0,?,0.0,0.2,1318.0,1000.0
1319.0,0.301502,7.799878302547679E-11,1319.0,7.0,0.0,5.182855847770023,0.0,?,0.0,0.2,1319.0,1000.0
1320.0,0.3017,7.805000576708064E-11,1320.0,7.0,0.0,5.182633145528446,0.0,?,0.0,0.2,1320.0,1000.0
1321.0,0.3019,7.810174591011484E-11,1321.0,7.0,0.0,5.182410780459075,0.0,?,0.0,0.2,1321.0,1000.0
1322.0,0.302101,7.815374475386421E-11,1322.0,7.0,0.0,5.181432322144725,0.0,?,0.0,0.2,1322.0,1000.0
1323.0,0.302299,7.820496749546806E-11,1323.0,7.0,0.0,5.180419981208227,0.0,?,0.0,0.2,1323.0,1000.0
1324.0,0.302496,7.825593153635674E-11,1324.0,7.0,0.0,5.180019361887072,0.0,?,0.0,0.2,1324.0,1000.0
1325.0,0.302692,7.830663687653024E-11,1325.0,7.0,0.0,5.179619347274327,0.0,?,0.0,0.2,1325.0,1000.0
1326.0,0.302891,7.835811831884927E-11,1326.0,7.0,0.0,5.179219936001872,0.0,?,0.0,0.2,1326.0,1000.0
1327.0,0.303089,7.840934106045312E-11,1327.0,7.0,0.0,5.1788211267057145,0.0,?,0.0,0.2,1327.0,1000.0
1328.0,0.303285,7.846004640062662E-11,1328.0,7.0,0.0,5.178422918025966,0.0,?,0.0,0.2,1328.0,1000.0
1329.0,0.303485,7.851178654366082E-11,1329.0,7.0,0.0,5.178025308606834,0.0,?,0.0,0.2,1329.0,1000.0
1330.0,0.30368,7.856223318311915E-11,1330.0,7.0,0.0,5.177628297096603,0.0,?,0.0,0.2,1330.0,1000.0
1331.0,0.303881,7.861423202686852E-11,1331.0,7.0,0.0,5.17723188214762,0.0,?,0.0,0.2,1331.0,1000.0
1332.0,0.304081,7.866597216990272E-11,1332.0,7.0,0.0,5.176836062416277,0.0,?,0.0,0.2,1332.0,1000.0
1333.0,0.30428,7.871745361222174E-11,1333.0,7.0,0.0,5.1764408365630015,0.0,?,0.0,0.2,1333.0,1000.0
1334.0,0.304476,7.876815895239525E-11,1334.0,7.0,0.0,5.176046203252234,0.0,?,0.0,0.2,1334.0,1000.0
1335.0,0.304673,7.881912299328392E-11,1335.0,7.0,0.0,5.17565216115242,0.0,?,0.0,0.2,1335.0,1000.0
1336.0,0.304871,7.887034573488777E-11,1336.0,7.0,0.0,5.175258708935988,0.0,?,0.0,0.2,1336.0,1000.0
1337.0,0.305071,7.892208587792197E-11,1337.0,7.0,0.0,5.174865845279341,0.0,?,0.0,0.2,1337.0,1000.0
1338.0,0.305271,7.897382602095617E-11,1338.0,7.0,0.0,5.174473568862839,0.0,?,0.0,0.2,1338.0,1000.0
1339.0,0.305472,7.902582486470554E-11,1339.0,7.0,0.0,5.173335052381239,0.0,?,0.0,0.2,1339.0,1000.0
1340.0,0.305669,7.907678890559421E-11,1340.0,7.0,0.0,5.173347844275339,0.0,?,0.0,0.2,1340.0,1000.0
1341.0,0.305871,7.912904645005876E-11,1341.0,7.0,0.0,5.173360617091298,0.0,?,0.0,0.2,1341.0,1000.0
1342.0,0.306069,7.91802691916626E-11,1342.0,7.0,0.0,5.173373370871763,0.0,?,0.0,0.2,1342.0,1000.0
1343.0,0.306267,7.923149193326646E-11,1343.0,7.0,0.0,5.173386105659258,0.0,?,0.0,0.2,1343.0,1000.0
1344.0,0.306463,7.928219727343996E-11,1344.0,7.0,0.0,5.173398821496175,0.0,?,0.0,0.2,1344.0,1000.0
1345.0,0.306663,7.933393741647416E-11,1345.0,7.0,0.0,5.173411518424785,0.0,?,0.0,0.2,1345.0,1000.0
1346.0,0.306859,7.938464275664766E-11,1346.0,7.0,0.0,5.17342419648723,0.0,?,0.0,0.2,1346.0,1000.0
1347.0,0.307055,7.943534809682117E-11,1347.0,7.0,0.0,5.173436855725529,0.0,?,0.0,0.2,1347.0,1000.0
1348.0,0.307252,7.948631213770985E-11,1348.0,7.0,0.0,5.173449496181576,0.0,?,0.0,0.2,1348.0,1000.0
1349.0,0.30745,7.95375348793137E-11,1349.0,7.0,0.0,5.173462117897139,0.0,?,0.0,0.2,1349.0,1000.0
1350.0,0.307648,7.958875762091755E-11,1350.0,7.0,0.0,5.173474720913863,0.0,?,0.0,0.2,1350.0,1000.0
1351.0,0.307849,7.964075646466692E-11,1351.0,7.0,0.0,5.173487305273273,0.0,?,0.0,0.2,1351.0,1000.0
1352.0,0.308047,7.969197920627077E-11,1352.0,7.0,0.0,5.173499871016767,0.0,?,0.0,0.2,1352.0,1000.0
1353.0,0.308244,7.974294324715945E-11,1353.0,7.0,0.0,5.17351241818562,0.0,?,0.0,0.2,1353.0,1000.0
1354.0,0.30845,7.979623559448467E-11,1354.0,7.0,0.0,5.17352494682099,0.0,?,0.0,0.2,1354.0,1000.0
1355.0,0.308652,7.984849313894921E-11,1355.0,7.0,0.0,5.172799449583835,0.0,?,0.0,0.2,1355.0,1000.0
1356.0,0.308859,7.99020441869896E-11,1356.0,7.0,0.0,5.172437369002887,0.0,?,0.0,0.2,1356.0,1000.0
1357.0,0.309057,7.995326692859345E-11,1357.0,7.0,0.0,5.1726627363577595,0.0,?,0.0,0.2,1357.0,1000.0
1358.0,0.309256,8.000474837091247E-11,1358.0,7.0,0.0,5.172887771801948,0.0,?,0.0,0.2,1358.0,1000.0
1359.0,0.309453,8.005571241180115E-11,1359.0,7.0,0.0,5.1731124760681455,0.0,?,0.0,0.2,1359.0,1000.0
1360.0,0.309652,8.010719385412018E-11,1360.0,7.0,0.0,5.172601555769246,0.0,?,0.0,0.2,1360.0,1000.0
1361.0,0.309854,8.015945139858472E-11,1361.0,7.0,0.0,5.172046129693491,0.0,?,0.0,0.2,1361.0,1000.0
1362.0,0.310052,8.021067414018857E-11,1362.0,7.0,0.0,5.172096022402967,0.0,?,0.0,0.2,1362.0,1000.0
1363.0,0.310249,8.026163818107725E-11,1363.0,7.0,0.0,5.172145841902305,0.0,?,0.0,0.2,1363.0,1000.0
1364.0,0.310475,8.032010454270588E-11,1364.0,7.0,0.0,5.172195588352523,0.0,?,0.0,0.2,1364.0,1000.0
1365.0,0.310697,8.037753610147384E-11,1365.0,7.0,0.0,5.172245261914169,0.0,?,0.0,0.2,1365.0,1000.0
1366.0,0.310923,8.043600246310247E-11,1366.0,7.0,0.0,5.1722948627473215,0.0,?,0.0,0.2,1366.0,1000.0
1367.0,0.311134,8.049058831400354E-11,1367.0,7.0,0.0,5.171612862116197,0.0,?,0.0,0.2,1367.0,1000.0
1368.0,0.311332,8.054181105560739E-11,1368.0,7.0,0.0,5.171684220235432,0.0,?,0.0,0.2,1368.0,1000.0
1369.0,0.311531,8.059329249792641E-11,1369.0,7.0,0.0,5.171755474106137,0.0,?,0.0,0.2,1369.0,1000.0
1370.0,0.311726,8.064373913738475E-11,1370.0,7.0,0.0,5.171826623956592,0.0,?,0.0,0.2,1370.0,1000.0
1371.0,0.311927,8.069573798113412E-11,1371.0,7.0,0.0,5.171897670014415,0.0,?,0.0,0.2,1371.0,1000.0
1372.0,0.312127,8.074747812416831E-11,1372.0,7.0,0.0,5.171239749532794,0.0,?,0.0,0.2,1372.0,1000.0
1373.0,0.312326,8.079895956648734E-11,1373.0,7.0,0.0,5.171303856968866,0.0,?,0.0,0.2,1373.0,1000.0
1374.0,0.312524,8.085018230809119E-11,1374.0,7.0,0.0,5.171367871089892,0.0,?,0.0,0.2,1374.0,1000.0
1375.0,0.312721,8.090114634897986E-11,1375.0,7.0,0.0,5.17143179209947,0.0,?,0.0,0.2,1375.0,1000.0
1376.0,0.312921,8.095288649201406E-11,1376.0,7.0,0.0,5.171495620200603,0.0,?,0.0,0.2,1376.0,1000.0
1377.0,0.313118,8.100385053290274E-11,1377.0,7.0,0.0,5.171559355595707,0.0,?,0.0,0.2,1377.0,1000.0
1378.0,0.313317,8.105533197522176E-11,1378.0,7.0,0.0,5.171622998486609,0.0,?,0.0,0.2,1378.0,1000.0
1379.0,0.313514,8.110629601611044E-11,1379.0,7.0,0.0,5.171686549074551,0.0,?,0.0,0.2,1379.0,1000.0
1380.0,0.313726,8.116114056772668E-11,1380.0,7.0,0.0,5.171750007560193,0.0,?,0.0,0.2,1380.0,1000.0
1381.0,0.313928,8.121339811219122E-11,1381.0,7.0,0.0,5.17181337414361,0.0,?,0.0,0.2,1381.0,1000.0
1382.0,0.314128,8.126513825522542E-11,1382.0,7.0,0.0,5.171876649024301,0.0,?,0.0,0.2,1382.0,1000.0
1383.0,0.314325,8.13161022961141E-11,1383.0,7.0,0.0,5.171939832401188,0.0,?,0.0,0.2,1383.0,1000.0
1384.0,0.314527,8.136835984057864E-11,1384.0,7.0,0.0,5.172002924472618,0.0,?,0.0,0.2,1384.0,1000.0
1385.0,0.314724,8.141932388146732E-11,1385.0,7.0,0.0,5.172065925436362,0.0,?,0.0,0.2,1385.0,1000.0
1386.0,0.314921,8.1470287922356E-11,1386.0,7.0,0.0,5.172128835489626,0.0,?,0.0,0.2,1386.0,1000.0
1387.0,0.31512,8.152176936467502E-11,1387.0,7.0,0.0,5.171470674295516,0.0,?,0.0,0.2,1387.0,1000.0
1388.0,0.315321,8.157376820842439E-11,1388.0,7.0,0.0,5.171784559153474,0.0,?,0.0,0.2,1388.0,1000.0
1389.0,0.315523,8.162602575288893E-11,1389.0,7.0,0.0,5.171378049648788,0.0,?,0.0,0.2,1389.0,1000.0
1390.0,0.315722,8.167750719520795E-11,1390.0,7.0,0.0,5.171602064448098,0.0,?,0.0,0.2,1390.0,1000.0
1391.0,0.315923,8.172950603895732E-11,1391.0,7.0,0.0,5.171106849894712,0.0,?,0.0,0.2,1391.0,1000.0
1392.0,0.316123,8.178124618199152E-11,1392.0,7.0,0.0,5.17124733826883,0.0,?,0.0,0.2,1392.0,1000.0
1393.0,0.316321,8.183246892359537E-11,1393.0,7.0,0.0,5.17138762493674,0.0,?,0.0,0.2,1393.0,1000.0
1394.0,0.31652,8.188395036591439E-11,1394.0,7.0,0.0,5.170810350217751,0.0,?,0.0,0.2,1394.0,1000.0
1395.0,0.316726,8.193724271323961E-11,1395.0,8.0,0.0,5.170896022067519,0.0,?,0.0,0.2,1395.0,1000.0
1396.0,0.316927,8.198924155698898E-11,1396.0,8.0,0.0,5.167191941822486,0.0,?,0.0,0.2,1396.0,1000.0
1397.0,0.317132,8.204227520359903E-11,1397.0,8.0,0.0,5.16349316448403,0.0,?,0.0,0.2,1397.0,1000.0
1398.0,0.31733,8.209349794520288E-11,1398.0,8.0,0.0,5.159799678672525,0.0,?,0.0,0.2,1398.0,1000.0
1399.0,0.317527,8.214446198609156E-11,1399.0,8.0,0.0,5.156826269323939,0.0,?,0.0,0.2,1399.0,1000.0
1400.0,0.317727,8.219620212912575E-11,1400.0,8.0,0.0,5.15599996484585,0.0,?,0.0,0.2,1400.0,1000.0
1401.0,0.31793,8.224871837430545E-11,1401.0,8.0,0.0,5.153747288211413,0.0,?,0.0,0.2,1401.0,1000.0
1402.0,0.318129,8.230019981662448E-11,1402.0,8.0,0.0,5.15173558068297,0.0,?,0.0,0.2,1402.0,1000.0
1403.0,0.318325,8.235090515679798E-11,1403.0,8.0,0.0,5.149726740877303,0.0,?,0.0,0.2,1403.0,1000.0
1404.0,0.318524,8.2402386599117E-11,1404.0,8.0,0.0,5.14700851195455,0.0,?,0.0,0.2,1404.0,1000.0
1405.0,0.318721,8.245335064000568E-11,1405.0,8.0,0.0,5.145124520131096,0.0,?,0.0,0.2,1405.0,1000.0
1406.0,0.318921,8.250509078303988E-11,1406.0,8.0,0.0,5.142531970685767,0.0,?,0.0,0.2,1406.0,1000.0
1407.0,0.319124,8.255760702821958E-11,1407.0,8.0,0.0,5.139872033251023,0.0,?,0.0,0.2,1407.0,1000.0
1408.0,0.31932,8.260831236839309E-11,1408.0,8.0,0.0,5.137050154439528,0.0,?,0.0,0.2,1408.0,1000.0
1409.0,0.319519,8.265979381071211E-11,1409.0,8.0,0.0,5.1348237171404225,0.0,?,0.0,0.2,1409.0,1000.0
1410.0,0.319717,8.271101655231596E-11,1410.0,8.0,0.0,5.132600437908408,0.0,?,0.0,0.2,1410.0,1000.0
1411.0,0.31992,8.276353279749566E-11,1411.0,8.0,0.0,5.129671592807127,0.0,?,0.0,0.2,1411.0,1000.0
1412.0,0.320119,8.281501423981469E-11,1412.0,8.0,0.0,5.127543638421286,0.0,?,0.0,0.2,1412.0,1000.0
1413.0,0.320321,8.286727178427923E-11,1413.0,8.0,0.0,5.125418696002021,0.0,?,0.0,0.2,1413.0,1000.0
1414.0,0.320521,8.291901192731342E-11,1414.0,8.0,0.0,5.123296759159021,0.0,?,0.0,0.2,1414.0,1000.0
1415.0,0.320719,8.297023466891728E-11,1415.0,8.0,0.0,5.120471107739121,0.0,?,0.0,0.2,1415.0,1000.0
1416.0,0.320916,8.302119870980595E-11,1416.0,8.0,0.0,5.118502790101828,0.0,?,0.0,0.2,1416.0,1000.0
1417.0,0.321114,8.30724214514098E-11,1417.0,8.0,0.0,5.116537250612224,0.0,?,0.0,0.2,1417.0,1000.0
1418.0,0.321321,8.31259724994502E-11,1418.0,8.0,0.0,5.114574483392705,0.0,?,0.0,0.2,1418.0,1000.0
1419.0,0.321521,8.317771264248439E-11,1419.0,8.0,0.0,5.111909760947278,0.0,?,0.0,0.2,1419.0,1000.0
1420.0,0.32172,8.322919408480342E-11,1420.0,8.0,0.0,5.110070387876188,0.0,?,0.0,0.2,1420.0,1000.0
1421.0,0.322076,8.332129153940428E-11,1421.0,8.0,0.0,5.108233603648268,0.0,?,0.0,0.2,1421.0,1000.0
1422.0,0.322271,8.337173817886261E-11,1422.0,8.0,0.0,5.10639940280182,0.0,?,0.0,0.2,1422.0,1000.0
1423.0,0.322467,8.342244351903611E-11,1423.0,8.0,0.0,5.1045677798905045,0.0,?,0.0,0.2,1423.0,1000.0
1424.0,0.322666,8.347392496135514E-11,1424.0,8.0,0.0,5.102738729483278,0.0,?,0.0,0.2,1424.0,1000.0
1425.0,0.322867,8.35259238051045E-11,1425.0,8.0,0.0,5.100912246164342,0.0,?,0.0,0.2,1425.0,1000.0
1426.0,0.323141,8.359680780106135E-11,1426.0,8.0,0.0,5.0983870622610015,0.0,?,0.0,0.2,1426.0,1000.0
1427.0,0.323443,8.367493541704298E-11,1427.0,8.0,0.0,5.096152096491435,0.0,?,0.0,0.2,1427.0,1000.0
1428.0,0.323727,8.374840642015153E-11,1428.0,8.0,0.0,5.09450913283843,0.0,?,0.0,0.2,1428.0,1000.0
1429.0,0.323972,8.381178809536842E-11,1429.0,8.0,0.0,5.092868468644702,0.0,?,0.0,0.2,1429.0,1000.0
1430.0,0.324191,8.386844355199086E-11,1430.0,8.0,0.0,5.091230099086209,0.0,?,0.0,0.2,1430.0,1000.0
1431.0,0.324467,8.393984494937805E-11,1431.0,8.0,0.0,5.089594019352396,0.0,?,0.0,0.2,1431.0,1000.0
1432.0,0.324725,8.400658973389216E-11,1432.0,8.0,0.0,5.087960224646144,0.0,?,0.0,0.2,1432.0,1000.0
1433.0,0.32495,8.406479739480562E-11,1433.0,8.0,0.0,5.086328710183726,0.0,?,0.0,0.2,1433.0,1000.0
1434.0,0.325183,8.412507466144045E-11,1434.0,8.0,0.0,5.084699471194755,0.0,?,0.0,0.2,1434.0,1000.0
1435.0,0.325441,8.419181944595455E-11,1435.0,8.0,0.0,5.083072502922145,0.0,?,0.0,0.2,1435.0,1000.0
1436.0,0.325671,8.425132061044388E-11,1436.0,8.0,0.0,5.08144780062206,0.0,?,0.0,0.2,1436.0,1000.0
1437.0,0.3259,8.431056307421803E-11,1437.0,8.0,0.0,5.079825359563868,0.0,?,0.0,0.2,1437.0,1000.0
1438.0,0.326157,8.437704915801696E-11,1438.0,8.0,0.0,5.078205175030097,0.0,?,0.0,0.2,1438.0,1000.0
1439.0,0.326456,8.445440067185309E-11,1439.0,8.0,0.0,5.075892315283724,0.0,?,0.0,0.2,1439.0,1000.0
1440.0,0.326706,8.451907585064583E-11,1440.0,8.0,0.0,5.074771236218623,0.0,?,0.0,0.2,1440.0,1000.0
1441.0,0.326955,8.458349232872339E-11,1441.0,8.0,0.0,5.073651713127242,0.0,?,0.0,0.2,1441.0,1000.0
1442.0,0.327207,8.464868490894648E-11,1442.0,8.0,0.0,5.072533742772464,0.0,?,0.0,0.2,1442.0,1000.0
1443.0,0.32745,8.471154918273302E-11,1443.0,8.0,0.0,5.071417321926147,0.0,?,0.0,0.2,1443.0,1000.0
1444.0,0.327676,8.477001554436165E-11,1444.0,8.0,0.0,5.069609926593469,0.0,?,0.0,0.2,1444.0,1000.0
1445.0,0.327906,8.482951670885098E-11,1445.0,8.0,0.0,5.068573122887472,0.0,?,0.0,0.2,1445.0,1000.0
1446.0,0.328135,8.488875917262513E-11,1446.0,8.0,0.0,5.067537753211498,0.0,?,0.0,0.2,1446.0,1000.0
1447.0,0.328374,8.495058864355099E-11,1447.0,8.0,0.0,5.0658127295889805,0.0,?,0.0,0.2,1447.0,1000.0
1448.0,0.328607,8.501086591018582E-11,1448.0,8.0,0.0,5.064063779729688,0.0,?,0.0,0.2,1448.0,1000.0
1449.0,0.32881,8.506338215536552E-11,1449.0,8.0,0.0,5.062898104243332,0.0,?,0.0,0.2,1449.0,1000.0
1450.0,0.329017,8.511693320340592E-11,1450.0,8.0,0.0,5.061734036585233,0.0,?,0.0,0.2,1450.0,1000.0
1451.0,0.329219,8.516919074787046E-11,1451.0,8.0,0.0,5.0598823935551955,0.0,?,0.0,0.2,1451.0,1000.0
1452.0,0.329421,8.5221448292335E-11,1452.0,8.0,0.0,5.058018108970426,0.0,?,0.0,0.2,1452.0,1000.0
1453.0,0.329628,8.527499934037539E-11,1453.0,8.0,0.0,5.056754656880441,0.0,?,0.0,0.2,1453.0,1000.0
1454.0,0.329833,8.532803298698544E-11,1454.0,8.0,0.0,5.055492942688792,0.0,?,0.0,0.2,1454.0,1000.0
1455.0,0.330039,8.538132533431066E-11,1455.0,8.0,0.0,5.054232962812184,0.0,?,0.0,0.2,1455.0,1000.0
1456.0,0.330244,8.54343589809207E-11,1456.0,8.0,0.0,5.05228790049035,0.0,?,0.0,0.2,1456.0,1000.0
1457.0,0.330445,8.548635782467007E-11,1457.0,8.0,0.0,5.051059945784959,0.0,?,0.0,0.2,1457.0,1000.0
1458.0,0.330646,8.553835666841944E-11,1458.0,8.0,0.0,5.0498336755167506,0.0,?,0.0,0.2,1458.0,1000.0
1459.0,0.330851,8.559139031502949E-11,1459.0,8.0,0.0,5.048609086222179,0.0,?,0.0,0.2,1459.0,1000.0
1460.0,0.331053,8.564364785949403E-11,1460.0,8.0,0.0,5.047386174447189,0.0,?,0.0,0.2,1460.0,1000.0
1461.0,0.331258,8.569668150610408E-11,1461.0,8.0,0.0,5.046164936747181,0.0,?,0.0,0.2,1461.0,1000.0
1462.0,0.331459,8.574868034985344E-11,1462.0,8.0,0.0,5.044945369686983,0.0,?,0.0,0.2,1462.0,1000.0
1463.0,0.33166,8.580067919360281E-11,1463.0,8.0,0.0,5.04372746984081,0.0,?,0.0,0.2,1463.0,1000.0
1464.0,0.331867,8.58542302416432E-11,1464.0,8.0,0.0,5.042511233792242,0.0,?,0.0,0.2,1464.0,1000.0
1465.0,0.332068,8.590622908539257E-11,1465.0,8.0,0.0,5.041296658134184,0.0,?,0.0,0.2,1465.0,1000.0
1466.0,0.332265,8.595719312628125E-11,1466.0,8.0,0.0,5.039401611228728,0.0,?,0.0,0.2,1466.0,1000.0
1467.0,0.33247,8.60102267728913E-11,1467.0,8.0,0.0,5.038420424036343,0.0,?,0.0,0.2,1467.0,1000.0
1468.0,0.332673,8.6062743018071E-11,1468.0,8.0,0.0,5.037440573611251,0.0,?,0.0,0.2,1468.0,1000.0
1469.0,0.332873,8.61144831611052E-11,1469.0,8.0,0.0,5.036462057223496,0.0,?,0.0,0.2,1469.0,1000.0
1470.0,0.333077,8.616725810700007E-11,1470.0,8.0,0.0,5.035484872150556,0.0,?,0.0,0.2,1470.0,1000.0
1471.0,0.333283,8.622055045432529E-11,1471.0,8.0,0.0,5.033829206024009,0.0,?,0.0,0.2,1471.0,1000.0
1472.0,0.333483,8.627229059735948E-11,1472.0,8.0,0.0,5.032900427124989,0.0,?,0.0,0.2,1472.0,1000.0
1473.0,0.333689,8.63255829446847E-11,1473.0,8.0,0.0,5.0319729092971155,0.0,?,0.0,0.2,1473.0,1000.0
1474.0,0.33389,8.637758178843407E-11,1474.0,8.0,0.0,5.031046649973757,0.0,?,0.0,0.2,1474.0,1000.0
1475.0,0.33409,8.642932193146827E-11,1475.0,8.0,0.0,5.030121646595244,0.0,?,0.0,0.2,1475.0,1000.0
1476.0,0.334292,8.648157947593281E-11,1476.0,8.0,0.0,5.028520389833775,0.0,?,0.0,0.2,1476.0,1000.0
1477.0,0.334492,8.653331961896701E-11,1477.0,8.0,0.0,5.027639382614709,0.0,?,0.0,0.2,1477.0,1000.0
1478.0,0.334691,8.658480106128603E-11,1478.0,8.0,0.0,5.0260829775705,0.0,?,0.0,0.2,1478.0,1000.0
1479.0,0.334896,8.663783470789608E-11,1479.0,8.0,0.0,5.025154032969737,0.0,?,0.0,0.2,1479.0,1000.0
1480.0,0.335106,8.669216185808197E-11,1480.0,8.0,0.0,5.0242263436995165,0.0,?,0.0,0.2,1480.0,1000.0
1481.0,0.335311,8.674519550469202E-11,1481.0,8.0,0.0,5.022624687770646,0.0,?,0.0,0.2,1481.0,1000.0
1482.0,0.335513,8.679745304915656E-11,1482.0,8.0,0.0,5.021681621179708,0.0,?,0.0,0.2,1482.0,1000.0
1483.0,0.335712,8.684893449147559E-11,1483.0,8.0,0.0,5.020739826425036,0.0,?,0.0,0.2,1483.0,1000.0
1484.0,0.335916,8.690170943737046E-11,1484.0,8.0,0.0,5.019799300935531,0.0,?,0.0,0.2,1484.0,1000.0
1485.0,0.336115,8.695319087968948E-11,1485.0,8.0,0.0,5.018860042147022,0.0,?,0.0,0.2,1485.0,1000.0
1486.0,0.336318,8.700570712486918E-11,1486.0,8.0,0.0,5.017922047502239,0.0,?,0.0,0.2,1486.0,1000.0
1487.0,0.336518,8.705744726790338E-11,1487.0,8.0,0.0,5.016985314450792,0.0,?,0.0,0.2,1487.0,1000.0
1488.0,0.336719,8.710944611165275E-11,1488.0,8.0,0.0,5.015377797438392,0.0,?,0.0,0.2,1488.0,1000.0
1489.0,0.336922,8.716196235683245E-11,1489.0,8.0,0.0,5.014534696164088,0.0,?,0.0,0.2,1489.0,1000.0
1490.0,0.337121,8.721344379915147E-11,1490.0,8.0,0.0,5.013692726569348,0.0,?,0.0,0.2,1490.0,1000.0
1491.0,0.337324,8.726596004433117E-11,1491.0,8.0,0.0,5.012181195565613,0.0,?,0.0,0.2,1491.0,1000.0
1492.0,0.337522,8.731718278593503E-11,1492.0,8.0,0.0,5.010652099074462,0.0,?,0.0,0.2,1492.0,1000.0
1493.0,0.337721,8.736866422825405E-11,1493.0,8.0,0.0,5.009727100769409,0.0,?,0.0,0.2,1493.0,1000.0
1494.0,0.33792,8.742014567057307E-11,1494.0,8.0,0.0,5.008803340748566,0.0,?,0.0,0.2,1494.0,1000.0
1495.0,0.338119,8.74716271128921E-11,1495.0,8.0,0.0,5.007211920206011,0.0,?,0.0,0.2,1495.0,1000.0
1496.0,0.338316,8.752259115378077E-11,1496.0,8.0,0.0,5.006276045163856,0.0,?,0.0,0.2,1496.0,1000.0
1497.0,0.338515,8.75740725960998E-11,1497.0,8.0,0.0,5.00534142045576,0.0,?,0.0,0.2,1497.0,1000.0
1498.0,0.338714,8.762555403841882E-11,1498.0,8.0,0.0,5.004408043577714,0.0,?,0.0,0.2,1498.0,1000.0
1499.0,0.338919,8.767858768502887E-11,1499.0,8.0,0.0,5.003475912032394,0.0,?,0.0,0.2,1499.0,1000.0
1500.0,0.33912,8.773058652877824E-11,1500.0,8.0,0.0,5.002545023329135,0.0,?,0.0,0.2,1500.0,1000.0
1501.0,0.339322,8.778284407324278E-11,1501.0,8.0,0.0,5.001615374983907,0.0,?,0.0,0.2,1501.0,1000.0
1502.0,0.339521,8.78343255155618E-11,1502.0,8.0,0.0,5.0006869645193,0.0,?,0.0,0.2,1502.0,1000.0
1503.0,0.33972,8.788580695788083E-11,1503.0,8.0,0.0,4.999759789464492,0.0,?,0.0,0.2,1503.0,1000.0
1504.0,0.339919,8.793728840019985E-11,1504.0,8.0,0.0,4.998833847355235,0.0,?,0.0,0.2,1504.0,1000.0
1505.0,0.340122,8.798980464537955E-11,1505.0,8.0,0.0,4.997909135733832,0.0,?,0.0,0.2,1505.0,1000.0
1506.0,0.34032,8.80410273869834E-11,1506.0,8.0,0.0,4.99698565214911,0.0,?,0.0,0.2,1506.0,1000.0
1507.0,0.340517,8.809199142787208E-11,1507.0,8.0,0.0,4.996063394156406,0.0,?,0.0,0.2,1507.0,1000.0
1508.0,0.340715,8.814321416947593E-11,1508.0,8.0,0.0,4.995142359317538,0.0,?,0.0,0.2,1508.0,1000.0
1509.0,0.340913,8.819443691107978E-11,1509.0,8.0,0.0,4.9935598546772635,0.0,?,0.0,0.2,1509.0,1000.0
1510.0,0.341114,8.824643575482915E-11,1510.0,8.0,0.0,4.992216780098921,0.0,?,0.0,0.2,1510.0,1000.0
1511.0,0.341318,8.829921070072402E-11,1511.0,8.0,0.0,4.991471875986788,0.0,?,0.0,0.2,1511.0,1000.0
1512.0,0.341517,8.835069214304305E-11,1512.0,8.0,0.0,4.990727957197555,0.0,?,0.0,0.2,1512.0,1000.0
1513.0,0.341716,8.840217358536207E-11,1513.0,8.0,0.0,4.989985021777509,0.0,?,0.0,0.2,1513.0,1000.0
1514.0,0.342014,8.847926639848302E-11,1514.0,8.0,0.0,4.989243067778095,0.0,?,0.0,0.2,1514.0,1000.0
1515.0,0.342176,8.852117591434072E-11,1515.0,8.0,0.0,4.987842027249309,0.0,?,0.0,0.2,1515.0,1000.0
1516.0,0.342333,8.856179192662256E-11,1516.0,8.0,0.0,4.987126581193374,0.0,?,0.0,0.2,1516.0,1000.0
1517.0,0.342553,8.861870608396017E-11,1517.0,8.0,0.0,4.986412078375483,0.0,?,0.0,0.2,1517.0,1000.0
1518.0,0.342756,8.867122232913987E-11,1518.0,8.0,0.0,4.985039755403201,0.0,?,0.0,0.2,1518.0,1000.0
1519.0,0.342957,8.872322117288924E-11,1519.0,8.0,0.0,4.984308985320644,0.0,?,0.0,0.2,1519.0,1000.0
1520.0,0.343138,8.877004600233518E-11,1520.0,8.0,0.0,4.9835791767776705,0.0,?,0.0,0.2,1520.0,1000.0
1521.0,0.343352,8.882540795538177E-11,1521.0,8.0,0.0,4.982850327877751,0.0,?,0.0,0.2,1521.0,1000.0
1522.0,0.343547,8.88758545948401E-11,1522.0,8.0,0.0,4.982122436729342,0.0,?,0.0,0.2,1522.0,1000.0
1523.0,0.343738,8.892526643143775E-11,1523.0,8.0,0.0,4.980738902627747,0.0,?,0.0,0.2,1523.0,1000.0
1524.0,0.343953,8.898088708519951E-11,1524.0,8.0,0.0,4.980035721529625,0.0,?,0.0,0.2,1524.0,1000.0
1525.0,0.344137,8.902848801679097E-11,1525.0,8.0,0.0,4.979333462636223,0.0,?,0.0,0.2,1525.0,1000.0
1526.0,0.344348,8.908307386769204E-11,1526.0,8.0,0.0,4.978632124134555,0.0,?,0.0,0.2,1526.0,1000.0
1527.0,0.344602,8.914878384934547E-11,1527.0,8.0,0.0,4.977931704216386,0.0,?,0.0,0.2,1527.0,1000.0
1528.0,0.34476,8.918965856234248E-11,1528.0,8.0,0.0,4.9765777508164355,0.0,?,0.0,0.2,1528.0,1000.0
1529.0,0.344923,8.923182677891535E-11,1529.0,8.0,0.0,4.975246553118445,0.0,?,0.0,0.2,1529.0,1000.0
1530.0,0.34508,8.927244279119719E-11,1530.0,8.0,0.0,4.974515766389049,0.0,?,0.0,0.2,1530.0,1000.0
1531.0,0.345246,8.931538710991557E-11,1531.0,8.0,0.0,4.973785934312468,0.0,?,0.0,0.2,1531.0,1000.0
1532.0,0.345407,8.93570379250581E-11,1532.0,8.0,0.0,4.973057055019276,0.0,?,0.0,0.2,1532.0,1000.0
1533.0,0.345569,8.93989474409158E-11,1533.0,8.0,0.0,4.972329126644928,0.0,?,0.0,0.2,1533.0,1000.0
1534.0,0.345727,8.94398221539128E-11,1534.0,8.0,0.0,4.971602147329738,0.0,?,0.0,0.2,1534.0,1000.0
1535.0,0.345892,8.948250777191601E-11,1535.0,8.0,0.0,4.970224649420821,0.0,?,0.0,0.2,1535.0,1000.0
1536.0,0.346051,8.952364118562819E-11,1536.0,8.0,0.0,4.969538739275799,0.0,?,0.0,0.2,1536.0,1000.0
1537.0,0.346211,8.956503330005554E-11,1537.0,8.0,0.0,4.96885372166187,0.0,?,0.0,0.2,1537.0,1000.0
1538.0,0.346369,8.960590801305255E-11,1538.0,8.0,0.0,4.968169594838076,0.0,?,0.0,0.2,1538.0,1000.0
1539.0,0.346527,8.964678272604956E-11,1539.0,8.0,0.0,4.966836584488387,0.0,?,0.0,0.2,1539.0,1000.0
1540.0,0.346685,8.968765743904657E-11,1540.0,8.0,0.0,4.965506767822434,0.0,?,0.0,0.2,1540.0,1000.0
1541.0,0.34685,8.973034305704978E-11,1541.0,8.0,0.0,4.964777759707791,0.0,?,0.0,0.2,1541.0,1000.0
1542.0,0.347007,8.977095906933161E-11,1542.0,8.0,0.0,4.964049697128964,0.0,?,0.0,0.2,1542.0,1000.0
1543.0,0.347164,8.981157508161345E-11,1543.0,8.0,0.0,4.963322578247583,0.0,?,0.0,0.2,1543.0,1000.0
1544.0,0.347322,8.985244979461046E-11,1544.0,8.0,0.0,4.961948732836254,0.0,?,0.0,0.2,1544.0,1000.0
1545.0,0.347481,8.989358320832264E-11,1545.0,8.0,0.0,4.960579286307658,0.0,?,0.0,0.2,1545.0,1000.0
1546.0,0.347638,8.993419922060448E-11,1546.0,8.0,0.0,4.959812417429063,0.0,?,0.0,0.2,1546.0,1000.0
1547.0,0.347796,8.997507393360148E-11,1547.0,8.0,0.0,4.95904653997759,0.0,?,0.0,0.2,1547.0,1000.0
1548.0,0.347951,9.001517254445299E-11,1548.0,8.0,0.0,4.958281652031867,0.0,?,0.0,0.2,1548.0,1000.0
1549.0,0.348111,9.005656465888034E-11,1549.0,8.0,0.0,4.956872173883363,0.0,?,0.0,0.2,1549.0,1000.0
1550.0,0.348273,9.009847417473804E-11,1550.0,8.0,0.0,4.9554680549356185,0.0,?,0.0,0.2,1550.0,1000.0
1551.0,0.348433,9.01398662891654E-11,1551.0,8.0,0.0,4.954667808423271,0.0,?,0.0,0.2,1551.0,1000.0
1552.0,0.348591,9.01807410021624E-11,1552.0,8.0,0.0,4.953224263259522,0.0,?,0.0,0.2,1552.0,1000.0
1553.0,0.348753,9.02226505180201E-11,1553.0,8.0,0.0,4.951756906106523,0.0,?,0.0,0.2,1553.0,1000.0
1554.0,0.348914,9.026430133316263E-11,1554.0,9.0,0.0,4.950252324032861,0.0,?,0.0,0.2,1554.0,1000.0
1555.0,0.349073,9.030543474687481E-11,1555.0,9.0,0.0,4.947068882023837,0.0,?,0.0,0.2,1555.0,1000.0
1556.0,0.349228,9.034553335772632E-11,1556.0,9.0,0.0,4.944532205364438,0.0,?,0.0,0.2,1556.0,1000.0
1557.0,0.349389,9.038718417286884E-11,1557.0,9.0,0.0,4.941998787120787,0.0,?,0.0,0.2,1557.0,1000.0
1558.0,0.34955,9.042883498801137E-11,1558.0,9.0,0.0,4.939468621018656,0.0,?,0.0,0.2,1558.0,1000.0
1559.0,0.349711,9.04704858031539E-11,1559.0,9.0,0.0,4.936941700799914,0.0,?,0.0,0.2,1559.0,1000.0
1560.0,0.349867,9.051084311472058E-11,1560.0,9.0,0.0,4.934418020222478,0.0,?,0.0,0.2,1560.0,1000.0
1561.0,0.350034,9.055404613415413E-11,1561.0,9.0,0.0,4.93189757306026,0.0,?,0.0,0.2,1561.0,1000.0
1562.0,0.35019,9.05944034457208E-11,1562.0,9.0,0.0,4.929380353103115,0.0,?,0.0,0.2,1562.0,1000.0
1563.0,0.350357,9.063760646515435E-11,1563.0,9.0,0.0,4.926866354156792,0.0,?,0.0,0.2,1563.0,1000.0
1564.0,0.350516,9.067873987886653E-11,1564.0,9.0,0.0,4.924355570042881,0.0,?,0.0,0.2,1564.0,1000.0
1565.0,0.350679,9.07209080954394E-11,1565.0,9.0,0.0,4.921847994598764,0.0,?,0.0,0.2,1565.0,1000.0
1566.0,0.350839,9.076230020986676E-11,1566.0,9.0,0.0,4.919343621677564,0.0,?,0.0,0.2,1566.0,1000.0
1567.0,0.350996,9.08029162221486E-11,1567.0,9.0,0.0,4.916842445148096,0.0,?,0.0,0.2,1567.0,1000.0
1568.0,0.351154,9.08437909351456E-11,1568.0,9.0,0.0,4.914344458894813,0.0,?,0.0,0.2,1568.0,1000.0
1569.0,0.351311,9.088440694742744E-11,1569.0,9.0,0.0,4.91184965681776,0.0,?,0.0,0.2,1569.0,1000.0
1570.0,0.351466,9.092450555827895E-11,1570.0,9.0,0.0,4.908721090157367,0.0,?,0.0,0.2,1570.0,1000.0
1571.0,0.351624,9.096538027127596E-11,1571.0,9.0,0.0,4.909203550740759,0.0,?,0.0,0.2,1571.0,1000.0
1572.0,0.351783,9.100651368498814E-11,1572.0,9.0,0.0,4.909049265191094,0.0,?,0.0,0.2,1572.0,1000.0
1573.0,0.35194,9.104712969726997E-11,1573.0,9.0,0.0,4.908948153134393,0.0,?,0.0,0.2,1573.0,1000.0
1574.0,0.352096,9.108748700883665E-11,1574.0,9.0,0.0,4.908847169555528,0.0,?,0.0,0.2,1574.0,1000.0
1575.0,0.352251,9.112758561968815E-11,1575.0,9.0,0.0,4.908111393574857,0.0,?,0.0,0.2,1575.0,1000.0
1576.0,0.35241,9.116871903340034E-11,1576.0,9.0,0.0,4.9077889878682734,0.0,?,0.0,0.2,1576.0,1000.0
1577.0,0.352567,9.120933504568217E-11,1577.0,9.0,0.0,4.906832875637539,0.0,?,0.0,0.2,1577.0,1000.0
1578.0,0.352722,9.124943365653368E-11,1578.0,9.0,0.0,4.906258203346261,0.0,?,0.0,0.2,1578.0,1000.0
1579.0,0.352877,9.128953226738518E-11,1579.0,9.0,0.0,4.905684258948955,0.0,?,0.0,0.2,1579.0,1000.0
1580.0,0.353036,9.133066568109736E-11,1580.0,9.0,0.0,4.9051110410635435,0.0,?,0.0,0.2,1580.0,1000.0
1581.0,0.353195,9.137179909480954E-11,1581.0,9.0,0.0,4.904538548311448,0.0,?,0.0,0.2,1581.0,1000.0
1582.0,0.353351,9.141215640637622E-11,1582.0,9.0,0.0,4.903966779317572,0.0,?,0.0,0.2,1582.0,1000.0
1583.0,0.353505,9.145199631651255E-11,1583.0,9.0,0.0,4.902764020770941,0.0,?,0.0,0.2,1583.0,1000.0
1584.0,0.353663,9.149287102950956E-11,1584.0,9.0,0.0,4.902374469170526,0.0,?,0.0,0.2,1584.0,1000.0
1585.0,0.353821,9.153374574250657E-11,1585.0,9.0,0.0,4.901985409117873,0.0,?,0.0,0.2,1585.0,1000.0
1586.0,0.353977,9.157410305407325E-11,1586.0,9.0,0.0,4.901596839683193,0.0,?,0.0,0.2,1586.0,1000.0
1587.0,0.354132,9.161420166492475E-11,1587.0,9.0,0.0,4.901208759939041,0.0,?,0.0,0.2,1587.0,1000.0
1588.0,0.354288,9.165455897649143E-11,1588.0,9.0,0.0,4.90082116896031,0.0,?,0.0,0.2,1588.0,1000.0
1589.0,0.354447,9.169569239020361E-11,1589.0,9.0,0.0,4.900434065824221,0.0,?,0.0,0.2,1589.0,1000.0
1590.0,0.354603,9.173604970177028E-11,1590.0,9.0,0.0,4.900047449610316,0.0,?,0.0,0.2,1590.0,1000.0
1591.0,0.354764,9.177770051691281E-11,1591.0,9.0,0.0,4.89966131940045,0.0,?,0.0,0.2,1591.0,1000.0
1592.0,0.35492,9.181805782847949E-11,1592.0,9.0,0.0,4.898647533575271,0.0,?,0.0,0.2,1592.0,1000.0
1593.0,0.355076,9.185841514004617E-11,1593.0,9.0,0.0,4.898632688921426,0.0,?,0.0,0.2,1593.0,1000.0
1594.0,0.355232,9.189877245161284E-11,1594.0,9.0,0.0,4.898617862893244,0.0,?,0.0,0.2,1594.0,1000.0
1595.0,0.355388,9.193912976317952E-11,1595.0,9.0,0.0,4.898603055455694,0.0,?,0.0,0.2,1595.0,1000.0
1596.0,0.355548,9.198052187760687E-11,1596.0,9.0,0.0,4.898588266573829,0.0,?,0.0,0.2,1596.0,1000.0
1597.0,0.355732,9.202812280919833E-11,1597.0,9.0,0.0,4.898573496212793,0.0,?,0.0,0.2,1597.0,1000.0
1598.0,0.355894,9.207003232505603E-11,1598.0,9.0,0.0,4.898558744337817,0.0,?,0.0,0.2,1598.0,1000.0
1599.0,0.356054,9.211142443948339E-11,1599.0,9.0,0.0,4.8985440109142155,0.0,?,0.0,0.2,1599.0,1000.0
1600.0,0.356216,9.215333395534109E-11,1600.0,9.0,0.0,4.8985292959073945,0.0,?,0.0,0.2,1600.0,1000.0
1601.0,0.356379,9.219550217191396E-11,1601.0,9.0,0.0,4.8985145992828425,0.0,?,0.0,0.2,1601.0,1000.0
1602.0,0.356538,9.223663558562614E-11,1602.0,9.0,0.0,4.897875701280793,0.0,?,0.0,0.2,1602.0,1000.0
1603.0,0.356698,9.22780277000535E-11,1603.0,9.0,0.0,4.898216667433734,0.0,?,0.0,0.2,1603.0,1000.0
1604.0,0.356862,9.232045461734153E-11,1604.0,9.0,0.0,4.898557208441845,0.0,?,0.0,0.2,1604.0,1000.0
1605.0,0.357027,9.236314023534473E-11,1605.0,9.0,0.0,4.8988973250997905,0.0,?,0.0,0.2,1605.0,1000.0
1606.0,0.357185,9.240401494834174E-11,1606.0,9.0,0.0,4.899237018200254,0.0,?,0.0,0.2,1606.0,1000.0
1607.0,0.357343,9.244488966133875E-11,1607.0,9.0,0.0,4.899576288533947,0.0,?,0.0,0.2,1607.0,1000.0
1608.0,0.357501,9.248576437433576E-11,1608.0,9.0,0.0,4.8999151368896126,0.0,?,0.0,0.2,1608.0,1000.0
1609.0,0.357659,9.252663908733277E-11,1609.0,9.0,0.0,4.899632060014258,0.0,?,0.0,0.2,1609.0,1000.0
1610.0,0.357815,9.256699639889944E-11,1610.0,9.0,0.0,4.900067071157107,0.0,?,0.0,0.2,1610.0,1000.0
1611.0,0.357972,9.260761241118128E-11,1611.0,9.0,0.0,4.900501542248878,0.0,?,0.0,0.2,1611.0,1000.0
1612.0,0.358132,9.264900452560863E-11,1612.0,9.0,0.0,4.90093547429463,0.0,?,0.0,0.2,1612.0,1000.0
1613.0,0.35829,9.268987923860564E-11,1613.0,9.0,0.0,4.9013688682969265,0.0,?,0.0,0.2,1613.0,1000.0
1614.0,0.358469,9.273618666662125E-11,1614.0,9.0,0.0,4.901801725255851,0.0,?,0.0,0.2,1614.0,1000.0
1615.0,0.358649,9.278275279535202E-11,1615.0,9.0,0.0,4.9022340461690055,0.0,?,0.0,0.2,1615.0,1000.0
1616.0,0.358832,9.283009502622831E-11,1616.0,9.0,0.0,4.902665832031525,0.0,?,0.0,0.2,1616.0,1000.0
1617.0,0.35912,9.290460083219754E-11,1617.0,9.0,0.0,4.903097083836082,0.0,?,0.0,0.2,1617.0,1000.0
1618.0,0.359309,9.295349526736485E-11,1618.0,9.0,0.0,4.902909755601326,0.0,?,0.0,0.2,1618.0,1000.0
1619.0,0.359503,9.300368320610803E-11,1619.0,9.0,0.0,4.903531238710337,0.0,?,0.0,0.2,1619.0,1000.0
1620.0,0.359687,9.305128413769949E-11,1620.0,9.0,0.0,4.9041519545562515,0.0,?,0.0,0.2,1620.0,1000.0
1621.0,0.359875,9.309991987215162E-11,1621.0,9.0,0.0,4.9041550014128426,0.0,?,0.0,0.2,1621.0,1000.0
1622.0,0.360054,9.314622730016723E-11,1622.0,9.0,0.0,4.904625107248387,0.0,?,0.0,0.2,1622.0,1000.0
1623.0,0.360235,9.319305212961317E-11,1623.0,9.0,0.0,4.905094633779145,0.0,?,0.0,0.2,1623.0,1000.0
1624.0,0.360413,9.323910085691361E-11,1624.0,9.0,0.0,4.905563582075258,0.0,?,0.0,0.2,1624.0,1000.0
1625.0,0.360587,9.328411478135336E-11,1625.0,9.0,0.0,4.906031953204238,0.0,?,0.0,0.2,1625.0,1000.0
1626.0,0.36079,9.333663102653306E-11,1626.0,9.0,0.0,4.906499748230967,0.0,?,0.0,0.2,1626.0,1000.0
1627.0,0.360933,9.33736252288025E-11,1627.0,9.0,0.0,4.906966968217714,0.0,?,0.0,0.2,1627.0,1000.0
1628.0,0.361049,9.340363451176234E-11,1628.0,9.0,0.0,4.907433614224132,0.0,?,0.0,0.2,1628.0,1000.0
1629.0,0.361166,9.343390249543734E-11,1629.0,9.0,0.0,4.907899687307276,0.0,?,0.0,0.2,1629.0,1000.0
1630.0,0.361298,9.346805098983992E-11,1630.0,9.0,0.0,4.908365188521608,0.0,?,0.0,0.2,1630.0,1000.0
1631.0,0.361432,9.350271688567282E-11,1631.0,9.0,0.0,4.908830118918999,0.0,?,0.0,0.2,1631.0,1000.0
1632.0,0.361561,9.353608927792987E-11,1632.0,9.0,0.0,4.9092944795487465,0.0,?,0.0,0.2,1632.0,1000.0
1633.0,0.36169,9.356946167018693E-11,1633.0,9.0,0.0,4.909758271457576,0.0,?,0.0,0.2,1633.0,1000.0
1634.0,0.36182,9.360309276315915E-11,1634.0,9.0,0.0,4.91022149568965,0.0,?,0.0,0.2,1634.0,1000.0
1635.0,0.36195,9.363672385613138E-11,1635.0,9.0,0.0,4.910684153286578,0.0,?,0.0,0.2,1635.0,1000.0
1636.0,0.362079,9.367009624838843E-11,1636.0,9.0,0.0,4.910534998343657,0.0,?,0.0,0.2,1636.0,1000.0
1637.0,0.362208,9.370346864064549E-11,1637.0,9.0,0.0,4.911435475060988,0.0,?,0.0,0.2,1637.0,1000.0
1638.0,0.362338,9.373709973361771E-11,1638.0,9.0,0.0,4.912334852295149,0.0,?,0.0,0.2,1638.0,1000.0
1639.0,0.362482,9.377435263660233E-11,1639.0,9.0,0.0,4.913233132058614,0.0,?,0.0,0.2,1639.0,1000.0
1640.0,0.362612,9.380798372957456E-11,1640.0,9.0,0.0,4.914130316358953,0.0,?,0.0,0.2,1640.0,1000.0
1641.0,0.362725,9.383721691038887E-11,1641.0,9.0,0.0,4.914417022677208,0.0,?,0.0,0.2,1641.0,1000.0
1642.0,0.362834,9.386541528834251E-11,1642.0,9.0,0.0,4.914643147685148,0.0,?,0.0,0.2,1642.0,1000.0
1643.0,0.362944,9.389387236701132E-11,1643.0,9.0,0.0,4.915263166057423,0.0,?,0.0,0.2,1643.0,1000.0
1644.0,0.363113,9.393759278787522E-11,1644.0,9.0,0.0,4.91588243014944,0.0,?,0.0,0.2,1644.0,1000.0
1645.0,0.363252,9.397355218728399E-11,1645.0,9.0,0.0,4.916500941336786,0.0,?,0.0,0.2,1645.0,1000.0
1646.0,0.363386,9.400821808311689E-11,1646.0,9.0,0.0,4.917118700991705,0.0,?,0.0,0.2,1646.0,1000.0
1647.0,0.363525,9.404417748252566E-11,1647.0,9.0,0.0,4.917735710483109,0.0,?,0.0,0.2,1647.0,1000.0
1648.0,0.363655,9.407780857549788E-11,1648.0,9.0,0.0,4.917745175060081,0.0,?,0.0,0.2,1648.0,1000.0
1649.0,0.363783,9.411092226703977E-11,1649.0,9.0,0.0,4.9183635830800565,0.0,?,0.0,0.2,1649.0,1000.0
1650.0,0.363911,9.414403595858165E-11,1650.0,9.0,0.0,4.918981241514554,0.0,?,0.0,0.2,1650.0,1000.0
1651.0,0.364044,9.417844315369939E-11,1651.0,9.0,0.0,4.919598151725629,0.0,?,0.0,0.2,1651.0,1000.0
1652.0,0.364173,9.421181554595644E-11,1652.0,9.0,0.0,4.920214315072042,0.0,?,0.0,0.2,1652.0,1000.0
1653.0,0.364327,9.425165545609277E-11,1653.0,9.0,0.0,4.920829732909264,0.0,?,0.0,0.2,1653.0,1000.0
1654.0,0.364455,9.428476914763466E-11,1654.0,9.0,0.0,4.9214444065894885,0.0,?,0.0,0.2,1654.0,1000.0
1655.0,0.364589,9.431943504346756E-11,1655.0,9.0,0.0,4.92205833746164,0.0,?,0.0,0.2,1655.0,1000.0
1656.0,0.364707,9.434996172785774E-11,1656.0,9.0,0.0,4.922671526871385,0.0,?,0.0,0.2,1656.0,1000.0
1657.0,0.364814,9.437764270438103E-11,1657.0,9.0,0.0,4.923283976161143,0.0,?,0.0,0.2,1657.0,1000.0
1658.0,0.364924,9.440609978304985E-11,1658.0,9.0,0.0,4.923895686670092,0.0,?,0.0,0.2,1658.0,1000.0
1659.0,0.365035,9.443481556243382E-11,1659.0,9.0,0.0,4.923903886979514,0.0,?,0.0,0.2,1659.0,1000.0
1660.0,0.365152,9.446508354610882E-11,1660.0,9.0,0.0,4.92409147145582,0.0,?,0.0,0.2,1660.0,1000.0
1661.0,0.365285,9.449949074122657E-11,1661.0,9.0,0.0,4.924705771860991,0.0,?,0.0,0.2,1661.0,1000.0
1662.0,0.36541,9.453182833062294E-11,1662.0,9.0,0.0,4.92531933303583,0.0,?,0.0,0.2,1662.0,1000.0
1663.0,0.365537,9.456468332144965E-11,1663.0,9.0,0.0,4.925330833403484,0.0,?,0.0,0.2,1663.0,1000.0
1664.0,0.365665,9.459779701299153E-11,1664.0,9.0,0.0,4.925850150020556,0.0,?,0.0,0.2,1664.0,1000.0
1665.0,0.365793,9.463091070453341E-11,1665.0,9.0,0.0,4.926368842833883,0.0,?,0.0,0.2,1665.0,1000.0
1666.0,0.36592,9.466376569536012E-11,1666.0,9.0,0.0,4.926886912966761,0.0,?,0.0,0.2,1666.0,1000.0
1667.0,0.366045,9.46961032847565E-11,1667.0,9.0,0.0,4.927404361539793,0.0,?,0.0,0.2,1667.0,1000.0
1668.0,0.366171,9.472869957486803E-11,1668.0,9.0,0.0,4.92792118967089,0.0,?,0.0,0.2,1668.0,1000.0
1669.0,0.3663,9.476207196712509E-11,1669.0,9.0,0.0,4.928437398475287,0.0,?,0.0,0.2,1669.0,1000.0
1670.0,0.36643,9.479570306009731E-11,1670.0,9.0,0.0,4.9283541866703375,0.0,?,0.0,0.2,1670.0,1000.0
1671.0,0.366559,9.482907545235437E-11,1671.0,9.0,0.0,4.928905740119368,0.0,?,0.0,0.2,1671.0,1000.0
1672.0,0.366666,9.485675642887766E-11,1672.0,9.0,0.0,4.928858547691068,0.0,?,0.0,0.2,1672.0,1000.0
1673.0,0.366775,9.48849548068313E-11,1673.0,9.0,0.0,4.929299556728112,0.0,?,0.0,0.2,1673.0,1000.0
1674.0,0.366885,9.491341188550011E-11,1674.0,9.0,0.0,4.929740038872638,0.0,?,0.0,0.2,1674.0,1000.0
1675.0,0.367003,9.494393856989029E-11,1675.0,9.0,0.0,4.930179995068336,0.0,?,0.0,0.2,1675.0,1000.0
1676.0,0.367128,9.497627615928667E-11,1676.0,9.0,0.0,4.93061942625664,0.0,?,0.0,0.2,1676.0,1000.0
1677.0,0.367262,9.501094205511957E-11,1677.0,9.0,0.0,4.9310583333767415,0.0,?,0.0,0.2,1677.0,1000.0
1678.0,0.36739,9.504405574666145E-11,1678.0,9.0,0.0,4.931496717365591,0.0,?,0.0,0.2,1678.0,1000.0
1679.0,0.367518,9.507716943820333E-11,1679.0,9.0,0.0,4.9319345791579075,0.0,?,0.0,0.2,1679.0,1000.0
1680.0,0.367648,9.511080053117556E-11,1680.0,9.0,0.0,4.932371919686187,0.0,?,0.0,0.2,1680.0,1000.0
1681.0,0.367791,9.5147794733445E-11,1681.0,9.0,0.0,4.932808739880701,0.0,?,0.0,0.2,1681.0,1000.0
1682.0,0.367917,9.518039102355654E-11,1682.0,9.0,0.0,4.933245040669516,0.0,?,0.0,0.2,1682.0,1000.0
1683.0,0.36804,9.521221121152257E-11,1683.0,9.0,0.0,4.933680822978486,0.0,?,0.0,0.2,1683.0,1000.0
1684.0,0.368164,9.524429010020377E-11,1684.0,9.0,0.0,4.93411608773127,0.0,?,0.0,0.2,1684.0,1000.0
1685.0,0.3683,9.527947339746702E-11,1685.0,9.0,0.0,4.934550835849332,0.0,?,0.0,0.2,1685.0,1000.0
1686.0,0.368423,9.531129358543305E-11,1686.0,9.0,0.0,4.934985068251951,0.0,?,0.0,0.2,1686.0,1000.0
1687.0,0.368532,9.533949196338669E-11,1687.0,9.0,0.0,4.9354187858562275,0.0,?,0.0,0.2,1687.0,1000.0
1688.0,0.368649,9.53697599470617E-11,1688.0,9.0,0.0,4.935259572515475,0.0,?,0.0,0.2,1688.0,1000.0
1689.0,0.368751,9.539614742000914E-11,1689.0,9.0,0.0,4.935378639456771,0.0,?,0.0,0.2,1689.0,1000.0
1690.0,0.368865,9.542563930153863E-11,1690.0,9.0,0.0,4.935957139361388,0.0,?,0.0,0.2,1690.0,1000.0
1691.0,0.369013,9.546392700738394E-11,1691.0,9.0,0.0,4.936534955055592,0.0,?,0.0,0.2,1691.0,1000.0
1692.0,0.369132,9.549471239248928E-11,1692.0,9.0,0.0,4.936521071204058,0.0,?,0.0,0.2,1692.0,1000.0
1693.0,0.369237,9.552187596758223E-11,1693.0,9.0,0.0,4.93702617787592,0.0,?,0.0,0.2,1693.0,1000.0
1694.0,0.369341,9.554878084196E-11,1694.0,9.0,0.0,4.936940369427744,0.0,?,0.0,0.2,1694.0,1000.0
1695.0,0.369452,9.557749662134398E-11,1695.0,9.0,0.0,4.936765183369084,0.0,?,0.0,0.2,1695.0,1000.0
1696.0,0.369574,9.560905810859484E-11,1696.0,9.0,0.0,4.936484978934042,0.0,?,0.0,0.2,1696.0,1000.0
1697.0,0.369698,9.564113699727604E-11,1697.0,9.0,0.0,4.93669700681699,0.0,?,0.0,0.2,1697.0,1000.0
1698.0,0.36982,9.56726984845269E-11,1698.0,9.0,0.0,4.93690878496156,0.0,?,0.0,0.2,1698.0,1000.0
1699.0,0.369938,9.570322516891708E-11,1699.0,9.0,0.0,4.937120313808725,0.0,?,0.0,0.2,1699.0,1000.0
1700.0,0.370057,9.573401055402242E-11,1700.0,9.0,0.0,4.937331593798423,0.0,?,0.0,0.2,1700.0,1000.0
1701.0,0.370181,9.576608944270362E-11,1701.0,9.0,0.0,4.937542625369556,0.0,?,0.0,0.2,1701.0,1000.0
1702.0,0.370301,9.579713352852413E-11,1702.0,9.0,0.0,4.937165864894189,0.0,?,0.0,0.2,1702.0,1000.0
1703.0,0.370406,9.582429710361708E-11,1703.0,9.0,0.0,4.937391503594445,0.0,?,0.0,0.2,1703.0,1000.0
1704.0,0.370507,9.585042587584935E-11,1704.0,9.0,0.0,4.937616877460545,0.0,?,0.0,0.2,1704.0,1000.0
1705.0,0.370609,9.58768133487968E-11,1705.0,9.0,0.0,4.937841986958474,0.0,?,0.0,0.2,1705.0,1000.0
1706.0,0.370713,9.590371822317457E-11,1706.0,9.0,0.0,4.9380668325531225,0.0,?,0.0,0.2,1706.0,1000.0
1707.0,0.370813,9.592958829469167E-11,1707.0,9.0,0.0,4.938291414708294,0.0,?,0.0,0.2,1707.0,1000.0
1708.0,0.370913,9.595545836620877E-11,1708.0,9.0,0.0,4.938515733886701,0.0,?,0.0,0.2,1708.0,1000.0
1709.0,0.371015,9.598184583915621E-11,1709.0,9.0,0.0,4.93873979054998,0.0,?,0.0,0.2,1709.0,1000.0
1710.0,0.371117,9.600823331210365E-11,1710.0,9.0,0.0,4.938963585158682,0.0,?,0.0,0.2,1710.0,1000.0
1711.0,0.371216,9.603384468290558E-11,1711.0,9.0,0.0,4.939187118172282,0.0,?,0.0,0.2,1711.0,1000.0
1712.0,0.371311,9.605842125084683E-11,1712.0,9.0,0.0,4.939410390049185,0.0,?,0.0,0.2,1712.0,1000.0
1713.0,0.371407,9.608325651950323E-11,1713.0,9.0,0.0,4.939633401246721,0.0,?,0.0,0.2,1713.0,1000.0
1714.0,0.371544,9.611869851748166E-11,1714.0,9.0,0.0,4.939856152221156,0.0,?,0.0,0.2,1714.0,1000.0
1715.0,0.371677,9.61531057125994E-11,1715.0,9.0,0.0,4.940078643427692,0.0,?,0.0,0.2,1715.0,1000.0
1716.0,0.371784,9.61807866891227E-11,1716.0,9.0,0.0,4.939718124737716,0.0,?,0.0,0.2,1716.0,1000.0
1717.0,0.371884,9.620665676063979E-11,1717.0,9.0,0.0,4.9401147301718655,0.0,?,0.0,0.2,1717.0,1000.0
1718.0,0.371983,9.623226813144172E-11,1718.0,9.0,0.0,4.940510873900038,0.0,?,0.0,0.2,1718.0,1000.0
1719.0,0.372081,9.625762080152847E-11,1719.0,9.0,0.0,4.940906556728003,0.0,?,0.0,0.2,1719.0,1000.0
1720.0,0.372179,9.628297347161522E-11,1720.0,9.0,0.0,4.940720384110819,0.0,?,0.0,0.2,1720.0,1000.0
1721.0,0.37228,9.63091022438475E-11,1721.0,9.0,0.0,4.941084094908354,0.0,?,0.0,0.2,1721.0,1000.0
1722.0,0.37238,9.633497231536459E-11,1722.0,9.0,0.0,4.941447383277552,0.0,?,0.0,0.2,1722.0,1000.0
1723.0,0.372478,9.636032498545134E-11,1723.0,9.0,0.0,4.94122986690111,0.0,?,0.0,0.2,1723.0,1000.0
1724.0,0.372576,9.63856776555381E-11,1724.0,9.0,0.0,4.9415446239201595,0.0,?,0.0,0.2,1724.0,1000.0
1725.0,0.372672,9.64105129241945E-11,1725.0,9.0,0.0,4.9418590160035345,0.0,?,0.0,0.2,1725.0,1000.0
1726.0,0.372769,9.643560689356608E-11,1726.0,9.0,0.0,4.942173043785538,0.0,?,0.0,0.2,1726.0,1000.0
1727.0,0.372866,9.646070086293767E-11,1727.0,9.0,0.0,4.942486707899005,0.0,?,0.0,0.2,1727.0,1000.0
1728.0,0.372963,9.648579483230925E-11,1728.0,9.0,0.0,4.942800008975303,0.0,?,0.0,0.2,1728.0,1000.0
1729.0,0.373067,9.651269970668702E-11,1729.0,9.0,0.0,4.943112947644342,0.0,?,0.0,0.2,1729.0,1000.0
1730.0,0.373164,9.65377936760586E-11,1730.0,9.0,0.0,4.943425524534572,0.0,?,0.0,0.2,1730.0,1000.0
1731.0,0.373268,9.656469855043638E-11,1731.0,9.0,0.0,4.943737740272994,0.0,?,0.0,0.2,1731.0,1000.0
1732.0,0.373363,9.658927511837762E-11,1732.0,9.0,0.0,4.944049595485158,0.0,?,0.0,0.2,1732.0,1000.0
1733.0,0.373459,9.661411038703403E-11,1733.0,9.0,0.0,4.944361090795174,0.0,?,0.0,0.2,1733.0,1000.0
1734.0,0.373554,9.663868695497528E-11,1734.0,9.0,0.0,4.944672226825708,0.0,?,0.0,0.2,1734.0,1000.0
1735.0,0.37365,9.666352222363169E-11,1735.0,9.0,0.0,4.9449830041979945,0.0,?,0.0,0.2,1735.0,1000.0
1736.0,0.373745,9.668809879157293E-11,1736.0,9.0,0.0,4.944717386665475,0.0,?,0.0,0.2,1736.0,1000.0
1737.0,0.37384,9.671267535951418E-11,1737.0,9.0,0.0,4.945163001296065,0.0,?,0.0,0.2,1737.0,1000.0
1738.0,0.373937,9.673776932888576E-11,1738.0,9.0,0.0,4.945608103136515,0.0,?,0.0,0.2,1738.0,1000.0
1739.0,0.374043,9.676519160469388E-11,1739.0,9.0,0.0,4.945477649943222,0.0,?,0.0,0.2,1739.0,1000.0
1740.0,0.374139,9.679002687335029E-11,1740.0,9.0,0.0,4.945874710854958,0.0,?,0.0,0.2,1740.0,1000.0
1741.0,0.374239,9.681589694486739E-11,1741.0,9.0,0.0,4.946271315636985,0.0,?,0.0,0.2,1741.0,1000.0
1742.0,0.374336,9.684099091423897E-11,1742.0,9.0,0.0,4.946667465074831,0.0,?,0.0,0.2,1742.0,1000.0
1743.0,0.374434,9.686634358432572E-11,1743.0,9.0,0.0,4.94648943648693,0.0,?,0.0,0.2,1743.0,1000.0
1744.0,0.374528,9.68906614515518E-11,1744.0,9.0,0.0,4.946284015533736,0.0,?,0.0,0.2,1744.0,1000.0
1745.0,0.374625,9.691575542092338E-11,1745.0,9.0,0.0,4.946576771316894,0.0,?,0.0,0.2,1745.0,1000.0
1746.0,0.374722,9.694084939029496E-11,1746.0,9.0,0.0,4.946296454069372,0.0,?,0.0,0.2,1746.0,1000.0
1747.0,0.37482,9.696620206038171E-11,1747.0,9.0,0.0,4.946533898063099,0.0,?,0.0,0.2,1747.0,1000.0
1748.0,0.374916,9.699103732903812E-11,1748.0,9.0,0.0,4.946771070381777,0.0,?,0.0,0.2,1748.0,1000.0
1749.0,0.375011,9.701561389697937E-11,1749.0,9.0,0.0,4.946436216202663,0.0,?,0.0,0.2,1749.0,1000.0
1750.0,0.375107,9.704044916563577E-11,1750.0,9.0,0.0,4.946636708249002,0.0,?,0.0,0.2,1750.0,1000.0
1751.0,0.375206,9.70660605364377E-11,1751.0,9.0,0.0,4.946836971292433,0.0,?,0.0,0.2,1751.0,1000.0
1752.0,0.375303,9.709115450580928E-11,1752.0,9.0,0.0,4.947037005725084,0.0,?,0.0,0.2,1752.0,1000.0
1753.0,0.3754,9.711624847518086E-11,1753.0,9.0,0.0,4.947236811938188,0.0,?,0.0,0.2,1753.0,1000.0
1754.0,0.375502,9.71426359481283E-11,1754.0,9.0,0.0,4.946866264894493,0.0,?,0.0,0.2,1754.0,1000.0
1755.0,0.375603,9.716876472036057E-11,1755.0,10.0,0.0,4.947061482797237,0.0,?,0.0,0.2,1755.0,1000.0
1756.0,0.3757,9.719385868973215E-11,1756.0,10.0,0.0,4.9442442496065775,0.0,?,0.0,0.2,1756.0,1000.0
1757.0,0.375797,9.721895265910373E-11,1757.0,10.0,0.0,4.941430223283524,0.0,?,0.0,0.2,1757.0,1000.0
1758.0,0.375893,9.724378792776014E-11,1758.0,10.0,0.0,4.938619398355603,0.0,?,0.0,0.2,1758.0,1000.0
1759.0,0.375992,9.726939929856207E-11,1759.0,10.0,0.0,4.935811769362791,0.0,?,0.0,0.2,1759.0,1000.0
1760.0,0.376094,9.729578677150951E-11,1760.0,10.0,0.0,4.933575512675653,0.0,?,0.0,0.2,1760.0,1000.0
1761.0,0.376193,9.732139814231143E-11,1761.0,10.0,0.0,4.93418109160088,0.0,?,0.0,0.2,1761.0,1000.0
1762.0,0.376288,9.734597471025268E-11,1762.0,10.0,0.0,4.9347859831493475,0.0,?,0.0,0.2,1762.0,1000.0
1763.0,0.376387,9.737158608105461E-11,1763.0,10.0,0.0,4.935390188490726,0.0,?,0.0,0.2,1763.0,1000.0
1764.0,0.376481,9.739590394828068E-11,1764.0,10.0,0.0,4.935426815367999,0.0,?,0.0,0.2,1764.0,1000.0
1765.0,0.376576,9.742048051622193E-11,1765.0,10.0,0.0,4.935463400741728,0.0,?,0.0,0.2,1765.0,1000.0
1766.0,0.376671,9.744505708416318E-11,1766.0,10.0,0.0,4.935499944682418,0.0,?,0.0,0.2,1766.0,1000.0
1767.0,0.376766,9.746963365210443E-11,1767.0,10.0,0.0,4.93497051630399,0.0,?,0.0,0.2,1767.0,1000.0
1768.0,0.376862,9.749446892076083E-11,1768.0,10.0,0.0,4.934064612919957,0.0,?,0.0,0.2,1768.0,1000.0
1769.0,0.376956,9.751878678798691E-11,1769.0,10.0,0.0,4.933253948921698,0.0,?,0.0,0.2,1769.0,1000.0
1770.0,0.377058,9.754517426093435E-11,1770.0,10.0,0.0,4.931879229176545,0.0,?,0.0,0.2,1770.0,1000.0
1771.0,0.377158,9.757104433245145E-11,1771.0,10.0,0.0,4.930901318826925,0.0,?,0.0,0.2,1771.0,1000.0
1772.0,0.377252,9.759536219967752E-11,1772.0,10.0,0.0,4.929924512213592,0.0,?,0.0,0.2,1772.0,1000.0
1773.0,0.377348,9.762019746833393E-11,1773.0,10.0,0.0,4.928384791676529,0.0,?,0.0,0.2,1773.0,1000.0
1774.0,0.377444,9.764503273699034E-11,1774.0,10.0,0.0,4.927391714943153,0.0,?,0.0,0.2,1774.0,1000.0
1775.0,0.37754,9.766986800564675E-11,1775.0,10.0,0.0,4.9263997571694755,0.0,?,0.0,0.2,1775.0,1000.0
1776.0,0.377634,9.769418587287282E-11,1776.0,10.0,0.0,4.925408916465363,0.0,?,0.0,0.2,1776.0,1000.0
1777.0,0.377729,9.771876244081407E-11,1777.0,10.0,0.0,4.924419190944936,0.0,?,0.0,0.2,1777.0,1000.0
1778.0,0.377828,9.7744373811616E-11,1778.0,10.0,0.0,4.922868149030268,0.0,?,0.0,0.2,1778.0,1000.0
1779.0,0.377927,9.776998518241792E-11,1779.0,10.0,0.0,4.921466071053619,0.0,?,0.0,0.2,1779.0,1000.0
1780.0,0.378024,9.77950791517895E-11,1780.0,10.0,0.0,4.920456820451903,0.0,?,0.0,0.2,1780.0,1000.0
1781.0,0.378122,9.782043182187625E-11,1781.0,10.0,0.0,4.919448703202913,0.0,?,0.0,0.2,1781.0,1000.0
1782.0,0.378218,9.784526709053266E-11,1782.0,10.0,0.0,4.918441717398646,0.0,?,0.0,0.2,1782.0,1000.0
1783.0,0.378314,9.787010235918907E-11,1783.0,10.0,0.0,4.917435861135383,0.0,?,0.0,0.2,1783.0,1000.0
1784.0,0.378411,9.789519632856065E-11,1784.0,10.0,0.0,4.9164311325136705,0.0,?,0.0,0.2,1784.0,1000.0
1785.0,0.378507,9.792003159721706E-11,1785.0,10.0,0.0,4.915427529638312,0.0,?,0.0,0.2,1785.0,1000.0
1786.0,0.378604,9.794512556658864E-11,1786.0,10.0,0.0,4.914425050618358,0.0,?,0.0,0.2,1786.0,1000.0
1787.0,0.378702,9.797047823667539E-11,1787.0,10.0,0.0,4.913423693567089,0.0,?,0.0,0.2,1787.0,1000.0
1788.0,0.378805,9.799712441033799E-11,1788.0,10.0,0.0,4.912423456602006,0.0,?,0.0,0.2,1788.0,1000.0
1789.0,0.378902,9.802221837970957E-11,1789.0,10.0,0.0,4.910865366352368,0.0,?,0.0,0.2,1789.0,1000.0
1790.0,0.378996,9.804653624693565E-11,1790.0,10.0,0.0,4.9102944297727795,0.0,?,0.0,0.2,1790.0,1000.0
1791.0,0.379097,9.807266501916792E-11,1791.0,10.0,0.0,4.909165783462962,0.0,?,0.0,0.2,1791.0,1000.0
1792.0,0.379191,9.809698288639399E-11,1792.0,10.0,0.0,4.908491025771298,0.0,?,0.0,0.2,1792.0,1000.0
1793.0,0.379287,9.81218181550504E-11,1793.0,10.0,0.0,4.907817020737404,0.0,?,0.0,0.2,1793.0,1000.0
1794.0,0.379384,9.814691212442198E-11,1794.0,10.0,0.0,4.907143767102657,0.0,?,0.0,0.2,1794.0,1000.0
1795.0,0.379482,9.817226479450873E-11,1795.0,10.0,0.0,4.906471263611236,0.0,?,0.0,0.2,1795.0,1000.0
1796.0,0.379581,9.819787616531066E-11,1796.0,10.0,0.0,4.905242716137065,0.0,?,0.0,0.2,1796.0,1000.0
1797.0,0.379679,9.822322883539741E-11,1797.0,10.0,0.0,4.9040813021704786,0.0,?,0.0,0.2,1797.0,1000.0
1798.0,0.379774,9.824780540333866E-11,1798.0,10.0,0.0,4.903346737115508,0.0,?,0.0,0.2,1798.0,1000.0
1799.0,0.379875,9.827393417557093E-11,1799.0,10.0,0.0,4.90261298869762,0.0,?,0.0,0.2,1799.0,1000.0
1800.0,0.379969,9.8298252042797E-11,1800.0,10.0,0.0,4.901880055555751,0.0,?,0.0,0.2,1800.0,1000.0
1801.0,0.380068,9.832386341359893E-11,1801.0,10.0,0.0,4.9011479363318635,0.0,?,0.0,0.2,1801.0,1000.0
1802.0,0.380164,9.834869868225534E-11,1802.0,10.0,0.0,4.899861690714218,0.0,?,0.0,0.2,1802.0,1000.0
1803.0,0.380263,9.837431005305726E-11,1803.0,10.0,0.0,4.899191943626915,0.0,?,0.0,0.2,1803.0,1000.0
1804.0,0.380356,9.839836921956817E-11,1804.0,10.0,0.0,4.898522939053014,0.0,?,0.0,0.2,1804.0,1000.0
1805.0,0.38045,9.842268708679424E-11,1805.0,10.0,0.0,4.89730065913792,0.0,?,0.0,0.2,1805.0,1000.0
1806.0,0.380547,9.844778105616582E-11,1806.0,10.0,0.0,4.896606061399115,0.0,?,0.0,0.2,1806.0,1000.0
1807.0,0.380643,9.847261632482223E-11,1807.0,10.0,0.0,4.895358829014754,0.0,?,0.0,0.2,1807.0,1000.0
1808.0,0.380741,9.849796899490898E-11,1808.0,10.0,0.0,4.894605496329088,0.0,?,0.0,0.2,1808.0,1000.0
1809.0,0.380836,9.852254556285023E-11,1809.0,10.0,0.0,4.893852996515381,0.0,?,0.0,0.2,1809.0,1000.0
1810.0,0.380931,9.854712213079148E-11,1810.0,10.0,0.0,4.893101328193181,0.0,?,0.0,0.2,1810.0,1000.0
1811.0,0.381038,9.857480310731477E-11,1811.0,10.0,0.0,4.892350489985086,0.0,?,0.0,0.2,1811.0,1000.0
1812.0,0.381137,9.86004144781167E-11,1812.0,10.0,0.0,4.891600480516735,0.0,?,0.0,0.2,1812.0,1000.0
1813.0,0.381234,9.862550844748828E-11,1813.0,10.0,0.0,4.8902997264366554,0.0,?,0.0,0.2,1813.0,1000.0
1814.0,0.381332,9.865086111757503E-11,1814.0,10.0,0.0,4.889636661537848,0.0,?,0.0,0.2,1814.0,1000.0
1815.0,0.381431,9.867647248837695E-11,1815.0,10.0,0.0,4.888974327289067,0.0,?,0.0,0.2,1815.0,1000.0
1816.0,0.38153,9.870208385917888E-11,1816.0,10.0,0.0,4.888312722483291,0.0,?,0.0,0.2,1816.0,1000.0
1817.0,0.381625,9.872666042712013E-11,1817.0,10.0,0.0,4.887651845916157,0.0,?,0.0,0.2,1817.0,1000.0
1818.0,0.38172,9.875123699506137E-11,1818.0,10.0,0.0,4.88699169638595,0.0,?,0.0,0.2,1818.0,1000.0
1819.0,0.381818,9.877658966514813E-11,1819.0,10.0,0.0,4.886332272693599,0.0,?,0.0,0.2,1819.0,1000.0
1820.0,0.381914,9.880142493380453E-11,1820.0,10.0,0.0,4.885673573642668,0.0,?,0.0,0.2,1820.0,1000.0
1821.0,0.382015,9.88275537060368E-11,1821.0,10.0,0.0,4.88501559803935,0.0,?,0.0,0.2,1821.0,1000.0
1822.0,0.382112,9.885264767540839E-11,1822.0,10.0,0.0,4.8843583446924566,0.0,?,0.0,0.2,1822.0,1000.0
1823.0,0.382209,9.887774164477997E-11,1823.0,10.0,0.0,4.883153266061249,0.0,?,0.0,0.2,1823.0,1000.0
1824.0,0.382307,9.890309431486672E-11,1824.0,10.0,0.0,4.8827013308986125,0.0,?,0.0,0.2,1824.0,1000.0
1825.0,0.382404,9.89281882842383E-11,1825.0,10.0,0.0,4.882249891007388,0.0,?,0.0,0.2,1825.0,1000.0
1826.0,0.382499,9.895276485217955E-11,1826.0,10.0,0.0,4.881798945573874,0.0,?,0.0,0.2,1826.0,1000.0
1827.0,0.382596,9.897785882155113E-11,1827.0,10.0,0.0,4.880801148411225,0.0,?,0.0,0.2,1827.0,1000.0
1828.0,0.382692,9.900269409020753E-11,1828.0,10.0,0.0,4.880349701150362,0.0,?,0.0,0.2,1828.0,1000.0
1829.0,0.382787,9.902727065814878E-11,1829.0,10.0,0.0,4.879898747544241,0.0,?,0.0,0.2,1829.0,1000.0
1830.0,0.382884,9.905236462752036E-11,1830.0,10.0,0.0,4.879448286783591,0.0,?,0.0,0.2,1830.0,1000.0
1831.0,0.382986,9.90787521004678E-11,1831.0,10.0,0.0,4.87899831806091,0.0,?,0.0,0.2,1831.0,1000.0
1832.0,0.383097,9.910746787985178E-11,1832.0,10.0,0.0,4.878548840570459,0.0,?,0.0,0.2,1832.0,1000.0
1833.0,0.383198,9.913359665208405E-11,1833.0,10.0,0.0,4.878099853508258,0.0,?,0.0,0.2,1833.0,1000.0
1834.0,0.383295,9.915869062145563E-11,1834.0,10.0,0.0,4.877651356072078,0.0,?,0.0,0.2,1834.0,1000.0
1835.0,0.383392,9.918378459082721E-11,1835.0,10.0,0.0,4.877203347461442,0.0,?,0.0,0.2,1835.0,1000.0
1836.0,0.383488,9.920861985948361E-11,1836.0,10.0,0.0,4.8767558268776146,0.0,?,0.0,0.2,1836.0,1000.0
1837.0,0.383586,9.923397252957037E-11,1837.0,10.0,0.0,4.8763087935236005,0.0,?,0.0,0.2,1837.0,1000.0
1838.0,0.383681,9.925854909751162E-11,1838.0,10.0,0.0,4.87586224660414,0.0,?,0.0,0.2,1838.0,1000.0
1839.0,0.38378,9.928416046831354E-11,1839.0,10.0,0.0,4.875416185325701,0.0,?,0.0,0.2,1839.0,1000.0
1840.0,0.383879,9.930977183911547E-11,1840.0,10.0,0.0,4.8749706088964775,0.0,?,0.0,0.2,1840.0,1000.0
1841.0,0.383981,9.933615931206291E-11,1841.0,10.0,0.0,4.8745255165263845,0.0,?,0.0,0.2,1841.0,1000.0
1842.0,0.384081,9.936202938358001E-11,1842.0,10.0,0.0,4.874080907427051,0.0,?,0.0,0.2,1842.0,1000.0
1843.0,0.384181,9.93878994550971E-11,1843.0,10.0,0.0,4.873636780811819,0.0,?,0.0,0.2,1843.0,1000.0
1844.0,0.384277,9.941273472375351E-11,1844.0,10.0,0.0,4.872650836546495,0.0,?,0.0,0.2,1844.0,1000.0
1845.0,0.384383,9.944015699956163E-11,1845.0,10.0,0.0,4.8725772274780494,0.0,?,0.0,0.2,1845.0,1000.0
1846.0,0.384486,9.946680317322424E-11,1846.0,10.0,0.0,4.871961986350089,0.0,?,0.0,0.2,1846.0,1000.0
1847.0,0.384584,9.949215584331099E-11,1847.0,10.0,0.0,4.871814741094892,0.0,?,0.0,0.2,1847.0,1000.0
1848.0,0.384679,9.951673241125224E-11,1848.0,10.0,0.0,4.871667655196031,0.0,?,0.0,0.2,1848.0,1000.0
1849.0,0.384792,9.954596559206655E-11,1849.0,10.0,0.0,4.871520728394952,0.0,?,0.0,0.2,1849.0,1000.0
1850.0,0.384892,9.957183566358365E-11,1850.0,10.0,0.0,4.871373960433657,0.0,?,0.0,0.2,1850.0,1000.0
1851.0,0.384999,9.959951664010695E-11,1851.0,10.0,0.0,4.871227351054709,0.0,?,0.0,0.2,1851.0,1000.0
1852.0,0.385142,9.963651084237639E-11,1852.0,10.0,0.0,4.871080900001224,0.0,?,0.0,0.2,1852.0,1000.0
1853.0,0.385244,9.966289831532384E-11,1853.0,10.0,0.0,4.870934607016873,0.0,?,0.0,0.2,1853.0,1000.0
1854.0,0.385396,9.970222082402982E-11,1854.0,10.0,0.0,4.870788471845883,0.0,?,0.0,0.2,1854.0,1000.0
1855.0,0.385513,9.973248880770483E-11,1855.0,10.0,0.0,4.870642494233028,0.0,?,0.0,0.2,1855.0,1000.0
1856.0,0.385615,9.975887628065227E-11,1856.0,10.0,0.0,4.869957880820188,0.0,?,0.0,0.2,1856.0,1000.0
1857.0,0.385717,9.978526375359972E-11,1857.0,10.0,0.0,4.869412476930216,0.0,?,0.0,0.2,1857.0,1000.0
1858.0,0.385816,9.981087512440164E-11,1858.0,10.0,0.0,4.868773298084623,0.0,?,0.0,0.2,1858.0,1000.0
1859.0,0.385923,9.983855610092493E-11,1859.0,10.0,0.0,4.868586620210685,0.0,?,0.0,0.2,1859.0,1000.0
1860.0,0.386039,9.986856538388477E-11,1860.0,10.0,0.0,4.8678625086570415,0.0,?,0.0,0.2,1860.0,1000.0
1861.0,0.386163,9.990064427256597E-11,1861.0,10.0,0.0,4.867620060595789,0.0,?,0.0,0.2,1861.0,1000.0
1862.0,0.386262,9.99262556433679E-11,1862.0,10.0,0.0,4.867377872951359,0.0,?,0.0,0.2,1862.0,1000.0
1863.0,0.386367,9.995341921846085E-11,1863.0,10.0,0.0,4.867135945304399,0.0,?,0.0,0.2,1863.0,1000.0
1864.0,0.386477,9.998187629712966E-11,1864.0,10.0,0.0,4.86689427723646,0.0,?,0.0,0.2,1864.0,1000.0
1865.0,0.386593,1.0001188558008949E-10,1865.0,10.0,0.0,4.866116675300497,0.0,?,0.0,0.2,1865.0,1000.0
1866.0,0.38671,1.000421535637645E-10,1866.0,10.0,0.0,4.865888316953606,0.0,?,0.0,0.2,1866.0,1000.0
1867.0,0.38682,1.0007061064243331E-10,1867.0,10.0,0.0,4.865660203232688,0.0,?,0.0,0.2,1867.0,1000.0
1868.0,0.386928,1.0009855031967178E-10,1868.0,10.0,0.0,4.865432333744876,0.0,?,0.0,0.2,1868.0,1000.0
1869.0,0.387053,1.0013088790906815E-10,1869.0,10.0,0.0,4.865204708098143,0.0,?,0.0,0.2,1869.0,1000.0
1870.0,0.387164,1.0015960368845213E-10,1870.0,10.0,0.0,4.864977325901299,0.0,?,0.0,0.2,1870.0,1000.0
1871.0,0.387274,1.0018806076712094E-10,1871.0,10.0,0.0,4.864750186763993,0.0,?,0.0,0.2,1871.0,1000.0
1872.0,0.387382,1.002160004443594E-10,1872.0,10.0,0.0,4.864523290296705,0.0,?,0.0,0.2,1872.0,1000.0
1873.0,0.387484,1.0024238791730685E-10,1873.0,10.0,0.0,4.8642966361107485,0.0,?,0.0,0.2,1873.0,1000.0
1874.0,0.387583,1.0026799928810877E-10,1874.0,10.0,0.0,4.864070223818267,0.0,?,0.0,0.2,1874.0,1000.0
1875.0,0.38768,1.0029309325748035E-10,1875.0,10.0,0.0,4.86384405303223,0.0,?,0.0,0.2,1875.0,1000.0
1876.0,0.387781,1.0031922202971262E-10,1876.0,10.0,0.0,4.863085074325924,0.0,?,0.0,0.2,1876.0,1000.0
1877.0,0.387877,1.0034405729836903E-10,1877.0,10.0,0.0,4.86299409010535,0.0,?,0.0,0.2,1877.0,1000.0
1878.0,0.387975,1.0036940996845578E-10,1878.0,10.0,0.0,4.862903202779579,0.0,?,0.0,0.2,1878.0,1000.0
1879.0,0.388072,1.0039450393782736E-10,1879.0,10.0,0.0,4.862812412193911,0.0,?,0.0,0.2,1879.0,1000.0
1880.0,0.388171,1.0042011530862929E-10,1880.0,10.0,0.0,4.862721718193972,0.0,?,0.0,0.2,1880.0,1000.0
1881.0,0.388271,1.0044598538014639E-10,1881.0,10.0,0.0,4.862631120625718,0.0,?,0.0,0.2,1881.0,1000.0
1882.0,0.388374,1.0047263155380899E-10,1882.0,10.0,0.0,4.862540619335433,0.0,?,0.0,0.2,1882.0,1000.0
1883.0,0.388469,1.0049720812175024E-10,1883.0,10.0,0.0,4.8624502141697254,0.0,?,0.0,0.2,1883.0,1000.0
1884.0,0.388567,1.0052256079183699E-10,1884.0,10.0,0.0,4.8623599049755315,0.0,?,0.0,0.2,1884.0,1000.0
1885.0,0.388663,1.005473960604934E-10,1885.0,10.0,0.0,4.861739187621332,0.0,?,0.0,0.2,1885.0,1000.0
1886.0,0.388767,1.0057430093487117E-10,1886.0,10.0,0.0,4.861733945131528,0.0,?,0.0,0.2,1886.0,1000.0
1887.0,0.388878,1.0060301671425515E-10,1887.0,10.0,0.0,4.86119876649174,0.0,?,0.0,0.2,1887.0,1000.0
1888.0,0.388977,1.0062862808505707E-10,1888.0,10.0,0.0,4.861139868839997,0.0,?,0.0,0.2,1888.0,1000.0
1889.0,0.389074,1.0065372205442865E-10,1889.0,10.0,0.0,4.861081033546805,0.0,?,0.0,0.2,1889.0,1000.0
1890.0,0.38917,1.0067855732308506E-10,1890.0,10.0,0.0,4.861022260513182,0.0,?,0.0,0.2,1890.0,1000.0
1891.0,0.389271,1.0070468609531733E-10,1891.0,10.0,0.0,4.860434728910584,0.0,?,0.0,0.2,1891.0,1000.0
1892.0,0.389368,1.0072978006468891E-10,1892.0,10.0,0.0,4.85983414920769,0.0,?,0.0,0.2,1892.0,1000.0
1893.0,0.389498,1.0076341115766114E-10,1893.0,10.0,0.0,4.859168626677733,0.0,?,0.0,0.2,1893.0,1000.0
1894.0,0.389597,1.0078902252846306E-10,1894.0,10.0,0.0,4.858442492750101,0.0,?,0.0,0.2,1894.0,1000.0
1895.0,0.389693,1.0081385779711947E-10,1895.0,10.0,0.0,4.858187377978202,0.0,?,0.0,0.2,1895.0,1000.0
1896.0,0.389791,1.0083921046720622E-10,1896.0,10.0,0.0,4.8579325323147104,0.0,?,0.0,0.2,1896.0,1000.0
1897.0,0.38989,1.0086482183800815E-10,1897.0,10.0,0.0,4.857677955334049,0.0,?,0.0,0.2,1897.0,1000.0
1898.0,0.389989,1.0089043320881007E-10,1898.0,10.0,0.0,4.857423646611534,0.0,?,0.0,0.2,1898.0,1000.0
1899.0,0.390088,1.00916044579612E-10,1899.0,10.0,0.0,4.857169605723376,0.0,?,0.0,0.2,1899.0,1000.0
1900.0,0.390189,1.0094217335184427E-10,1900.0,10.0,0.0,4.856389516457206,0.0,?,0.0,0.2,1900.0,1000.0
1901.0,0.390287,1.0096752602193102E-10,1901.0,10.0,0.0,4.856162190264563,0.0,?,0.0,0.2,1901.0,1000.0
1902.0,0.390382,1.0099210258987227E-10,1902.0,10.0,0.0,4.855935103111028,0.0,?,0.0,0.2,1902.0,1000.0
1903.0,0.39048,1.0101745525995902E-10,1903.0,10.0,0.0,4.8551827685451485,0.0,?,0.0,0.2,1903.0,1000.0
1904.0,0.390577,1.010425492293306E-10,1904.0,10.0,0.0,4.854934433551783,0.0,?,0.0,0.2,1904.0,1000.0
1905.0,0.390672,1.0106712579727185E-10,1905.0,10.0,0.0,4.85468635927757,0.0,?,0.0,0.2,1905.0,1000.0
1906.0,0.390773,1.0109325456950412E-10,1906.0,10.0,0.0,4.854438545312145,0.0,?,0.0,0.2,1906.0,1000.0
1907.0,0.390868,1.0111783113744537E-10,1907.0,10.0,0.0,4.854190991246001,0.0,?,0.0,0.2,1907.0,1000.0
1908.0,0.390967,1.011434425082473E-10,1908.0,10.0,0.0,4.853943696670493,0.0,?,0.0,0.2,1908.0,1000.0
1909.0,0.391081,1.0117293438977678E-10,1909.0,10.0,0.0,4.85369666117783,0.0,?,0.0,0.2,1909.0,1000.0
1910.0,0.391177,1.0119776965843319E-10,1910.0,10.0,0.0,4.853449884361075,0.0,?,0.0,0.2,1910.0,1000.0
1911.0,0.391278,1.0122389843066546E-10,1911.0,10.0,0.0,4.853203365814145,0.0,?,0.0,0.2,1911.0,1000.0
1912.0,0.391377,1.0124950980146739E-10,1912.0,10.0,0.0,4.852957105131803,0.0,?,0.0,0.2,1912.0,1000.0
1913.0,0.391473,1.012743450701238E-10,1913.0,10.0,0.0,4.852711101909662,0.0,?,0.0,0.2,1913.0,1000.0
1914.0,0.391568,1.0129892163806504E-10,1914.0,10.0,0.0,4.8524653557441795,0.0,?,0.0,0.2,1914.0,1000.0
1915.0,0.391664,1.0132375690672145E-10,1915.0,10.0,0.0,4.852219866232656,0.0,?,0.0,0.2,1915.0,1000.0
1916.0,0.391763,1.0134936827752337E-10,1916.0,10.0,0.0,4.851452712305174,0.0,?,0.0,0.2,1916.0,1000.0
1917.0,0.391859,1.0137420354617978E-10,1917.0,10.0,0.0,4.851336446638125,0.0,?,0.0,0.2,1917.0,1000.0
1918.0,0.391955,1.0139903881483619E-10,1918.0,10.0,0.0,4.851220302207433,0.0,?,0.0,0.2,1918.0,1000.0
1919.0,0.392049,1.0142335668206226E-10,1919.0,10.0,0.0,4.851104278823568,0.0,?,0.0,0.2,1919.0,1000.0
1920.0,0.392146,1.0144845065143384E-10,1920.0,10.0,0.0,4.850988376297395,0.0,?,0.0,0.2,1920.0,1000.0
1921.0,0.392244,1.014738033215206E-10,1921.0,10.0,0.0,4.850872594440172,0.0,?,0.0,0.2,1921.0,1000.0
1922.0,0.39234,1.01498638590177E-10,1922.0,10.0,0.0,4.850756933063549,0.0,?,0.0,0.2,1922.0,1000.0
1923.0,0.392437,1.0152373255954859E-10,1923.0,10.0,0.0,4.85064139197957,0.0,?,0.0,0.2,1923.0,1000.0
1924.0,0.392535,1.0154908522963534E-10,1924.0,10.0,0.0,4.850525971000668,0.0,?,0.0,0.2,1924.0,1000.0
1925.0,0.392632,1.0157417919900692E-10,1925.0,10.0,0.0,4.850410669939666,0.0,?,0.0,0.2,1925.0,1000.0
1926.0,0.392729,1.015992731683785E-10,1926.0,10.0,0.0,4.84977627781019,0.0,?,0.0,0.2,1926.0,1000.0
1927.0,0.392825,1.016241084370349E-10,1927.0,10.0,0.0,4.849738914810692,0.0,?,0.0,0.2,1927.0,1000.0
1928.0,0.392924,1.0164971980783683E-10,1928.0,10.0,0.0,4.8497015905694925,0.0,?,0.0,0.2,1928.0,1000.0
1929.0,0.393019,1.0167429637577808E-10,1929.0,10.0,0.0,4.849664305026313,0.0,?,0.0,0.2,1929.0,1000.0
1930.0,0.393126,1.0170197735230137E-10,1930.0,10.0,0.0,4.849627058121003,0.0,?,0.0,0.2,1930.0,1000.0
1931.0,0.393225,1.017275887231033E-10,1931.0,10.0,0.0,4.849589849793534,0.0,?,0.0,0.2,1931.0,1000.0
1932.0,0.393328,1.017542348967659E-10,1932.0,10.0,0.0,4.849552679984002,0.0,?,0.0,0.2,1932.0,1000.0
1933.0,0.393424,1.0177907016542231E-10,1933.0,10.0,0.0,4.84899821805839,0.0,?,0.0,0.2,1933.0,1000.0
1934.0,0.393525,1.0180519893765458E-10,1934.0,10.0,0.0,4.848992447437801,0.0,?,0.0,0.2,1934.0,1000.0
1935.0,0.393622,1.0183029290702616E-10,1935.0,10.0,0.0,4.848986682781677,0.0,?,0.0,0.2,1935.0,1000.0
1936.0,0.393719,1.0185538687639774E-10,1936.0,10.0,0.0,4.848980924080776,0.0,?,0.0,0.2,1936.0,1000.0
1937.0,0.393815,1.0188022214505415E-10,1937.0,10.0,0.0,4.8484589090646475,0.0,?,0.0,0.2,1937.0,1000.0
1938.0,0.393912,1.0190531611442573E-10,1938.0,10.0,0.0,4.84844205177085,0.0,?,0.0,0.2,1938.0,1000.0
1939.0,0.394007,1.0192989268236697E-10,1939.0,10.0,0.0,4.848425211864669,0.0,?,0.0,0.2,1939.0,1000.0
1940.0,0.394106,1.019555040531689E-10,1940.0,10.0,0.0,4.848408389319215,0.0,?,0.0,0.2,1940.0,1000.0
1941.0,0.394206,1.01981374124686E-10,1941.0,10.0,0.0,4.848391584107657,0.0,?,0.0,0.2,1941.0,1000.0
1942.0,0.394302,1.020062093933424E-10,1942.0,10.0,0.0,4.848374796203217,0.0,?,0.0,0.2,1942.0,1000.0
1943.0,0.3944,1.0203156206342916E-10,1943.0,10.0,0.0,4.848358025579173,0.0,?,0.0,0.2,1943.0,1000.0
1944.0,0.394498,1.0205691473351591E-10,1944.0,10.0,0.0,4.847826868916676,0.0,?,0.0,0.2,1944.0,1000.0
1945.0,0.394593,1.0208149130145716E-10,1945.0,10.0,0.0,4.847325052979852,0.0,?,0.0,0.2,1945.0,1000.0
1946.0,0.394689,1.0210632657011357E-10,1946.0,10.0,0.0,4.8472878869711264,0.0,?,0.0,0.2,1946.0,1000.0
1947.0,0.394783,1.0213064443733964E-10,1947.0,10.0,0.0,4.8472507591401195,0.0,?,0.0,0.2,1947.0,1000.0
1948.0,0.39488,1.0215573840671122E-10,1948.0,10.0,0.0,4.847213669428035,0.0,?,0.0,0.2,1948.0,1000.0
1949.0,0.394976,1.0218057367536763E-10,1949.0,10.0,0.0,4.847176617776198,0.0,?,0.0,0.2,1949.0,1000.0
1950.0,0.395071,1.0220515024330888E-10,1950.0,10.0,0.0,4.847139604126057,0.0,?,0.0,0.2,1950.0,1000.0
1951.0,0.395173,1.0223153771625632E-10,1951.0,10.0,0.0,4.847102628419175,0.0,?,0.0,0.2,1951.0,1000.0
1952.0,0.395271,1.0225689038634307E-10,1952.0,10.0,0.0,4.847065690597239,0.0,?,0.0,0.2,1952.0,1000.0
1953.0,0.39537,1.02282501757145E-10,1953.0,10.0,0.0,4.846516757831956,0.0,?,0.0,0.2,1953.0,1000.0
1954.0,0.395466,1.023073370258014E-10,1954.0,10.0,0.0,4.846520412785258,0.0,?,0.0,0.2,1954.0,1000.0
1955.0,0.395562,1.0233217229445781E-10,1955.0,10.0,0.0,4.846524063999478,0.0,?,0.0,0.2,1955.0,1000.0
1956.0,0.395662,1.0235804236597491E-10,1956.0,10.0,0.0,4.846016464036588,0.0,?,0.0,0.2,1956.0,1000.0
1957.0,0.395757,1.0238261893391616E-10,1957.0,10.0,0.0,4.845997816793607,0.0,?,0.0,0.2,1957.0,1000.0
1958.0,0.395852,1.0240719550185741E-10,1958.0,10.0,0.0,4.845979188597861,0.0,?,0.0,0.2,1958.0,1000.0
1959.0,0.395948,1.0243203077051381E-10,1959.0,10.0,0.0,4.845450114897465,0.0,?,0.0,0.2,1959.0,1000.0
1960.0,0.396047,1.0245764214131574E-10,1960.0,10.0,0.0,4.845410314767653,0.0,?,0.0,0.2,1960.0,1000.0
1961.0,0.396147,1.0248351221283284E-10,1961.0,10.0,0.0,4.8453705552295085,0.0,?,0.0,0.2,1961.0,1000.0
1962.0,0.396244,1.0250860618220442E-10,1962.0,10.0,0.0,4.845330836220964,0.0,?,0.0,0.2,1962.0,1000.0
1963.0,0.396339,1.0253318275014567E-10,1963.0,10.0,0.0,4.844781733329596,0.0,?,0.0,0.2,1963.0,1000.0
1964.0,0.396438,1.0255879412094759E-10,1964.0,10.0,0.0,4.844224308821791,0.0,?,0.0,0.2,1964.0,1000.0
1965.0,0.396541,1.025854402946102E-10,1965.0,10.0,0.0,4.844133948698556,0.0,?,0.0,0.2,1965.0,1000.0
1966.0,0.396642,1.0261156906684246E-10,1966.0,10.0,0.0,4.844043680498133,0.0,?,0.0,0.2,1966.0,1000.0
1967.0,0.396738,1.0263640433549887E-10,1967.0,10.0,0.0,4.843953504080323,0.0,?,0.0,0.2,1967.0,1000.0
1968.0,0.396835,1.0266149830487045E-10,1968.0,10.0,0.0,4.843863419305214,0.0,?,0.0,0.2,1968.0,1000.0
1969.0,0.396931,1.0268633357352686E-10,1969.0,10.0,0.0,4.843773426033178,0.0,?,0.0,0.2,1969.0,1000.0
1970.0,0.397027,1.0271116884218327E-10,1970.0,10.0,0.0,4.84368352412487,0.0,?,0.0,0.2,1970.0,1000.0
1971.0,0.397127,1.0273703891370037E-10,1971.0,10.0,0.0,4.843086356769487,0.0,?,0.0,0.2,1971.0,1000.0
1972.0,0.397224,1.0276213288307195E-10,1972.0,10.0,0.0,4.842515517493411,0.0,?,0.0,0.2,1972.0,1000.0
1973.0,0.397321,1.0278722685244353E-10,1973.0,10.0,0.0,4.842412011337733,0.0,?,0.0,0.2,1973.0,1000.0
1974.0,0.397423,1.0281361432539097E-10,1974.0,10.0,0.0,4.842308610051513,0.0,?,0.0,0.2,1974.0,1000.0
1975.0,0.397523,1.0283948439690807E-10,1975.0,10.0,0.0,4.842205313475456,0.0,?,0.0,0.2,1975.0,1000.0
1976.0,0.397621,1.0286483706699482E-10,1976.0,10.0,0.0,4.841596048576096,0.0,?,0.0,0.2,1976.0,1000.0
1977.0,0.397759,1.0290053776568841E-10,1977.0,10.0,0.0,4.841486490635491,0.0,?,0.0,0.2,1977.0,1000.0
1978.0,0.398235,1.030236793061098E-10,1978.0,10.0,0.0,4.840871482298466,0.0,?,0.0,0.2,1978.0,1000.0
1979.0,0.398549,1.0310491133067349E-10,1979.0,10.0,0.0,4.840735331257097,0.0,?,0.0,0.2,1979.0,1000.0
1980.0,0.398824,1.031760540273455E-10,1980.0,10.0,0.0,4.840599317742033,0.0,?,0.0,0.2,1980.0,1000.0
1981.0,0.39911,1.0325004243188439E-10,1981.0,10.0,0.0,4.840463441545005,0.0,?,0.0,0.2,1981.0,1000.0
1982.0,0.39935,1.0331213060352543E-10,1982.0,10.0,0.0,4.839823161590355,0.0,?,0.0,0.2,1982.0,1000.0
1983.0,0.399626,1.0338353200091262E-10,1983.0,10.0,0.0,4.839682050565851,0.0,?,0.0,0.2,1983.0,1000.0
1984.0,0.399979,1.0347485335336797E-10,1984.0,10.0,0.0,4.839541081790364,0.0,?,0.0,0.2,1984.0,1000.0
1985.0,0.400332,1.0356617470582333E-10,1985.0,10.0,0.0,4.839400255048908,0.0,?,0.0,0.2,1985.0,1000.0
1986.0,0.400688,1.0365827216042419E-10,1986.0,10.0,0.0,4.839259570126929,0.0,?,0.0,0.2,1986.0,1000.0
1987.0,0.400834,1.0369604246483915E-10,1987.0,10.0,0.0,4.838615755547097,0.0,?,0.0,0.2,1987.0,1000.0
1988.0,0.40094,1.0372346474064727E-10,1988.0,10.0,0.0,4.838479946540775,0.0,?,0.0,0.2,1988.0,1000.0
1989.0,0.40104,1.0374933481216437E-10,1989.0,10.0,0.0,4.8378415088858935,0.0,?,0.0,0.2,1989.0,1000.0
1990.0,0.401137,1.0377442878153595E-10,1990.0,10.0,0.0,4.837681402986569,0.0,?,0.0,0.2,1990.0,1000.0
1991.0,0.40124,1.0380107495519855E-10,1991.0,10.0,0.0,4.8375214579168775,0.0,?,0.0,0.2,1991.0,1000.0
1992.0,0.401334,1.0382539282242463E-10,1992.0,10.0,0.0,4.837361673434605,0.0,?,0.0,0.2,1992.0,1000.0
1993.0,0.401438,1.038522976968024E-10,1993.0,10.0,0.0,4.837202049298026,0.0,?,0.0,0.2,1993.0,1000.0
1994.0,0.401541,1.0387894387046501E-10,1994.0,10.0,0.0,4.837042585265895,0.0,?,0.0,0.2,1994.0,1000.0
1995.0,0.401636,1.0390352043840626E-10,1995.0,10.0,0.0,4.836382027964624,0.0,?,0.0,0.2,1995.0,1000.0
1996.0,0.40173,1.0392783830563233E-10,1996.0,10.0,0.0,4.836237132064502,0.0,?,0.0,0.2,1996.0,1000.0
1997.0,0.401826,1.0395267357428874E-10,1997.0,10.0,0.0,4.836092381277951,0.0,?,0.0,0.2,1997.0,1000.0
1998.0,0.401921,1.0397725014222999E-10,1998.0,10.0,0.0,4.835947775387082,0.0,?,0.0,0.2,1998.0,1000.0
1999.0,0.402015,1.0400156800945606E-10,1999.0,10.0,0.0,4.835303064049381,0.0,?,0.0,0.2,1999.0,1000.0
2000.0,0.40211,1.0402614457739731E-10,2000.0,10.0,0.0,4.834653931035874,1.0,0.0,0.0,0.2,2000.0,1000.0
2001.0,0.402207,1.0405123854676889E-10,2001.0,10.0,1.0,4.833973308018228,1.0,0.0,0.0,0.201,2001.0,1000.0
2002.0,0.402309,1.0407762601971633E-10,2002.0,11.0,1.0,4.833761889925169,1.0,2.0,1.0,0.202,2002.0,1000.0
2003.0,0.402405,1.0410246128837274E-10,2003.0,11.0,1.0,4.831348628871787,1.0,2.0,1.0,0.203,2003.0,1000.0
2004.0,0.402503,1.0412781395845949E-10,2004.0,11.0,1.0,4.828937776262569,1.0,2.0,1.0,0.20400000000000001,2004.0,1000.0
2005.0,0.402604,1.0415394273069176E-10,2005.0,11.0,1.0,4.8265293284938595,1.0,2.0,1.0,0.20500000000000002,2005.0,1000.0
2006.0,0.402698,1.0417826059791784E-10,2006.0,11.0,1.0,4.824123281969187,1.0,2.0,1.0,0.20600000000000002,2006.0,1000.0
2007.0,0.402794,1.0420309586657425E-10,2007.0,11.0,1.0,4.821719633099247,1.0,2.0,1.0,0.20700000000000002,2007.0,1000.0
2008.0,0.402888,1.0422741373380032E-10,2008.0,11.0,1.0,4.819318378301887,1.0,2.0,1.0,0.20800000000000002,2008.0,1000.0
2009.0,0.402984,1.0425224900245673E-10,2009.0,11.0,1.0,4.816919514002085,1.0,2.0,1.0,0.20900000000000002,2009.0,1000.0
2010.0,0.403078,1.042765668696828E-10,2010.0,11.0,1.0,4.814523036631934,1.0,2.0,1.0,0.21000000000000002,2010.0,1000.0
2011.0,0.403185,1.043042478462061E-10,2011.0,11.0,1.0,4.8121289426306255,1.0,2.0,1.0,0.21100000000000002,2011.0,1000.0
2012.0,0.403282,1.0432934181557768E-10,2012.0,11.0,1.0,4.809737228444428,1.0,2.0,1.0,0.21200000000000002,2012.0,1000.0
2013.0,0.403386,1.0435624668995545E-10,2013.0,11.0,1.0,4.8078446615152455,1.0,2.0,1.0,0.21300000000000002,2013.0,1000.0
2014.0,0.403481,1.043808232578967E-10,2014.0,11.0,1.0,4.811415741623728,1.0,2.0,1.0,0.21400000000000002,2014.0,1000.0
2015.0,0.403573,1.0440462372369243E-10,2015.0,11.0,1.0,4.814983277235825,1.0,2.0,1.0,0.21500000000000002,2015.0,1000.0
2016.0,0.403675,1.0443101119663987E-10,2016.0,11.0,1.0,4.818547273626086,1.0,2.0,1.0,0.21600000000000003,2016.0,1000.0
2017.0,0.403771,1.0445584646529628E-10,2017.0,11.0,1.0,4.822107736058596,1.0,2.0,1.0,0.21700000000000003,2017.0,1000.0
2018.0,0.403863,1.0447964693109201E-10,2018.0,11.0,1.0,4.82516912964826,1.0,2.0,1.0,0.21800000000000003,2018.0,1000.0
2019.0,0.403955,1.0450344739688774E-10,2019.0,11.0,1.0,4.826989253903015,1.0,2.0,1.0,0.219,2019.0,1000.0
2020.0,0.40405,1.0452802396482899E-10,2020.0,11.0,1.0,4.828807576054548,1.0,2.0,1.0,0.22,2020.0,1000.0
2021.0,0.404146,1.045528592334854E-10,2021.0,11.0,1.0,4.830129294225724,1.0,2.0,1.0,0.221,2021.0,1000.0
2022.0,0.40424,1.0457717710071147E-10,2022.0,11.0,1.0,4.83103757185799,1.0,2.0,1.0,0.222,2022.0,1000.0
2023.0,0.404334,1.0460149496793755E-10,2023.0,11.0,1.0,4.831944951539061,1.0,2.0,1.0,0.223,2023.0,1000.0
2024.0,0.404428,1.0462581283516362E-10,2024.0,11.0,1.0,4.832357363453649,1.0,2.0,1.0,0.224,2024.0,1000.0
2025.0,0.404522,1.046501307023897E-10,2025.0,11.0,1.0,4.832810520311203,1.0,2.0,1.0,0.225,2025.0,1000.0
2026.0,0.404615,1.046741898689006E-10,2026.0,11.0,1.0,4.833263229827338,1.0,2.0,1.0,0.226,2026.0,1000.0
2027.0,0.404708,1.046982490354115E-10,2027.0,11.0,1.0,4.833222152752929,1.0,2.0,1.0,0.227,2027.0,1000.0
2028.0,0.404801,1.047223082019224E-10,2028.0,11.0,1.0,4.832909913032637,1.0,2.0,1.0,0.228,2028.0,1000.0
2029.0,0.404896,1.0474688476986365E-10,2029.0,11.0,1.0,4.8327458371760414,1.0,2.0,1.0,0.229,2029.0,1000.0
2030.0,0.404991,1.047714613378049E-10,2030.0,11.0,1.0,4.832581922970536,1.0,2.0,1.0,0.23,2030.0,1000.0
2031.0,0.405088,1.0479655530717648E-10,2031.0,11.0,1.0,4.832418170177345,1.0,2.0,1.0,0.231,2031.0,1000.0
2032.0,0.405179,1.0482009707225704E-10,2032.0,11.0,1.0,4.831762452573911,1.0,2.0,1.0,0.232,2032.0,1000.0
2033.0,0.405273,1.0484441493948311E-10,2033.0,11.0,1.0,4.831564129394372,1.0,2.0,1.0,0.233,2033.0,1000.0
2034.0,0.405372,1.0487002631028504E-10,2034.0,11.0,1.0,4.831366001222875,1.0,2.0,1.0,0.234,2034.0,1000.0
2035.0,0.405467,1.0489460287822628E-10,2035.0,11.0,1.0,4.830676667280541,1.0,2.0,1.0,0.23500000000000001,2035.0,1000.0
2036.0,0.405557,1.0491788594259167E-10,2036.0,11.0,1.0,4.829900303495039,1.0,2.0,1.0,0.23600000000000002,2036.0,1000.0
2037.0,0.405652,1.0494246251053292E-10,2037.0,11.0,1.0,4.829438344037697,1.0,2.0,1.0,0.23700000000000002,2037.0,1000.0
2038.0,0.405746,1.0496678037775899E-10,2038.0,11.0,1.0,4.828976837926239,1.0,2.0,1.0,0.23800000000000002,2038.0,1000.0
2039.0,0.40584,1.0499109824498507E-10,2039.0,11.0,1.0,4.828515784493656,1.0,2.0,1.0,0.23900000000000002,2039.0,1000.0
2040.0,0.405937,1.0501619221435665E-10,2040.0,11.0,1.0,4.827564986995811,1.0,2.0,1.0,0.24000000000000002,2040.0,1000.0
2041.0,0.406045,1.0504413189159511E-10,2041.0,11.0,1.0,4.827110521054117,1.0,2.0,1.0,0.24100000000000002,2041.0,1000.0
2042.0,0.40614,1.0506870845953636E-10,2042.0,11.0,1.0,4.826656500230878,1.0,2.0,1.0,0.24200000000000002,2042.0,1000.0
2043.0,0.406359,1.051253639161588E-10,2043.0,11.0,1.0,4.826202923872469,1.0,2.0,1.0,0.24300000000000002,2043.0,1000.0
2044.0,0.406588,1.0518460637993295E-10,2044.0,11.0,1.0,4.825749791326542,1.0,2.0,1.0,0.244,2044.0,1000.0
2045.0,0.406957,1.0528006694383104E-10,2045.0,11.0,1.0,4.824808104387018,1.0,2.0,1.0,0.245,2045.0,1000.0
2046.0,0.407086,1.053134393360881E-10,2046.0,11.0,1.0,4.824404972371188,1.0,2.0,1.0,0.246,2046.0,1000.0
2047.0,0.407191,1.0534060291118104E-10,2047.0,11.0,1.0,4.8240022342312905,1.0,2.0,1.0,0.247,2047.0,1000.0
2048.0,0.407312,1.0537190569771673E-10,2048.0,11.0,1.0,4.8235998893903576,1.0,2.0,1.0,0.248,2048.0,1000.0
2049.0,0.407415,1.0539855187137933E-10,2049.0,11.0,1.0,4.8227098943247695,1.0,2.0,1.0,0.249,2049.0,1000.0
2050.0,0.407508,1.0542261103789023E-10,2050.0,11.0,1.0,4.82182076754705,1.0,2.0,1.0,0.25,2050.0,1000.0
2051.0,0.407613,1.0544977461298318E-10,2051.0,11.0,1.0,4.821307559356744,1.0,2.0,1.0,0.251,2051.0,1000.0
2052.0,0.407707,1.0547409248020926E-10,2052.0,11.0,1.0,4.820794851369353,1.0,2.0,1.0,0.252,2052.0,1000.0
2053.0,0.407818,1.0550280825959323E-10,2053.0,11.0,1.0,4.820282642853942,1.0,2.0,1.0,0.253,2053.0,1000.0
2054.0,0.407915,1.0552790222896481E-10,2054.0,11.0,1.0,4.819770933081,1.0,2.0,1.0,0.254,2054.0,1000.0
2055.0,0.408023,1.0555584190620328E-10,2055.0,11.0,1.0,4.819259721322435,1.0,2.0,1.0,0.255,2055.0,1000.0
2056.0,0.408115,1.05579642371999E-10,2056.0,11.0,1.0,4.818749006851574,1.0,2.0,1.0,0.256,2056.0,1000.0
2057.0,0.408209,1.0560396023922508E-10,2057.0,11.0,1.0,4.817752644071981,1.0,2.0,1.0,0.257,2057.0,1000.0
2058.0,0.408309,1.0562983031074218E-10,2058.0,11.0,1.0,4.817355290989342,1.0,2.0,1.0,0.258,2058.0,1000.0
2059.0,0.408404,1.0565440687868343E-10,2059.0,11.0,1.0,4.816958323873757,1.0,2.0,1.0,0.259,2059.0,1000.0
2060.0,0.408496,1.0567820734447916E-10,2060.0,11.0,1.0,4.8160763052699345,1.0,2.0,1.0,0.26,2060.0,1000.0
2061.0,0.408596,1.0570407741599625E-10,2061.0,11.0,1.0,4.8156479971806885,1.0,2.0,1.0,0.261,2061.0,1000.0
2062.0,0.408697,1.0573020618822852E-10,2062.0,11.0,1.0,4.815220104521208,1.0,2.0,1.0,0.262,2062.0,1000.0
2063.0,0.408799,1.0575659366117597E-10,2063.0,11.0,1.0,4.81430789571307,1.0,2.0,1.0,0.263,2063.0,1000.0
2064.0,0.408897,1.0578194633126272E-10,2064.0,11.0,1.0,4.8138528046783255,1.0,2.0,1.0,0.264,2064.0,1000.0
2065.0,0.40899,1.0580600549777362E-10,2065.0,11.0,1.0,4.812913892908505,1.0,2.0,1.0,0.265,2065.0,1000.0
2066.0,0.409094,1.058329103721514E-10,2066.0,11.0,1.0,4.8124065318191755,1.0,2.0,1.0,0.266,2066.0,1000.0
2067.0,0.409195,1.0585903914438367E-10,2067.0,11.0,1.0,4.811415868708645,1.0,2.0,1.0,0.267,2067.0,1000.0
2068.0,0.409294,1.058846505151856E-10,2068.0,11.0,1.0,4.810862314935897,1.0,2.0,1.0,0.268,2068.0,1000.0
2069.0,0.409391,1.0590974448455717E-10,2069.0,11.0,1.0,4.8098259709783,1.0,2.0,1.0,0.269,2069.0,1000.0
2070.0,0.409483,1.059335449503529E-10,2070.0,11.0,1.0,4.809231343634069,1.0,2.0,1.0,0.27,2070.0,1000.0
2071.0,0.409581,1.0595889762043966E-10,2071.0,11.0,1.0,4.808154432009148,1.0,2.0,1.0,0.271,2071.0,1000.0
2072.0,0.409673,1.0598269808623539E-10,2072.0,11.0,1.0,4.807523083345051,1.0,2.0,1.0,0.272,2072.0,1000.0
2073.0,0.409769,1.060075333548918E-10,2073.0,11.0,1.0,4.806409951129255,1.0,2.0,1.0,0.273,2073.0,1000.0
2074.0,0.409865,1.060323686235482E-10,2074.0,11.0,1.0,4.805263452323778,1.0,2.0,1.0,0.274,2074.0,1000.0
2075.0,0.409962,1.0605746259291978E-10,2075.0,11.0,1.0,4.804064858765155,1.0,2.0,1.0,0.275,2075.0,1000.0
2076.0,0.410058,1.0608229786157619E-10,2076.0,11.0,1.0,4.802818869577093,1.0,2.0,1.0,0.276,2076.0,1000.0
2077.0,0.410157,1.0610790923237811E-10,2077.0,11.0,1.0,4.802011060780956,1.0,2.0,1.0,0.277,2077.0,1000.0
2078.0,0.410249,1.0613170969817384E-10,2078.0,11.0,1.0,4.801204029471629,1.0,2.0,1.0,0.278,2078.0,1000.0
2079.0,0.410355,1.0615913197398197E-10,2079.0,11.0,1.0,4.800397774527198,1.0,2.0,1.0,0.279,2079.0,1000.0
2080.0,0.410457,1.0618551944692941E-10,2080.0,11.0,1.0,4.799111525597137,1.0,2.0,1.0,0.28,2080.0,1000.0
2081.0,0.410554,1.0621061341630099E-10,2081.0,11.0,1.0,4.798323869890459,1.0,2.0,1.0,0.281,2081.0,1000.0
2082.0,0.410652,1.0623596608638774E-10,2082.0,11.0,1.0,4.797536970817505,1.0,2.0,1.0,0.28200000000000003,2082.0,1000.0
2083.0,0.410749,1.0626106005575932E-10,2083.0,11.0,1.0,4.796270750476258,1.0,2.0,1.0,0.28300000000000003,2083.0,1000.0
2084.0,0.410842,1.0628511922227022E-10,2084.0,11.0,1.0,4.7954826388655905,1.0,2.0,1.0,0.28400000000000003,2084.0,1000.0
2085.0,0.410937,1.0630969579021147E-10,2085.0,11.0,1.0,4.794695283237283,1.0,2.0,1.0,0.28500000000000003,2085.0,1000.0
2086.0,0.411044,1.0633737676673477E-10,2086.0,11.0,1.0,4.793908682504115,1.0,2.0,1.0,0.28600000000000003,2086.0,1000.0
2087.0,0.41114,1.0636221203539117E-10,2087.0,11.0,1.0,4.793122835580943,1.0,2.0,1.0,0.28700000000000003,2087.0,1000.0
2088.0,0.411252,1.0639118651549032E-10,2088.0,11.0,1.0,4.791858814181644,1.0,2.0,1.0,0.28800000000000003,2088.0,1000.0
2089.0,0.411361,1.0641938489344396E-10,2089.0,11.0,1.0,4.790628734434416,1.0,2.0,1.0,0.28900000000000003,2089.0,1000.0
2090.0,0.411455,1.0644370276067003E-10,2090.0,11.0,1.0,4.789840326974332,1.0,2.0,1.0,0.29000000000000004,2090.0,1000.0
2091.0,0.41155,1.0646827932861128E-10,2091.0,11.0,1.0,4.7885744335338165,1.0,2.0,1.0,0.29100000000000004,2091.0,1000.0
2092.0,0.411646,1.0649311459726769E-10,2092.0,11.0,1.0,4.787290912425943,1.0,2.0,1.0,0.29200000000000004,2092.0,1000.0
2093.0,0.411744,1.0651846726735444E-10,2093.0,11.0,1.0,4.785975118073773,1.0,2.0,1.0,0.29300000000000004,2093.0,1000.0
2094.0,0.41186,1.0654847655031427E-10,2094.0,12.0,1.0,4.785106811873872,1.0,2.0,1.0,0.29400000000000004,2094.0,1000.0
2095.0,0.411956,1.0657331181897068E-10,2095.0,12.0,1.0,4.783300078312118,1.0,2.0,1.0,0.29500000000000004,2095.0,1000.0
2096.0,0.412049,1.0659737098548158E-10,2096.0,12.0,1.0,4.781495068732771,1.0,2.0,1.0,0.29600000000000004,2096.0,1000.0
2097.0,0.412142,1.0662143015199249E-10,2097.0,12.0,1.0,4.779930216530228,1.0,2.0,1.0,0.29700000000000004,2097.0,1000.0
2098.0,0.412236,1.0664574801921856E-10,2098.0,12.0,1.0,4.777890211660576,1.0,2.0,1.0,0.29800000000000004,2098.0,1000.0
2099.0,0.412333,1.0667084198859014E-10,2099.0,12.0,1.0,4.775931553468582,1.0,2.0,1.0,0.29900000000000004,2099.0,1000.0
2100.0,0.412432,1.0669645335939207E-10,2100.0,12.0,1.0,4.774371586062169,1.0,2.0,1.0,0.30000000000000004,2100.0,1000.0
2101.0,0.412533,1.0672258213162434E-10,2101.0,12.0,1.0,4.772813103631868,1.0,2.0,1.0,0.30100000000000005,2101.0,1000.0
2102.0,0.412626,1.0674664129813524E-10,2102.0,12.0,1.0,4.7712561040583035,1.0,2.0,1.0,0.30200000000000005,2102.0,1000.0
2103.0,0.412718,1.0677044176393097E-10,2103.0,12.0,1.0,4.769700585226132,1.0,2.0,1.0,0.30300000000000005,2103.0,1000.0
2104.0,0.412809,1.0679398352901153E-10,2104.0,12.0,1.0,4.767671259852925,1.0,2.0,1.0,0.30400000000000005,2104.0,1000.0
2105.0,0.412914,1.0682114710410448E-10,2105.0,12.0,1.0,4.766451463529955,1.0,2.0,1.0,0.305,2105.0,1000.0
2106.0,0.413006,1.068449475699002E-10,2106.0,12.0,1.0,4.765232825608051,1.0,2.0,1.0,0.306,2106.0,1000.0
2107.0,0.413115,1.0687314594785384E-10,2107.0,12.0,1.0,4.764015344437853,1.0,2.0,1.0,0.307,2107.0,1000.0
2108.0,0.41322,1.0690030952294679E-10,2108.0,12.0,1.0,4.76279901837313,1.0,2.0,1.0,0.308,2108.0,1000.0
2109.0,0.413314,1.0692462739017287E-10,2109.0,12.0,1.0,4.761109687401877,1.0,2.0,1.0,0.309,2109.0,1000.0
2110.0,0.413405,1.0694816915525343E-10,2110.0,12.0,1.0,4.760117060377832,1.0,2.0,1.0,0.31,2110.0,1000.0
2111.0,0.413523,1.069786958396436E-10,2111.0,12.0,1.0,4.7591253737867785,1.0,2.0,1.0,0.311,2111.0,1000.0
2112.0,0.413613,1.0700197890400899E-10,2112.0,12.0,1.0,4.758134626292877,1.0,2.0,1.0,0.312,2112.0,1000.0
2113.0,0.413707,1.0702629677123506E-10,2113.0,12.0,1.0,4.757144816562812,1.0,2.0,1.0,0.313,2113.0,1000.0
2114.0,0.413799,1.070500972370308E-10,2114.0,12.0,1.0,4.756155943265794,1.0,2.0,1.0,0.314,2114.0,1000.0
2115.0,0.413892,1.070741564035417E-10,2115.0,12.0,1.0,4.754695191834777,1.0,2.0,1.0,0.315,2115.0,1000.0
2116.0,0.413983,1.0709769816862225E-10,2116.0,12.0,1.0,4.7539334536263755,1.0,2.0,1.0,0.316,2116.0,1000.0
2117.0,0.414077,1.0712201603584833E-10,2117.0,12.0,1.0,4.752700068500835,1.0,2.0,1.0,0.317,2117.0,1000.0
2118.0,0.414168,1.0714555780092889E-10,2118.0,12.0,1.0,4.751872542500599,1.0,2.0,1.0,0.318,2118.0,1000.0
2119.0,0.414261,1.0716961696743979E-10,2119.0,12.0,1.0,4.751045797553689,1.0,2.0,1.0,0.319,2119.0,1000.0
2120.0,0.41435,1.0719264133109E-10,2120.0,12.0,1.0,4.750219832554843,1.0,2.0,1.0,0.32,2120.0,1000.0
2121.0,0.414452,1.0721902880403744E-10,2121.0,12.0,1.0,4.749394646400881,1.0,2.0,1.0,0.321,2121.0,1000.0
2122.0,0.414544,1.0724282926983317E-10,2122.0,12.0,1.0,4.7480989844563,1.0,2.0,1.0,0.322,2122.0,1000.0
2123.0,0.414635,1.0726637103491373E-10,2123.0,12.0,1.0,4.747380248345968,1.0,2.0,1.0,0.323,2123.0,1000.0
2124.0,0.414726,1.0728991279999429E-10,2124.0,12.0,1.0,4.746662189011635,1.0,2.0,1.0,0.324,2124.0,1000.0
2125.0,0.414819,1.0731397196650519E-10,2125.0,12.0,1.0,4.745944805497852,1.0,2.0,1.0,0.325,2125.0,1000.0
2126.0,0.414917,1.0733932463659194E-10,2126.0,12.0,1.0,4.744757729964797,1.0,2.0,1.0,0.326,2126.0,1000.0
2127.0,0.415007,1.0736260770095733E-10,2127.0,12.0,1.0,4.744078483265237,1.0,2.0,1.0,0.327,2127.0,1000.0
2128.0,0.415099,1.0738640816675306E-10,2128.0,12.0,1.0,4.742929950143401,1.0,2.0,1.0,0.328,2128.0,1000.0
2129.0,0.41519,1.0740994993183361E-10,2129.0,12.0,1.0,4.742196689566452,1.0,2.0,1.0,0.329,2129.0,1000.0
2130.0,0.415282,1.0743375039762934E-10,2130.0,12.0,1.0,4.740994633929011,1.0,2.0,1.0,0.33,2130.0,1000.0
2131.0,0.415375,1.0745780956414025E-10,2131.0,12.0,1.0,4.74021675438861,1.0,2.0,1.0,0.331,2131.0,1000.0
2132.0,0.415466,1.074813513292208E-10,2132.0,12.0,1.0,4.739439604566352,1.0,2.0,1.0,0.332,2132.0,1000.0
2133.0,0.415557,1.0750489309430136E-10,2133.0,12.0,1.0,4.738194360182276,1.0,2.0,1.0,0.333,2133.0,1000.0
2134.0,0.41565,1.0752895226081226E-10,2134.0,12.0,1.0,4.736947278981124,1.0,2.0,1.0,0.334,2134.0,1000.0
2135.0,0.415741,1.0755249402589282E-10,2135.0,12.0,1.0,4.7361002645312835,1.0,2.0,1.0,0.335,2135.0,1000.0
2136.0,0.415835,1.075768118931189E-10,2136.0,12.0,1.0,4.735254043166133,1.0,2.0,1.0,0.336,2136.0,1000.0
2137.0,0.415925,1.0760009495748428E-10,2137.0,12.0,1.0,4.734408613772312,1.0,2.0,1.0,0.337,2137.0,1000.0
2138.0,0.416017,1.0762389542328001E-10,2138.0,12.0,1.0,4.733563975238542,1.0,2.0,1.0,0.338,2138.0,1000.0
2139.0,0.416108,1.0764743718836057E-10,2139.0,12.0,1.0,4.732720126455621,1.0,2.0,1.0,0.339,2139.0,1000.0
2140.0,0.416202,1.0767175505558664E-10,2140.0,12.0,1.0,4.731409776596796,1.0,2.0,1.0,0.34,2140.0,1000.0
2141.0,0.416297,1.0769633162352789E-10,2141.0,12.0,1.0,4.730663360696159,1.0,2.0,1.0,0.341,2141.0,1000.0
2142.0,0.41639,1.0772039079003879E-10,2142.0,12.0,1.0,4.729917641729136,1.0,2.0,1.0,0.342,2142.0,1000.0
2143.0,0.41648,1.0774367385440418E-10,2143.0,12.0,1.0,4.729172618720085,1.0,2.0,1.0,0.343,2143.0,1000.0
2144.0,0.416575,1.0776825042234542E-10,2144.0,12.0,1.0,4.727961872784737,1.0,2.0,1.0,0.34400000000000003,2144.0,1000.0
2145.0,0.416665,1.0779153348671081E-10,2145.0,12.0,1.0,4.72677750827528,1.0,2.0,1.0,0.345,2145.0,1000.0
2146.0,0.416757,1.0781533395250654E-10,2146.0,12.0,1.0,4.726000269701719,1.0,2.0,1.0,0.346,2146.0,1000.0
2147.0,0.416845,1.0783809961544158E-10,2147.0,12.0,1.0,4.724757988965673,1.0,2.0,1.0,0.347,2147.0,1000.0
2148.0,0.416937,1.078619000812373E-10,2148.0,12.0,1.0,4.723955029008055,1.0,2.0,1.0,0.348,2148.0,1000.0
2149.0,0.417027,1.0788518314560269E-10,2149.0,12.0,1.0,4.723152816337506,1.0,2.0,1.0,0.349,2149.0,1000.0
2150.0,0.417128,1.0791131191783496E-10,2150.0,12.0,1.0,4.722351349911302,1.0,2.0,1.0,0.35,2150.0,1000.0
2151.0,0.417227,1.0793692328863689E-10,2151.0,12.0,1.0,4.721550628688657,1.0,2.0,1.0,0.351,2151.0,1000.0
2152.0,0.41732,1.0796098245514779E-10,2152.0,12.0,1.0,4.720750651630716,1.0,2.0,1.0,0.352,2152.0,1000.0
2153.0,0.417411,1.0798452422022835E-10,2153.0,12.0,1.0,4.719951417700558,1.0,2.0,1.0,0.353,2153.0,1000.0
2154.0,0.417504,1.0800858338673925E-10,2154.0,12.0,1.0,4.7191529258631855,1.0,2.0,1.0,0.354,2154.0,1000.0
2155.0,0.417593,1.0803160775038946E-10,2155.0,12.0,1.0,4.717891137962552,1.0,2.0,1.0,0.355,2155.0,1000.0
2156.0,0.417686,1.0805566691690036E-10,2156.0,12.0,1.0,4.717216400836752,1.0,2.0,1.0,0.356,2156.0,1000.0
2157.0,0.417779,1.0807972608341126E-10,2157.0,12.0,1.0,4.716542289336474,1.0,2.0,1.0,0.357,2157.0,1000.0
2158.0,0.417873,1.0810404395063734E-10,2158.0,12.0,1.0,4.715868802591988,1.0,2.0,1.0,0.358,2158.0,1000.0
2159.0,0.417963,1.0812732701500272E-10,2159.0,12.0,1.0,4.714732762338234,1.0,2.0,1.0,0.359,2159.0,1000.0
2160.0,0.418061,1.0815267968508948E-10,2160.0,12.0,1.0,4.713614830503818,1.0,2.0,1.0,0.36,2160.0,1000.0
2161.0,0.418159,1.0817803235517623E-10,2161.0,12.0,1.0,4.7129100000364295,1.0,2.0,1.0,0.361,2161.0,1000.0
2162.0,0.41825,1.0820157412025679E-10,2162.0,12.0,1.0,4.712205821586124,1.0,2.0,1.0,0.362,2162.0,1000.0
2163.0,0.41834,1.0822485718462217E-10,2163.0,12.0,1.0,4.71150229424858,1.0,2.0,1.0,0.363,2163.0,1000.0
2164.0,0.41843,1.0824814024898756E-10,2164.0,12.0,1.0,4.710799417121144,1.0,2.0,1.0,0.364,2164.0,1000.0
2165.0,0.418531,1.0827426902121983E-10,2165.0,12.0,1.0,4.709635295538398,1.0,2.0,1.0,0.365,2165.0,1000.0
2166.0,0.418624,1.0829832818773073E-10,2166.0,12.0,1.0,4.708971903099427,1.0,2.0,1.0,0.366,2166.0,1000.0
2167.0,0.418714,1.0832161125209611E-10,2167.0,12.0,1.0,4.7083091229285134,1.0,2.0,1.0,0.367,2167.0,1000.0
2168.0,0.418806,1.0834541171789184E-10,2168.0,12.0,1.0,4.70764695417842,1.0,2.0,1.0,0.368,2168.0,1000.0
2169.0,0.418896,1.0836869478225723E-10,2169.0,12.0,1.0,4.7065243540486605,1.0,2.0,1.0,0.369,2169.0,1000.0
2170.0,0.418989,1.0839275394876813E-10,2170.0,12.0,1.0,4.7058781897500594,1.0,2.0,1.0,0.37,2170.0,1000.0
2171.0,0.419085,1.0841758921742454E-10,2171.0,12.0,1.0,4.70477200349319,1.0,2.0,1.0,0.371,2171.0,1000.0
2172.0,0.419191,1.0844501149323266E-10,2172.0,12.0,1.0,4.704102218961196,1.0,2.0,1.0,0.372,2172.0,1000.0
2173.0,0.419286,1.084695880611739E-10,2173.0,12.0,1.0,4.703433050889883,1.0,2.0,1.0,0.373,2173.0,1000.0
2174.0,0.419379,1.0849364722768481E-10,2174.0,12.0,1.0,4.702764498428572,1.0,2.0,1.0,0.374,2174.0,1000.0
2175.0,0.41947,1.0851718899276537E-10,2175.0,12.0,1.0,4.702096560728145,1.0,2.0,1.0,0.375,2175.0,1000.0
2176.0,0.419562,1.085409894585611E-10,2176.0,12.0,1.0,4.7014292369410455,1.0,2.0,1.0,0.376,2176.0,1000.0
2177.0,0.419655,1.08565048625072E-10,2177.0,12.0,1.0,4.700303178495046,1.0,2.0,1.0,0.377,2177.0,1000.0
2178.0,0.419751,1.085898838937284E-10,2178.0,12.0,1.0,4.699687795952119,1.0,2.0,1.0,0.378,2178.0,1000.0
2179.0,0.41984,1.0861290825737862E-10,2179.0,12.0,1.0,4.69907297823943,1.0,2.0,1.0,0.379,2179.0,1000.0
2180.0,0.419931,1.0863645002245917E-10,2180.0,12.0,1.0,4.698458724579687,1.0,2.0,1.0,0.38,2180.0,1000.0
2181.0,0.420039,1.0866438969969764E-10,2181.0,12.0,1.0,4.697386528924217,1.0,2.0,1.0,0.381,2181.0,1000.0
2182.0,0.420134,1.0868896626763889E-10,2182.0,12.0,1.0,4.696326597144058,1.0,2.0,1.0,0.382,2182.0,1000.0
2183.0,0.420224,1.0871224933200427E-10,2183.0,12.0,1.0,4.695227178774452,1.0,2.0,1.0,0.383,2183.0,1000.0
2184.0,0.420315,1.0873579109708483E-10,2184.0,12.0,1.0,4.694549092023313,1.0,2.0,1.0,0.384,2184.0,1000.0
2185.0,0.420406,1.0875933286216539E-10,2185.0,12.0,1.0,4.693413960042656,1.0,2.0,1.0,0.385,2185.0,1000.0
2186.0,0.42051,1.0878623773654316E-10,2186.0,12.0,1.0,4.69271816856647,1.0,2.0,1.0,0.386,2186.0,1000.0
2187.0,0.420603,1.0881029690305406E-10,2187.0,12.0,1.0,4.692023013387932,1.0,2.0,1.0,0.387,2187.0,1000.0
2188.0,0.420694,1.0883383866813462E-10,2188.0,12.0,1.0,4.690871455243379,1.0,2.0,1.0,0.388,2188.0,1000.0
2189.0,0.420784,1.088571217325E-10,2189.0,12.0,1.0,4.690175153375595,1.0,2.0,1.0,0.389,2189.0,1000.0
2190.0,0.420876,1.0888092219829574E-10,2190.0,12.0,1.0,4.689479487399929,1.0,2.0,1.0,0.39,2190.0,1000.0
2191.0,0.420981,1.0890808577338868E-10,2191.0,12.0,1.0,4.688784456445691,1.0,2.0,1.0,0.391,2191.0,1000.0
2192.0,0.421074,1.0893214493989959E-10,2192.0,12.0,1.0,4.688090059643785,1.0,2.0,1.0,0.392,2192.0,1000.0
2193.0,0.421165,1.0895568670498014E-10,2193.0,12.0,1.0,4.686940299774665,1.0,2.0,1.0,0.393,2193.0,1000.0
2194.0,0.421263,1.089810393750669E-10,2194.0,12.0,1.0,4.686274331749068,1.0,2.0,1.0,0.394,2194.0,1000.0
2195.0,0.421357,1.0900535724229297E-10,2195.0,12.0,1.0,4.685608970528049,1.0,2.0,1.0,0.395,2195.0,1000.0
2196.0,0.421447,1.0902864030665836E-10,2196.0,12.0,1.0,4.684488841876449,1.0,2.0,1.0,0.396,2196.0,1000.0
2197.0,0.421537,1.0905192337102374E-10,2197.0,12.0,1.0,4.683366521056296,1.0,2.0,1.0,0.397,2197.0,1000.0
2198.0,0.421629,1.0907572383681947E-10,2198.0,12.0,1.0,4.682669591406824,1.0,2.0,1.0,0.398,2198.0,1000.0
2199.0,0.421719,1.0909900690118485E-10,2199.0,12.0,1.0,4.6815185434578055,1.0,2.0,1.0,0.399,2199.0,1000.0
2200.0,0.421809,1.0912228996555024E-10,2200.0,12.0,1.0,4.680353147328426,1.0,2.0,1.0,0.4,2200.0,1000.0
2201.0,0.421903,1.0914660783277631E-10,2201.0,12.0,1.0,4.679615659690904,1.0,2.0,1.0,0.401,2201.0,1000.0
2202.0,0.421993,1.091698908971417E-10,2202.0,12.0,1.0,4.678878841887748,1.0,2.0,1.0,0.402,2202.0,1000.0
2203.0,0.422085,1.0919369136293743E-10,2203.0,12.0,1.0,4.678142693006793,1.0,2.0,1.0,0.403,2203.0,1000.0
2204.0,0.422178,1.0921775052944833E-10,2204.0,12.0,1.0,4.676953491629359,1.0,2.0,1.0,0.404,2204.0,1000.0
2205.0,0.422269,1.0924129229452889E-10,2205.0,12.0,1.0,4.6762307613988385,1.0,2.0,1.0,0.405,2205.0,1000.0
2206.0,0.422361,1.0926509276032462E-10,2206.0,12.0,1.0,4.675508686408782,1.0,2.0,1.0,0.406,2206.0,1000.0
2207.0,0.422458,1.092901867296962E-10,2207.0,12.0,1.0,4.674787265768513,1.0,2.0,1.0,0.40700000000000003,2207.0,1000.0
2208.0,0.422554,1.093150219983526E-10,2208.0,12.0,1.0,4.6736136000382436,1.0,2.0,1.0,0.40800000000000003,2208.0,1000.0
2209.0,0.422648,1.0933933986557868E-10,2209.0,12.0,1.0,4.672452212309891,1.0,2.0,1.0,0.40900000000000003,2209.0,1000.0
2210.0,0.422739,1.0936288163065924E-10,2210.0,12.0,1.0,4.671719261797057,1.0,2.0,1.0,0.41000000000000003,2210.0,1000.0
2211.0,0.422832,1.0938694079717014E-10,2211.0,12.0,1.0,4.670534690253479,1.0,2.0,1.0,0.41100000000000003,2211.0,1000.0
2212.0,0.422936,1.0941384567154791E-10,2212.0,12.0,1.0,4.669338987873456,1.0,2.0,1.0,0.41200000000000003,2212.0,1000.0
2213.0,0.42303,1.0943816353877399E-10,2213.0,12.0,1.0,4.6685733579647914,1.0,2.0,1.0,0.41300000000000003,2213.0,1000.0
2214.0,0.423123,1.0946222270528489E-10,2214.0,12.0,1.0,4.667356748498683,1.0,2.0,1.0,0.41400000000000003,2214.0,1000.0
2215.0,0.423216,1.094862818717958E-10,2215.0,13.0,1.0,4.6665819687080266,1.0,2.0,1.0,0.41500000000000004,2215.0,1000.0
2216.0,0.423305,1.09509306235446E-10,2216.0,13.0,1.0,4.6644761104188985,1.0,2.0,1.0,0.41600000000000004,2216.0,1000.0
2217.0,0.423405,1.095351763069631E-10,2217.0,13.0,1.0,4.662823211857591,1.0,2.0,1.0,0.41700000000000004,2217.0,1000.0
2218.0,0.423499,1.0955949417418918E-10,2218.0,13.0,1.0,4.6620735169920104,1.0,2.0,1.0,0.41800000000000004,2218.0,1000.0
2219.0,0.423591,1.0958329463998491E-10,2219.0,13.0,1.0,4.661324497831582,1.0,2.0,1.0,0.41900000000000004,2219.0,1000.0
2220.0,0.423681,1.0960657770435029E-10,2220.0,13.0,1.0,4.660576153463189,1.0,2.0,1.0,0.42000000000000004,2220.0,1000.0
2221.0,0.423776,1.0963115427229154E-10,2221.0,13.0,1.0,4.659378235339163,1.0,2.0,1.0,0.42100000000000004,2221.0,1000.0
2222.0,0.423869,1.0965521343880244E-10,2222.0,13.0,1.0,4.658856462956021,1.0,2.0,1.0,0.42200000000000004,2222.0,1000.0
2223.0,0.423963,1.0967953130602852E-10,2223.0,13.0,1.0,4.658335160003724,1.0,2.0,1.0,0.42300000000000004,2223.0,1000.0
2224.0,0.424053,1.097028143703939E-10,2224.0,13.0,1.0,4.6578143258490465,1.0,2.0,1.0,0.42400000000000004,2224.0,1000.0
2225.0,0.424144,1.0972635613547446E-10,2225.0,13.0,1.0,4.6568445216576535,1.0,2.0,1.0,0.42500000000000004,2225.0,1000.0
2226.0,0.424235,1.0974989790055502E-10,2226.0,13.0,1.0,4.655950461525133,1.0,2.0,1.0,0.42600000000000005,2226.0,1000.0
2227.0,0.424326,1.0977343966563557E-10,2227.0,13.0,1.0,4.655206882512324,1.0,2.0,1.0,0.42700000000000005,2227.0,1000.0
2228.0,0.424417,1.0979698143071613E-10,2228.0,13.0,1.0,4.654015137951053,1.0,2.0,1.0,0.42800000000000005,2228.0,1000.0
2229.0,0.424518,1.098231102029484E-10,2229.0,13.0,1.0,4.653183368037212,1.0,2.0,1.0,0.42900000000000005,2229.0,1000.0
2230.0,0.424611,1.098471693694593E-10,2230.0,13.0,1.0,4.652352344105356,1.0,2.0,1.0,0.43000000000000005,2230.0,1000.0
2231.0,0.42471,1.0987278074026123E-10,2231.0,13.0,1.0,4.651073835658872,1.0,2.0,1.0,0.43100000000000005,2231.0,1000.0
2232.0,0.424799,1.0989580510391144E-10,2232.0,13.0,1.0,4.650259435792239,1.0,2.0,1.0,0.43200000000000005,2232.0,1000.0
2233.0,0.424895,1.0992064037256785E-10,2233.0,13.0,1.0,4.649445765347789,1.0,2.0,1.0,0.43300000000000005,2233.0,1000.0
2234.0,0.424985,1.0994392343693323E-10,2234.0,13.0,1.0,4.648185195772133,1.0,2.0,1.0,0.43400000000000005,2234.0,1000.0
2235.0,0.425076,1.0996746520201379E-10,2235.0,13.0,1.0,4.647383834546796,1.0,2.0,1.0,0.43500000000000005,2235.0,1000.0
2236.0,0.425167,1.0999100696709435E-10,2236.0,13.0,1.0,4.646135962911106,1.0,2.0,1.0,0.43600000000000005,2236.0,1000.0
2237.0,0.425258,1.100145487321749E-10,2237.0,13.0,1.0,4.645288338430591,1.0,2.0,1.0,0.43700000000000006,2237.0,1000.0
2238.0,0.425351,1.1003860789868581E-10,2238.0,13.0,1.0,4.644441471433973,1.0,2.0,1.0,0.43800000000000006,2238.0,1000.0
2239.0,0.425447,1.1006344316734221E-10,2239.0,13.0,1.0,4.6431487329474015,1.0,2.0,1.0,0.43900000000000006,2239.0,1000.0
2240.0,0.425538,1.1008698493242277E-10,2240.0,13.0,1.0,4.6423159780567005,1.0,2.0,1.0,0.44,2240.0,1000.0
2241.0,0.425632,1.1011130279964885E-10,2241.0,13.0,1.0,4.641483966365366,1.0,2.0,1.0,0.441,2241.0,1000.0
2242.0,0.425724,1.1013510326544458E-10,2242.0,13.0,1.0,4.640652696878932,1.0,2.0,1.0,0.442,2242.0,1000.0
2243.0,0.425814,1.1015838632980996E-10,2243.0,13.0,1.0,4.639376337128997,1.0,2.0,1.0,0.443,2243.0,1000.0
2244.0,0.425905,1.1018192809489052E-10,2244.0,13.0,1.0,4.638601213984109,1.0,2.0,1.0,0.444,2244.0,1000.0
2245.0,0.425997,1.1020572856068625E-10,2245.0,13.0,1.0,4.637826781372089,1.0,2.0,1.0,0.445,2245.0,1000.0
2246.0,0.426092,1.102303051286275E-10,2246.0,13.0,1.0,4.6370530383705875,1.0,2.0,1.0,0.446,2246.0,1000.0
2247.0,0.426184,1.1025410559442322E-10,2247.0,13.0,1.0,4.6358349462306805,1.0,2.0,1.0,0.447,2247.0,1000.0
2248.0,0.426275,1.1027764735950378E-10,2248.0,13.0,1.0,4.634662421788407,1.0,2.0,1.0,0.448,2248.0,1000.0
2249.0,0.426366,1.1030118912458434E-10,2249.0,13.0,1.0,4.633861475106125,1.0,2.0,1.0,0.449,2249.0,1000.0
2250.0,0.426457,1.103247308896649E-10,2250.0,13.0,1.0,4.6326167959320035,1.0,2.0,1.0,0.45,2250.0,1000.0
2251.0,0.426552,1.1034930745760614E-10,2251.0,13.0,1.0,4.631788992277316,1.0,2.0,1.0,0.451,2251.0,1000.0
2252.0,0.426641,1.1037233182125636E-10,2252.0,13.0,1.0,4.630517874061043,1.0,2.0,1.0,0.452,2252.0,1000.0
2253.0,0.426735,1.1039664968848243E-10,2253.0,13.0,1.0,4.629223496715381,1.0,2.0,1.0,0.453,2253.0,1000.0
2254.0,0.426828,1.1042070885499333E-10,2254.0,13.0,1.0,4.628323220097496,1.0,2.0,1.0,0.454,2254.0,1000.0
2255.0,0.426918,1.1044399191935872E-10,2255.0,13.0,1.0,4.6274237419511115,1.0,2.0,1.0,0.455,2255.0,1000.0
2256.0,0.427009,1.1046753368443927E-10,2256.0,13.0,1.0,4.626081798803083,1.0,2.0,1.0,0.456,2256.0,1000.0
2257.0,0.427099,1.1049081674880466E-10,2257.0,13.0,1.0,4.625195187461124,1.0,2.0,1.0,0.457,2257.0,1000.0
2258.0,0.427191,1.1051461721460039E-10,2258.0,13.0,1.0,4.623866491629653,1.0,2.0,1.0,0.458,2258.0,1000.0
2259.0,0.427283,1.1053841768039612E-10,2259.0,13.0,1.0,4.622965371134959,1.0,2.0,1.0,0.459,2259.0,1000.0
2260.0,0.427373,1.105617007447615E-10,2260.0,13.0,1.0,4.621622570215925,1.0,2.0,1.0,0.46,2260.0,1000.0
2261.0,0.427468,1.1058627731270275E-10,2261.0,13.0,1.0,4.62070878560086,1.0,2.0,1.0,0.461,2261.0,1000.0
2262.0,0.42756,1.1061007777849848E-10,2262.0,13.0,1.0,4.619795808929752,1.0,2.0,1.0,0.462,2262.0,1000.0
2263.0,0.427651,1.1063361954357904E-10,2263.0,13.0,1.0,4.61844174783679,1.0,2.0,1.0,0.463,2263.0,1000.0
2264.0,0.427743,1.1065742000937477E-10,2264.0,13.0,1.0,4.617540911096765,1.0,2.0,1.0,0.464,2264.0,1000.0
2265.0,0.427833,1.1068070307374015E-10,2265.0,13.0,1.0,4.616640869797571,1.0,2.0,1.0,0.465,2265.0,1000.0
2266.0,0.427925,1.1070450353953588E-10,2266.0,13.0,1.0,4.615741622886108,1.0,2.0,1.0,0.466,2266.0,1000.0
2267.0,0.428013,1.1072726920247092E-10,2267.0,13.0,1.0,4.614402057709899,1.0,2.0,1.0,0.467,2267.0,1000.0
2268.0,0.428104,1.1075081096755148E-10,2268.0,13.0,1.0,4.613095002128898,1.0,2.0,1.0,0.468,2268.0,1000.0
2269.0,0.428193,1.1077383533120169E-10,2269.0,13.0,1.0,4.6117544704274,1.0,2.0,1.0,0.46900000000000003,2269.0,1000.0
2270.0,0.428286,1.1079789449771259E-10,2270.0,13.0,1.0,4.610383653480075,1.0,2.0,1.0,0.47000000000000003,2270.0,1000.0
2271.0,0.428382,1.10822729766369E-10,2271.0,13.0,1.0,4.608985326291707,1.0,2.0,1.0,0.47100000000000003,2271.0,1000.0
2272.0,0.428473,1.1084627153144956E-10,2272.0,13.0,1.0,4.6080020581023176,1.0,2.0,1.0,0.47200000000000003,2272.0,1000.0
2273.0,0.428566,1.1087033069796046E-10,2273.0,13.0,1.0,4.60657970787878,1.0,2.0,1.0,0.47300000000000003,2273.0,1000.0
2274.0,0.428659,1.1089438986447136E-10,2274.0,13.0,1.0,4.605152012316828,1.0,2.0,1.0,0.47400000000000003,2274.0,1000.0
2275.0,0.428749,1.1091767292883674E-10,2275.0,13.0,1.0,4.60414213991919,1.0,2.0,1.0,0.47500000000000003,2275.0,1000.0
2276.0,0.428869,1.1094871701465726E-10,2276.0,13.0,1.0,4.60269378762032,1.0,2.0,1.0,0.47600000000000003,2276.0,1000.0
2277.0,0.428973,1.1097562188903503E-10,2277.0,13.0,1.0,4.601241702643893,1.0,2.0,1.0,0.47700000000000004,2277.0,1000.0
2278.0,0.429063,1.1099890495340042E-10,2278.0,13.0,1.0,4.599770569324032,1.0,2.0,1.0,0.47800000000000004,2278.0,1000.0
2279.0,0.429155,1.1102270541919615E-10,2279.0,13.0,1.0,4.59872060266427,1.0,2.0,1.0,0.47900000000000004,2279.0,1000.0
2280.0,0.429246,1.110462471842767E-10,2280.0,13.0,1.0,4.597232960536664,1.0,2.0,1.0,0.48000000000000004,2280.0,1000.0
2281.0,0.429343,1.1107134115364828E-10,2281.0,13.0,1.0,4.595743599308897,1.0,2.0,1.0,0.48100000000000004,2281.0,1000.0
2282.0,0.429438,1.1109591772158953E-10,2282.0,14.0,1.0,4.594676792439166,1.0,2.0,1.0,0.48200000000000004,2282.0,1000.0
2283.0,0.42953,1.1111971818738526E-10,2283.0,14.0,1.0,4.593102251575198,1.0,2.0,1.0,0.48300000000000004,2283.0,1000.0
2284.0,0.429622,1.1114351865318099E-10,2284.0,14.0,1.0,4.591529089468554,1.0,2.0,1.0,0.48400000000000004,2284.0,1000.0
2285.0,0.429715,1.111675778196919E-10,2285.0,14.0,1.0,4.590176122689793,1.0,2.0,1.0,0.48500000000000004,2285.0,1000.0
2286.0,0.429808,1.111916369862028E-10,2286.0,14.0,1.0,4.588824339609001,1.0,2.0,1.0,0.48600000000000004,2286.0,1000.0
2287.0,0.429901,1.112156961527137E-10,2287.0,14.0,1.0,4.587473738673449,1.0,2.0,1.0,0.48700000000000004,2287.0,1000.0
2288.0,0.429994,1.112397553192246E-10,2288.0,14.0,1.0,4.586124318333119,1.0,2.0,1.0,0.48800000000000004,2288.0,1000.0
2289.0,0.430173,1.1128606274724021E-10,2289.0,14.0,1.0,4.584339205044201,1.0,2.0,1.0,0.489,2289.0,1000.0
2290.0,0.430288,1.1131581332948487E-10,2290.0,14.0,1.0,4.583065112232682,1.0,2.0,1.0,0.49,2290.0,1000.0
2291.0,0.430397,1.1134401170743851E-10,2291.0,14.0,1.0,4.582046751205955,1.0,2.0,1.0,0.491,2291.0,1000.0
2292.0,0.430507,1.1137246878610732E-10,2292.0,14.0,1.0,4.580592978626894,1.0,2.0,1.0,0.492,2292.0,1000.0
2293.0,0.430604,1.113975627554789E-10,2293.0,14.0,1.0,4.579118668562077,1.0,2.0,1.0,0.493,2293.0,1000.0
2294.0,0.430699,1.1142213932342015E-10,2294.0,14.0,1.0,4.577558459900978,1.0,2.0,1.0,0.494,2294.0,1000.0
2295.0,0.430816,1.1145240730709516E-10,2295.0,14.0,1.0,4.576373093625267,1.0,2.0,1.0,0.495,2295.0,1000.0
2296.0,0.430909,1.1147646647360606E-10,2296.0,14.0,1.0,4.575188759898576,1.0,2.0,1.0,0.496,2296.0,1000.0
2297.0,0.431002,1.1150052564011696E-10,2297.0,14.0,1.0,4.573570106915225,1.0,2.0,1.0,0.497,2297.0,1000.0
2298.0,0.431107,1.1152768921520991E-10,2298.0,14.0,1.0,4.5720150285397185,1.0,2.0,1.0,0.498,2298.0,1000.0
2299.0,0.431201,1.1155200708243599E-10,2299.0,14.0,1.0,4.570847944529431,1.0,2.0,1.0,0.499,2299.0,1000.0
2300.0,0.431295,1.1157632494966206E-10,2300.0,14.0,1.0,4.569247092766108,1.0,2.0,1.0,0.5,2300.0,1000.0
2301.0,0.431402,1.1160400592618536E-10,2301.0,14.0,1.0,4.567652461261212,1.0,2.0,1.0,0.501,2301.0,1000.0
2302.0,0.431497,1.116285824941266E-10,2302.0,14.0,1.0,4.56602367297143,1.0,2.0,1.0,0.502,2302.0,1000.0
2303.0,0.431592,1.1165315906206785E-10,2303.0,14.0,1.0,4.5643666935215945,1.0,2.0,1.0,0.503,2303.0,1000.0
2304.0,0.431684,1.1167695952786358E-10,2304.0,14.0,1.0,4.563120140135651,1.0,2.0,1.0,0.504,2304.0,1000.0
2305.0,0.431811,1.1170981451869029E-10,2305.0,14.0,1.0,4.561874668357852,1.0,2.0,1.0,0.505,2305.0,1000.0
2306.0,0.431905,1.1173413238591636E-10,2306.0,14.0,1.0,4.560630276781074,1.0,2.0,1.0,0.506,2306.0,1000.0
2307.0,0.432321,1.1184175188342748E-10,2307.0,14.0,1.0,4.558953500628291,1.0,2.0,1.0,0.507,2307.0,1000.0
2308.0,0.432531,1.1189607903361338E-10,2308.0,14.0,1.0,4.557782872099917,1.0,2.0,1.0,0.508,2308.0,1000.0
2309.0,0.432643,1.1192505351371252E-10,2309.0,14.0,1.0,4.556613257541685,1.0,2.0,1.0,0.509,2309.0,1000.0
2310.0,0.432736,1.1194911268022342E-10,2310.0,14.0,1.0,4.555011755203851,1.0,2.0,1.0,0.51,2310.0,1000.0
2311.0,0.432846,1.1197756975889224E-10,2311.0,14.0,1.0,4.5534446074661306,1.0,2.0,1.0,0.511,2311.0,1000.0
2312.0,0.432942,1.1200240502754864E-10,2312.0,14.0,1.0,4.5522861106635935,1.0,2.0,1.0,0.512,2312.0,1000.0
2313.0,0.433035,1.1202646419405955E-10,2313.0,14.0,1.0,4.550696276633907,1.0,2.0,1.0,0.513,2313.0,1000.0
2314.0,0.433196,1.1206811500920207E-10,2314.0,14.0,1.0,4.549110994293606,1.0,2.0,1.0,0.514,2314.0,1000.0
2315.0,0.433304,1.1209605468644054E-10,2315.0,14.0,1.0,4.547937872193839,1.0,2.0,1.0,0.515,2315.0,1000.0
2316.0,0.433415,1.1212477046582451E-10,2316.0,14.0,1.0,4.5463339842236925,1.0,2.0,1.0,0.516,2316.0,1000.0
2317.0,0.433512,1.1214986443519609E-10,2317.0,14.0,1.0,4.544735266605624,1.0,2.0,1.0,0.517,2317.0,1000.0
2318.0,0.433607,1.1217444100313734E-10,2318.0,14.0,1.0,4.54311976390217,1.0,2.0,1.0,0.518,2318.0,1000.0
2319.0,0.433754,1.1221247000826747E-10,2319.0,14.0,1.0,4.541489227031969,1.0,2.0,1.0,0.519,2319.0,1000.0
2320.0,0.433858,1.1223937488264525E-10,2320.0,14.0,1.0,4.539845168195865,1.0,2.0,1.0,0.52,2320.0,1000.0
2321.0,0.433961,1.1226602105630785E-10,2321.0,14.0,1.0,4.538619751136717,1.0,2.0,1.0,0.521,2321.0,1000.0
2322.0,0.434074,1.1229525423712217E-10,2322.0,14.0,1.0,4.536964726340325,1.0,2.0,1.0,0.522,2322.0,1000.0
2323.0,0.434168,1.1231957210434824E-10,2323.0,14.0,1.0,4.535747063235285,1.0,2.0,1.0,0.523,2323.0,1000.0
2324.0,0.434259,1.123431138694288E-10,2324.0,14.0,1.0,4.534100155434123,1.0,2.0,1.0,0.524,2324.0,1000.0
2325.0,0.434352,1.123671730359397E-10,2325.0,14.0,1.0,4.53245968224899,1.0,2.0,1.0,0.525,2325.0,1000.0
2326.0,0.434443,1.1239071480102026E-10,2326.0,14.0,1.0,4.531238636681517,1.0,2.0,1.0,0.526,2326.0,1000.0
2327.0,0.434538,1.1241529136896151E-10,2327.0,14.0,1.0,4.529588902713158,1.0,2.0,1.0,0.527,2327.0,1000.0
2328.0,0.434631,1.1243935053547241E-10,2328.0,14.0,1.0,4.528375034500526,1.0,2.0,1.0,0.528,2328.0,1000.0
2329.0,0.434721,1.124626335998378E-10,2329.0,14.0,1.0,4.526732839854413,1.0,2.0,1.0,0.529,2329.0,1000.0
2330.0,0.434814,1.124866927663487E-10,2330.0,14.0,1.0,4.525096596452881,1.0,2.0,1.0,0.53,2330.0,1000.0
2331.0,0.43491,1.125115280350051E-10,2331.0,14.0,1.0,4.523880190865563,1.0,2.0,1.0,0.531,2331.0,1000.0
2332.0,0.435001,1.1253506980008566E-10,2332.0,14.0,1.0,4.5222360120411835,1.0,2.0,1.0,0.532,2332.0,1000.0
2333.0,0.435091,1.1255835286445105E-10,2333.0,14.0,1.0,4.52102630950709,1.0,2.0,1.0,0.533,2333.0,1000.0
2334.0,0.435182,1.125818946295316E-10,2334.0,14.0,1.0,4.519389194550146,1.0,2.0,1.0,0.534,2334.0,1000.0
2335.0,0.435279,1.1260698859890318E-10,2335.0,15.0,1.0,4.517757626338071,1.0,2.0,1.0,0.535,2335.0,1000.0
2336.0,0.43537,1.1263053036398374E-10,2336.0,15.0,1.0,4.515823654751453,1.0,2.0,1.0,0.536,2336.0,1000.0
2337.0,0.435464,1.1265484823120982E-10,2337.0,15.0,1.0,4.514319237269746,1.0,2.0,1.0,0.537,2337.0,1000.0
2338.0,0.435555,1.1267838999629037E-10,2338.0,15.0,1.0,4.512388390718304,1.0,2.0,1.0,0.538,2338.0,1000.0
2339.0,0.435648,1.1270244916280128E-10,2339.0,15.0,1.0,4.510601706213223,1.0,2.0,1.0,0.539,2339.0,1000.0
2340.0,0.435739,1.1272599092788183E-10,2340.0,15.0,1.0,4.5092082866806535,1.0,2.0,1.0,0.54,2340.0,1000.0
2341.0,0.435834,1.1275056749582308E-10,2341.0,15.0,1.0,4.507388889719235,1.0,2.0,1.0,0.541,2341.0,1000.0
2342.0,0.435926,1.1277436796161881E-10,2342.0,15.0,1.0,4.505635094292369,1.0,2.0,1.0,0.542,2342.0,1000.0
2343.0,0.436016,1.127976510259842E-10,2343.0,15.0,1.0,4.503854342367077,1.0,2.0,1.0,0.543,2343.0,1000.0
2344.0,0.436108,1.1282145149177992E-10,2344.0,15.0,1.0,4.502054794561338,1.0,2.0,1.0,0.544,2344.0,1000.0
2345.0,0.436203,1.1284602805972117E-10,2345.0,15.0,1.0,4.500667990810992,1.0,2.0,1.0,0.545,2345.0,1000.0
2346.0,0.436297,1.1287034592694725E-10,2346.0,15.0,1.0,4.499282369331533,1.0,2.0,1.0,0.546,2346.0,1000.0
2347.0,0.436388,1.128938876920278E-10,2347.0,15.0,1.0,4.49789792861175,1.0,2.0,1.0,0.547,2347.0,1000.0
2348.0,0.43648,1.1291768815782353E-10,2348.0,15.0,1.0,4.496088772764812,1.0,2.0,1.0,0.548,2348.0,1000.0
2349.0,0.436571,1.1294122992290409E-10,2349.0,15.0,1.0,4.494411236273875,1.0,2.0,1.0,0.549,2349.0,1000.0
2350.0,0.436662,1.1296477168798465E-10,2350.0,15.0,1.0,4.493137018726524,1.0,2.0,1.0,0.55,2350.0,1000.0
2351.0,0.436759,1.1298986565735623E-10,2351.0,15.0,1.0,4.491438534243867,1.0,2.0,1.0,0.551,2351.0,1000.0
2352.0,0.43685,1.1301340742243678E-10,2352.0,15.0,1.0,4.490185990030946,1.0,2.0,1.0,0.552,2352.0,1000.0
2353.0,0.436948,1.1303876009252354E-10,2353.0,15.0,1.0,4.488509521078725,1.0,2.0,1.0,0.5529999999999999,2353.0,1000.0
2354.0,0.43704,1.1306256055831927E-10,2354.0,15.0,1.0,4.487275376563965,1.0,2.0,1.0,0.554,2354.0,1000.0
2355.0,0.437132,1.13086361024115E-10,2355.0,15.0,1.0,4.48604228015495,1.0,2.0,1.0,0.5549999999999999,2355.0,1000.0
2356.0,0.437223,1.1310990278919555E-10,2356.0,15.0,1.0,4.4848102305170805,1.0,2.0,1.0,0.556,2356.0,1000.0
2357.0,0.437315,1.1313370325499128E-10,2357.0,15.0,1.0,4.483579226318021,1.0,2.0,1.0,0.5569999999999999,2357.0,1000.0
2358.0,0.437407,1.1315750372078701E-10,2358.0,15.0,1.0,4.481925178017349,1.0,2.0,1.0,0.558,2358.0,1000.0
2359.0,0.437501,1.1318182158801309E-10,2359.0,15.0,1.0,4.480383943879213,1.0,2.0,1.0,0.5589999999999999,2359.0,1000.0
2360.0,0.437593,1.1320562205380882E-10,2360.0,15.0,1.0,4.479242134702024,1.0,2.0,1.0,0.56,2360.0,1000.0
2361.0,0.437694,1.1323175082604109E-10,2361.0,15.0,1.0,4.4776777434063915,1.0,2.0,1.0,0.5609999999999999,2361.0,1000.0
2362.0,0.437786,1.1325555129183682E-10,2362.0,15.0,1.0,4.476120724886744,1.0,2.0,1.0,0.562,2362.0,1000.0
2363.0,0.437881,1.1328012785977807E-10,2363.0,15.0,1.0,4.4745438646561535,1.0,2.0,1.0,0.563,2363.0,1000.0
2364.0,0.437974,1.1330418702628897E-10,2364.0,15.0,1.0,4.473372688043752,1.0,2.0,1.0,0.5640000000000001,2364.0,1000.0
2365.0,0.438064,1.1332747009065435E-10,2365.0,15.0,1.0,4.471779668874576,1.0,2.0,1.0,0.565,2365.0,1000.0
2366.0,0.438155,1.1335101185573491E-10,2366.0,15.0,1.0,4.470194902413607,1.0,2.0,1.0,0.5660000000000001,2366.0,1000.0
2367.0,0.438247,1.1337481232153064E-10,2367.0,15.0,1.0,4.468595415985175,1.0,2.0,1.0,0.567,2367.0,1000.0
2368.0,0.438337,1.1339809538589602E-10,2368.0,15.0,1.0,4.4669828334615325,1.0,2.0,1.0,0.5680000000000001,2368.0,1000.0
2369.0,0.438429,1.1342189585169175E-10,2369.0,15.0,1.0,4.4653585467521975,1.0,2.0,1.0,0.569,2369.0,1000.0
2370.0,0.438519,1.1344517891605714E-10,2370.0,15.0,1.0,4.463723757952264,1.0,2.0,1.0,0.5700000000000001,2370.0,1000.0
2371.0,0.438614,1.1346975548399839E-10,2371.0,15.0,1.0,4.462079512331577,1.0,2.0,1.0,0.571,2371.0,1000.0
2372.0,0.438704,1.1349303854836377E-10,2372.0,15.0,1.0,4.460426724453979,1.0,2.0,1.0,0.5720000000000001,2372.0,1000.0
2373.0,0.438794,1.1351632161272915E-10,2373.0,15.0,1.0,4.459187606575996,1.0,2.0,1.0,0.573,2373.0,1000.0
2374.0,0.438886,1.1354012207852488E-10,2374.0,15.0,1.0,4.457949532605239,1.0,2.0,1.0,0.5740000000000001,2374.0,1000.0
2375.0,0.438978,1.1356392254432061E-10,2375.0,15.0,1.0,4.456291448591511,1.0,2.0,1.0,0.575,2375.0,1000.0
2376.0,0.43907,1.1358772301011634E-10,2376.0,15.0,1.0,4.4550795932162295,1.0,2.0,1.0,0.5760000000000001,2376.0,1000.0
2377.0,0.439159,1.1361074737376656E-10,2377.0,15.0,1.0,4.453448059132808,1.0,2.0,1.0,0.577,2377.0,1000.0
2378.0,0.439251,1.1363454783956229E-10,2378.0,15.0,1.0,4.452245008053524,1.0,2.0,1.0,0.5780000000000001,2378.0,1000.0
2379.0,0.439341,1.1365783090392767E-10,2379.0,15.0,1.0,4.451042968366487,1.0,2.0,1.0,0.579,2379.0,1000.0
2380.0,0.439432,1.1368137266900823E-10,2380.0,15.0,1.0,4.449421770729607,1.0,2.0,1.0,0.5800000000000001,2380.0,1000.0
2381.0,0.439526,1.137056905362343E-10,2381.0,15.0,1.0,4.447823045560404,1.0,2.0,1.0,0.581,2381.0,1000.0
2382.0,0.439616,1.1372897360059969E-10,2382.0,15.0,1.0,4.446216356479636,1.0,2.0,1.0,0.5820000000000001,2382.0,1000.0
2383.0,0.439709,1.1375303276711059E-10,2383.0,15.0,1.0,4.445021972779896,1.0,2.0,1.0,0.583,2383.0,1000.0
2384.0,0.4398,1.1377657453219115E-10,2384.0,15.0,1.0,4.443828591079905,1.0,2.0,1.0,0.5840000000000001,2384.0,1000.0
2385.0,0.439892,1.1380037499798688E-10,2385.0,15.0,1.0,4.442216922907545,1.0,2.0,1.0,0.585,2385.0,1000.0
2386.0,0.439982,1.1382365806235226E-10,2386.0,15.0,1.0,4.441044644771507,1.0,2.0,1.0,0.5860000000000001,2386.0,1000.0
2387.0,0.440072,1.1384694112671764E-10,2387.0,15.0,1.0,4.4398733488542685,1.0,2.0,1.0,0.587,2387.0,1000.0
2388.0,0.440162,1.1387022419108303E-10,2388.0,15.0,1.0,4.438284273452873,1.0,2.0,1.0,0.5880000000000001,2388.0,1000.0
2389.0,0.440253,1.1389376595616359E-10,2389.0,15.0,1.0,4.43671425073481,1.0,2.0,1.0,0.589,2389.0,1000.0
2390.0,0.44035,1.1391885992553517E-10,2390.0,15.0,1.0,4.435555235009258,1.0,2.0,1.0,0.5900000000000001,2390.0,1000.0
2391.0,0.440446,1.1394369519419157E-10,2391.0,15.0,1.0,4.434397188765701,1.0,2.0,1.0,0.591,2391.0,1000.0
2392.0,0.440536,1.1396697825855696E-10,2392.0,15.0,1.0,4.432822050587566,1.0,2.0,1.0,0.5920000000000001,2392.0,1000.0
2393.0,0.440628,1.1399077872435269E-10,2393.0,15.0,1.0,4.431264616530881,1.0,2.0,1.0,0.593,2393.0,1000.0
2394.0,0.440717,1.140138030880029E-10,2394.0,15.0,1.0,4.430117770110323,1.0,2.0,1.0,0.5940000000000001,2394.0,1000.0
2395.0,0.44081,1.140378622545138E-10,2395.0,15.0,1.0,4.428554344855877,1.0,2.0,1.0,0.595,2395.0,1000.0
2396.0,0.440901,1.1406140401959436E-10,2396.0,15.0,1.0,4.42741323054018,1.0,2.0,1.0,0.5960000000000001,2396.0,1000.0
2397.0,0.440991,1.1408468708395974E-10,2397.0,15.0,1.0,4.426273068343227,1.0,2.0,1.0,0.597,2397.0,1000.0
2398.0,0.441086,1.1410926365190099E-10,2398.0,15.0,1.0,4.425133857073879,1.0,2.0,1.0,0.5980000000000001,2398.0,1000.0
2399.0,0.441177,1.1413280541698155E-10,2399.0,15.0,1.0,4.423995595542979,1.0,2.0,1.0,0.599,2399.0,1000.0
2400.0,0.441269,1.1415660588277728E-10,2400.0,15.0,1.0,4.422441615896688,1.0,2.0,1.0,0.6000000000000001,2400.0,1000.0
2401.0,0.441366,1.1418169985214886E-10,2401.0,15.0,1.0,4.421342633042831,1.0,2.0,1.0,0.601,2401.0,1000.0
2402.0,0.441463,1.1420679382152044E-10,2402.0,15.0,1.0,4.419828245511915,1.0,2.0,1.0,0.6020000000000001,2402.0,1000.0
2403.0,0.441558,1.1423137038946169E-10,2403.0,15.0,1.0,4.418317486227145,1.0,2.0,1.0,0.603,2403.0,1000.0
2404.0,0.441649,1.1425491215454224E-10,2404.0,15.0,1.0,4.417215536677645,1.0,2.0,1.0,0.6040000000000001,2404.0,1000.0
2405.0,0.441738,1.1427793651819245E-10,2405.0,15.0,1.0,4.4161145035103075,1.0,2.0,1.0,0.605,2405.0,1000.0
2406.0,0.441828,1.1430121958255784E-10,2406.0,15.0,1.0,4.41501438558251,1.0,2.0,1.0,0.6060000000000001,2406.0,1000.0
2407.0,0.441921,1.1432527874906874E-10,2407.0,15.0,1.0,4.413499726830391,1.0,2.0,1.0,0.607,2407.0,1000.0
2408.0,0.442014,1.1434933791557964E-10,2408.0,15.0,1.0,4.412009486080047,1.0,2.0,1.0,0.6080000000000001,2408.0,1000.0
2409.0,0.442107,1.1437339708209055E-10,2409.0,15.0,1.0,4.410512129734135,1.0,2.0,1.0,0.609,2409.0,1000.0
2410.0,0.4422,1.1439745624860145E-10,2410.0,15.0,1.0,4.409008064238691,1.0,2.0,1.0,0.6100000000000001,2410.0,1000.0
2411.0,0.442295,1.144220328165427E-10,2411.0,15.0,1.0,4.4074976676382045,1.0,2.0,1.0,0.611,2411.0,1000.0
2412.0,0.442386,1.1444557458162325E-10,2412.0,15.0,1.0,4.4059812921541095,1.0,2.0,1.0,0.6120000000000001,2412.0,1000.0
2413.0,0.442477,1.1446911634670381E-10,2413.0,15.0,1.0,4.404873688358494,1.0,2.0,1.0,0.613,2413.0,1000.0
2414.0,0.442571,1.1449343421392989E-10,2414.0,15.0,1.0,4.4037670022130815,1.0,2.0,1.0,0.6140000000000001,2414.0,1000.0
2415.0,0.442662,1.1451697597901044E-10,2415.0,15.0,1.0,4.402247153902986,1.0,2.0,1.0,0.615,2415.0,1000.0
2416.0,0.442754,1.1454077644480617E-10,2416.0,15.0,1.0,4.400739961192438,1.0,2.0,1.0,0.6160000000000001,2416.0,1000.0
2417.0,0.442844,1.1456405950917156E-10,2417.0,15.0,1.0,4.399641053823745,1.0,2.0,1.0,0.617,2417.0,1000.0
2418.0,0.442934,1.1458734257353694E-10,2418.0,15.0,1.0,4.398543055394151,1.0,2.0,1.0,0.618,2418.0,1000.0
2419.0,0.443027,1.1461140174004784E-10,2419.0,15.0,1.0,4.397445964776403,1.0,2.0,1.0,0.619,2419.0,1000.0
2420.0,0.443118,1.146349435051284E-10,2420.0,15.0,1.0,4.396349780845116,1.0,2.0,1.0,0.62,2420.0,1000.0
2421.0,0.443213,1.1465952007306965E-10,2421.0,15.0,1.0,4.395254502476764,1.0,2.0,1.0,0.621,2421.0,1000.0
2422.0,0.443304,1.146830618381502E-10,2422.0,15.0,1.0,4.393747246633901,1.0,2.0,1.0,0.622,2422.0,1000.0
2423.0,0.443395,1.1470660360323076E-10,2423.0,15.0,1.0,4.3922778228149575,1.0,2.0,1.0,0.623,2423.0,1000.0
2424.0,0.443486,1.1473014536831132E-10,2424.0,15.0,1.0,4.390802595384181,1.0,2.0,1.0,0.624,2424.0,1000.0
2425.0,0.443577,1.1475368713339188E-10,2425.0,15.0,1.0,4.389734223179898,1.0,2.0,1.0,0.625,2425.0,1000.0
2426.0,0.44367,1.1477774629990278E-10,2426.0,15.0,1.0,4.388666731744127,1.0,2.0,1.0,0.626,2426.0,1000.0
2427.0,0.443767,1.1480284026927436E-10,2427.0,15.0,1.0,4.387188088673775,1.0,2.0,1.0,0.627,2427.0,1000.0
2428.0,0.443857,1.1482612333363974E-10,2428.0,15.0,1.0,4.386132216072083,1.0,2.0,1.0,0.628,2428.0,1000.0
2429.0,0.443949,1.1484992379943547E-10,2429.0,15.0,1.0,4.385077212859111,1.0,2.0,1.0,0.629,2429.0,1000.0
2430.0,0.444041,1.148737242652312E-10,2430.0,15.0,1.0,4.383611555327796,1.0,2.0,1.0,0.63,2430.0,1000.0
2431.0,0.444135,1.1489804213245728E-10,2431.0,15.0,1.0,4.382156410239695,1.0,2.0,1.0,0.631,2431.0,1000.0
2432.0,0.444226,1.1492158389753783E-10,2432.0,15.0,1.0,4.380695897192411,1.0,2.0,1.0,0.632,2432.0,1000.0
2433.0,0.444317,1.1494512566261839E-10,2433.0,15.0,1.0,4.379230265839194,1.0,2.0,1.0,0.633,2433.0,1000.0
2434.0,0.444408,1.1496866742769895E-10,2434.0,15.0,1.0,4.3781705985155135,1.0,2.0,1.0,0.634,2434.0,1000.0
2435.0,0.444499,1.149922091927795E-10,2435.0,15.0,1.0,4.376701123937067,1.0,2.0,1.0,0.635,2435.0,1000.0
2436.0,0.444589,1.1501549225714489E-10,2436.0,15.0,1.0,4.375644830958674,1.0,2.0,1.0,0.636,2436.0,1000.0
2437.0,0.444681,1.1503929272294062E-10,2437.0,15.0,1.0,4.374179064277349,1.0,2.0,1.0,0.637,2437.0,1000.0
2438.0,0.444772,1.1506283448802118E-10,2438.0,15.0,1.0,4.373126085803018,1.0,2.0,1.0,0.638,2438.0,1000.0
2439.0,0.444863,1.1508637625310173E-10,2439.0,15.0,1.0,4.3716639666796295,1.0,2.0,1.0,0.639,2439.0,1000.0
2440.0,0.444957,1.1511069412032781E-10,2440.0,15.0,1.0,4.370614245720986,1.0,2.0,1.0,0.64,2440.0,1000.0
2441.0,0.445052,1.1513527068826906E-10,2441.0,15.0,1.0,4.369155716668083,1.0,2.0,1.0,0.641,2441.0,1000.0
2442.0,0.445145,1.1515932985477996E-10,2442.0,15.0,1.0,4.368109198897963,1.0,2.0,1.0,0.642,2442.0,1000.0
2443.0,0.445235,1.1518261291914534E-10,2443.0,15.0,1.0,4.366654205088358,1.0,2.0,1.0,0.643,2443.0,1000.0
2444.0,0.445329,1.1520693078637142E-10,2444.0,15.0,1.0,4.365201673362327,1.0,2.0,1.0,0.644,2444.0,1000.0
2445.0,0.44542,1.1523047255145198E-10,2445.0,15.0,1.0,4.363744854145624,1.0,2.0,1.0,0.645,2445.0,1000.0
2446.0,0.445513,1.1525453171796288E-10,2446.0,15.0,1.0,4.362692760002738,1.0,2.0,1.0,0.646,2446.0,1000.0
2447.0,0.445604,1.1527807348304343E-10,2447.0,15.0,1.0,4.361641525765159,1.0,2.0,1.0,0.647,2447.0,1000.0
2448.0,0.445697,1.1530213264955434E-10,2448.0,15.0,1.0,4.36059115037908,1.0,2.0,1.0,0.648,2448.0,1000.0
2449.0,0.445788,1.153256744146349E-10,2449.0,15.0,1.0,4.359133302861835,1.0,2.0,1.0,0.649,2449.0,1000.0
2450.0,0.445881,1.153497335811458E-10,2450.0,15.0,1.0,4.358099124707769,1.0,2.0,1.0,0.65,2450.0,1000.0
2451.0,0.445976,1.1537431014908704E-10,2451.0,15.0,1.0,4.356657793700298,1.0,2.0,1.0,0.651,2451.0,1000.0
2452.0,0.446069,1.1539836931559795E-10,2452.0,15.0,1.0,4.355626581304825,1.0,2.0,1.0,0.652,2452.0,1000.0
2453.0,0.44616,1.154219110806785E-10,2453.0,15.0,1.0,4.3541885456010725,1.0,2.0,1.0,0.653,2453.0,1000.0
2454.0,0.44625,1.1544519414504389E-10,2454.0,15.0,1.0,4.352752759409209,1.0,2.0,1.0,0.654,2454.0,1000.0
2455.0,0.446342,1.1546899461083962E-10,2455.0,15.0,1.0,4.351313015644962,1.0,2.0,1.0,0.655,2455.0,1000.0
2456.0,0.446436,1.1549331247806569E-10,2456.0,15.0,1.0,4.349869472132587,1.0,2.0,1.0,0.656,2456.0,1000.0
2457.0,0.446528,1.1551711294386142E-10,2457.0,15.0,1.0,4.34842227969259,1.0,2.0,1.0,0.657,2457.0,1000.0
2458.0,0.446619,1.1554065470894198E-10,2458.0,15.0,1.0,4.347378417371988,1.0,2.0,1.0,0.658,2458.0,1000.0
2459.0,0.446719,1.1556652478045908E-10,2459.0,15.0,1.0,4.345928734687271,1.0,2.0,1.0,0.659,2459.0,1000.0
2460.0,0.446812,1.1559058394696998E-10,2460.0,15.0,1.0,4.3444814930413465,1.0,2.0,1.0,0.66,2460.0,1000.0
2461.0,0.446907,1.1561516051491123E-10,2461.0,15.0,1.0,4.343030930828539,1.0,2.0,1.0,0.661,2461.0,1000.0
2462.0,0.446998,1.1563870227999179E-10,2462.0,15.0,1.0,4.341577176952853,1.0,2.0,1.0,0.662,2462.0,1000.0
2463.0,0.44709,1.1566250274578751E-10,2463.0,15.0,1.0,4.340526363912082,1.0,2.0,1.0,0.663,2463.0,1000.0
2464.0,0.447183,1.1568656191229842E-10,2464.0,15.0,1.0,4.339476403803975,1.0,2.0,1.0,0.664,2464.0,1000.0
2465.0,0.447274,1.1571010367737897E-10,2465.0,15.0,1.0,4.338021616077293,1.0,2.0,1.0,0.665,2465.0,1000.0
2466.0,0.447367,1.1573416284388988E-10,2466.0,15.0,1.0,4.33657483937583,1.0,2.0,1.0,0.666,2466.0,1000.0
2467.0,0.447471,1.1576106771826765E-10,2467.0,15.0,1.0,4.335125072517551,1.0,2.0,1.0,0.667,2467.0,1000.0
2468.0,0.447565,1.1578538558549373E-10,2468.0,15.0,1.0,4.3336724286470005,1.0,2.0,1.0,0.668,2468.0,1000.0
2469.0,0.447657,1.1580918605128946E-10,2469.0,15.0,1.0,4.332217016460533,1.0,2.0,1.0,0.669,2469.0,1000.0
2470.0,0.447749,1.1583298651708519E-10,2470.0,15.0,1.0,4.330758940433937,1.0,2.0,1.0,0.67,2470.0,1000.0
2471.0,0.447846,1.1585808048645677E-10,2471.0,15.0,1.0,4.329298301035681,1.0,2.0,1.0,0.671,2471.0,1000.0
2472.0,0.447942,1.1588291575511317E-10,2472.0,15.0,1.0,4.328239725671184,1.0,2.0,1.0,0.672,2472.0,1000.0
2473.0,0.448034,1.159067162209089E-10,2473.0,15.0,1.0,4.32677763924754,1.0,2.0,1.0,0.673,2473.0,1000.0
2474.0,0.448126,1.1593051668670463E-10,2474.0,15.0,1.0,4.325318169459129,1.0,2.0,1.0,0.674,2474.0,1000.0
2475.0,0.448221,1.1595509325464588E-10,2475.0,16.0,1.0,4.323856350834365,1.0,2.0,1.0,0.675,2475.0,1000.0
2476.0,0.448315,1.1597941112187196E-10,2476.0,16.0,1.0,4.322110043745983,1.0,2.0,1.0,0.676,2476.0,1000.0
2477.0,0.448405,1.1600269418623734E-10,2477.0,16.0,1.0,4.320365146675436,1.0,2.0,1.0,0.677,2477.0,1000.0
2478.0,0.448499,1.1602701205346342E-10,2478.0,16.0,1.0,4.3186216579156795,1.0,2.0,1.0,0.678,2478.0,1000.0
2479.0,0.44859,1.1605055381854397E-10,2479.0,16.0,1.0,4.316879575762426,1.0,2.0,1.0,0.679,2479.0,1000.0
2480.0,0.448682,1.160743542843397E-10,2480.0,16.0,1.0,4.3155421243205865,1.0,2.0,1.0,0.6799999999999999,2480.0,1000.0
2481.0,0.448776,1.1609867215156578E-10,2481.0,16.0,1.0,4.313802687752944,1.0,2.0,1.0,0.681,2481.0,1000.0
2482.0,0.448867,1.1612221391664633E-10,2482.0,16.0,1.0,4.312131802974101,1.0,2.0,1.0,0.6819999999999999,2482.0,1000.0
2483.0,0.448959,1.1614601438244206E-10,2483.0,16.0,1.0,4.3104526750401035,1.0,2.0,1.0,0.683,2483.0,1000.0
2484.0,0.449053,1.1617033224966814E-10,2484.0,16.0,1.0,4.308767710195079,1.0,2.0,1.0,0.6839999999999999,2484.0,1000.0
2485.0,0.449145,1.1619413271546387E-10,2485.0,16.0,1.0,4.3074809268554075,1.0,2.0,1.0,0.685,2485.0,1000.0
2486.0,0.449238,1.1621819188197477E-10,2486.0,16.0,1.0,4.3057929261250205,1.0,2.0,1.0,0.6859999999999999,2486.0,1000.0
2487.0,0.449329,1.1624173364705533E-10,2487.0,16.0,1.0,4.304142024264897,1.0,2.0,1.0,0.687,2487.0,1000.0
2488.0,0.449423,1.162660515142814E-10,2488.0,16.0,1.0,4.302485141691567,1.0,2.0,1.0,0.688,2488.0,1000.0
2489.0,0.449515,1.1628985198007713E-10,2489.0,16.0,1.0,4.301225270869942,1.0,2.0,1.0,0.6890000000000001,2489.0,1000.0
2490.0,0.449606,1.1631339374515769E-10,2490.0,16.0,1.0,4.299966411992751,1.0,2.0,1.0,0.69,2490.0,1000.0
2491.0,0.449701,1.1633797031309894E-10,2491.0,16.0,1.0,4.2983071186385455,1.0,2.0,1.0,0.6910000000000001,2491.0,1000.0
2492.0,0.449792,1.163615120781795E-10,2492.0,16.0,1.0,4.296705748329177,1.0,2.0,1.0,0.692,2492.0,1000.0
2493.0,0.449882,1.1638479514254488E-10,2493.0,16.0,1.0,4.2954979699647104,1.0,2.0,1.0,0.6930000000000001,2493.0,1000.0
2494.0,0.449973,1.1640833690762544E-10,2494.0,16.0,1.0,4.293890197837905,1.0,2.0,1.0,0.694,2494.0,1000.0
2495.0,0.450062,1.1643136127127565E-10,2495.0,16.0,1.0,4.292302800297022,1.0,2.0,1.0,0.6950000000000001,2495.0,1000.0
2496.0,0.450155,1.1645542043778655E-10,2496.0,16.0,1.0,4.290708328021262,1.0,2.0,1.0,0.696,2496.0,1000.0
2497.0,0.450249,1.1647973830501263E-10,2497.0,16.0,1.0,4.2895082516572405,1.0,2.0,1.0,0.6970000000000001,2497.0,1000.0
2498.0,0.45034,1.1650328007009318E-10,2498.0,16.0,1.0,4.288309136122974,1.0,2.0,1.0,0.698,2498.0,1000.0
2499.0,0.450429,1.165263044337434E-10,2499.0,16.0,1.0,4.286710820200979,1.0,2.0,1.0,0.6990000000000001,2499.0,1000.0
2500.0,0.450522,1.165503636002543E-10,2500.0,16.0,1.0,4.285151691428455,1.0,2.0,1.0,0.7,2500.0,1000.0
2501.0,0.450621,1.1657597497105624E-10,2501.0,16.0,1.0,4.283585625599268,1.0,2.0,1.0,0.7010000000000001,2501.0,1000.0
2502.0,0.450712,1.165995167361368E-10,2502.0,16.0,1.0,4.282413129346031,1.0,2.0,1.0,0.702,2502.0,1000.0
2503.0,0.450802,1.1662279980050218E-10,2503.0,16.0,1.0,4.280842049390239,1.0,2.0,1.0,0.7030000000000001,2503.0,1000.0
2504.0,0.450902,1.1664866987201926E-10,2504.0,16.0,1.0,4.2792845854651445,1.0,2.0,1.0,0.704,2504.0,1000.0
2505.0,0.450993,1.1667221163709982E-10,2505.0,16.0,1.0,4.277721452442458,1.0,2.0,1.0,0.7050000000000001,2505.0,1000.0
2506.0,0.451083,1.166954947014652E-10,2506.0,16.0,1.0,4.276552300261498,1.0,2.0,1.0,0.706,2506.0,1000.0
2507.0,0.451176,1.167195538679761E-10,2507.0,16.0,1.0,4.27498519766345,1.0,2.0,1.0,0.7070000000000001,2507.0,1000.0
2508.0,0.451269,1.16743613034487E-10,2508.0,16.0,1.0,4.2734301796420535,1.0,2.0,1.0,0.708,2508.0,1000.0
2509.0,0.45136,1.1676715479956757E-10,2509.0,16.0,1.0,4.271870422695206,1.0,2.0,1.0,0.7090000000000001,2509.0,1000.0
2510.0,0.45145,1.1679043786393295E-10,2510.0,16.0,1.0,4.270704798561125,1.0,2.0,1.0,0.71,2510.0,1000.0
2511.0,0.451545,1.168150144318742E-10,2511.0,16.0,1.0,4.269540102841329,1.0,2.0,1.0,0.7110000000000001,2511.0,1000.0
2512.0,0.451635,1.1683829749623958E-10,2512.0,16.0,1.0,4.267978245255069,1.0,2.0,1.0,0.712,2512.0,1000.0
2513.0,0.451726,1.1686183926132014E-10,2513.0,16.0,1.0,4.266839936127393,1.0,2.0,1.0,0.7130000000000001,2513.0,1000.0
2514.0,0.451817,1.168853810264007E-10,2514.0,16.0,1.0,4.26530476010165,1.0,2.0,1.0,0.714,2514.0,1000.0
2515.0,0.451907,1.1690866409076608E-10,2515.0,16.0,1.0,4.26377922000959,1.0,2.0,1.0,0.7150000000000001,2515.0,1000.0
2516.0,0.451998,1.1693220585584664E-10,2516.0,16.0,1.0,4.262249018850383,1.0,2.0,1.0,0.716,2516.0,1000.0
2517.0,0.452089,1.169557476209272E-10,2517.0,16.0,1.0,4.260714553606502,1.0,2.0,1.0,0.7170000000000001,2517.0,1000.0
2518.0,0.452181,1.1697954808672292E-10,2518.0,16.0,1.0,4.259176182764796,1.0,2.0,1.0,0.718,2518.0,1000.0
2519.0,0.452273,1.1700334855251865E-10,2519.0,16.0,1.0,4.257634231124159,1.0,2.0,1.0,0.7190000000000001,2519.0,1000.0
2520.0,0.452368,1.170279251204599E-10,2520.0,16.0,1.0,4.2560889938751565,1.0,2.0,1.0,0.72,2520.0,1000.0
2521.0,0.452462,1.1705224298768598E-10,2521.0,16.0,1.0,4.254937408068966,1.0,2.0,1.0,0.7210000000000001,2521.0,1000.0
2522.0,0.452555,1.1707630215419688E-10,2522.0,16.0,1.0,4.253390224789189,1.0,2.0,1.0,0.722,2522.0,1000.0
2523.0,0.452647,1.171001026199926E-10,2523.0,16.0,1.0,4.251851595517148,1.0,2.0,1.0,0.7230000000000001,2523.0,1000.0
2524.0,0.452738,1.1712364438507317E-10,2524.0,16.0,1.0,4.250310097702407,1.0,2.0,1.0,0.724,2524.0,1000.0
2525.0,0.45283,1.171474448508689E-10,2525.0,16.0,1.0,4.248765955624644,1.0,2.0,1.0,0.7250000000000001,2525.0,1000.0
2526.0,0.452922,1.1717124531666463E-10,2526.0,16.0,1.0,4.247219375778062,1.0,2.0,1.0,0.726,2526.0,1000.0
2527.0,0.453012,1.1719452838103E-10,2527.0,16.0,1.0,4.245670548693597,1.0,2.0,1.0,0.7270000000000001,2527.0,1000.0
2528.0,0.453105,1.172185875475409E-10,2528.0,16.0,1.0,4.244515220153765,1.0,2.0,1.0,0.728,2528.0,1000.0
2529.0,0.453197,1.1724238801333664E-10,2529.0,16.0,1.0,4.24336080527826,1.0,2.0,1.0,0.7290000000000001,2529.0,1000.0
2530.0,0.453288,1.172659297784172E-10,2530.0,16.0,1.0,4.241812046066688,1.0,2.0,1.0,0.73,2530.0,1000.0
2531.0,0.453383,1.1729050634635845E-10,2531.0,16.0,1.0,4.2406757527488175,1.0,2.0,1.0,0.7310000000000001,2531.0,1000.0
2532.0,0.453475,1.1731430681215418E-10,2532.0,16.0,1.0,4.239145412269272,1.0,2.0,1.0,0.732,2532.0,1000.0
2533.0,0.453569,1.1733862467938025E-10,2533.0,16.0,1.0,4.2380170297065725,1.0,2.0,1.0,0.7330000000000001,2533.0,1000.0
2534.0,0.453664,1.173632012473215E-10,2534.0,16.0,1.0,4.236889537737845,1.0,2.0,1.0,0.734,2534.0,1000.0
2535.0,0.453755,1.1738674301240206E-10,2535.0,16.0,1.0,4.235762935309133,1.0,2.0,1.0,0.7350000000000001,2535.0,1000.0
2536.0,0.453847,1.1741054347819779E-10,2536.0,16.0,1.0,4.234242899601579,1.0,2.0,1.0,0.736,2536.0,1000.0
2537.0,0.45394,1.174346026447087E-10,2537.0,16.0,1.0,4.232748070104344,1.0,2.0,1.0,0.7370000000000001,2537.0,1000.0
2538.0,0.454032,1.1745840311050442E-10,2538.0,16.0,1.0,4.231250461795327,1.0,2.0,1.0,0.738,2538.0,1000.0
2539.0,0.454123,1.1748194487558498E-10,2539.0,16.0,1.0,4.229750253745081,1.0,2.0,1.0,0.7390000000000001,2539.0,1000.0
2540.0,0.454215,1.175057453413807E-10,2540.0,16.0,1.0,4.228247613282291,1.0,2.0,1.0,0.74,2540.0,1000.0
2541.0,0.454315,1.175316154128978E-10,2541.0,16.0,1.0,4.226742696991802,1.0,2.0,1.0,0.7410000000000001,2541.0,1000.0
2542.0,0.454406,1.1755515717797835E-10,2542.0,16.0,1.0,4.225235651608774,1.0,2.0,1.0,0.742,2542.0,1000.0
2543.0,0.454498,1.1757895764377408E-10,2543.0,16.0,1.0,4.224119851156722,1.0,2.0,1.0,0.7430000000000001,2543.0,1000.0
2544.0,0.45459,1.176027581095698E-10,2544.0,16.0,1.0,4.222611846145277,1.0,2.0,1.0,0.744,2544.0,1000.0
2545.0,0.454684,1.1762707597679588E-10,2545.0,16.0,1.0,4.22110983756133,1.0,2.0,1.0,0.7450000000000001,2545.0,1000.0
2546.0,0.454776,1.176508764425916E-10,2546.0,16.0,1.0,4.219605928301779,1.0,2.0,1.0,0.746,2546.0,1000.0
2547.0,0.454867,1.1767441820767217E-10,2547.0,16.0,1.0,4.218100239042381,1.0,2.0,1.0,0.7470000000000001,2547.0,1000.0
2548.0,0.454967,1.1770028827918925E-10,2548.0,16.0,1.0,4.216592883568097,1.0,2.0,1.0,0.748,2548.0,1000.0
2549.0,0.455058,1.177238300442698E-10,2549.0,16.0,1.0,4.215476279992892,1.0,2.0,1.0,0.7490000000000001,2549.0,1000.0
2550.0,0.455148,1.177471131086352E-10,2550.0,16.0,1.0,4.213968395322452,1.0,2.0,1.0,0.75,2550.0,1000.0
2551.0,0.455247,1.1777272447943713E-10,2551.0,16.0,1.0,4.212466180421039,1.0,2.0,1.0,0.7510000000000001,2551.0,1000.0
2552.0,0.455339,1.1779652494523286E-10,2552.0,16.0,1.0,4.210962471102692,1.0,2.0,1.0,0.752,2552.0,1000.0
2553.0,0.455431,1.178203254110286E-10,2553.0,16.0,1.0,4.209457362830671,1.0,2.0,1.0,0.7530000000000001,2553.0,1000.0
2554.0,0.455523,1.1784412587682432E-10,2554.0,16.0,1.0,4.207950946073697,1.0,2.0,1.0,0.754,2554.0,1000.0
2555.0,0.455614,1.1786766764190488E-10,2555.0,16.0,1.0,4.206443306644075,1.0,2.0,1.0,0.7550000000000001,2555.0,1000.0
2556.0,0.455706,1.178914681077006E-10,2556.0,16.0,1.0,4.204934526007673,1.0,2.0,1.0,0.756,2556.0,1000.0
2557.0,0.455798,1.1791526857349634E-10,2557.0,16.0,1.0,4.2034246815685155,1.0,2.0,1.0,0.7570000000000001,2557.0,1000.0
2558.0,0.455888,1.1793855163786172E-10,2558.0,16.0,1.0,4.201913846930458,1.0,2.0,1.0,0.758,2558.0,1000.0
2559.0,0.455981,1.1796261080437263E-10,2559.0,16.0,1.0,4.200402092138119,1.0,2.0,1.0,0.7590000000000001,2559.0,1000.0
2560.0,0.456077,1.1798744607302905E-10,2560.0,17.0,1.0,4.198889483899003,1.0,2.0,1.0,0.76,2560.0,1000.0
2561.0,0.45617,1.1801150523953995E-10,2561.0,17.0,1.0,4.197249933143868,1.0,2.0,1.0,0.7610000000000001,2561.0,1000.0
2562.0,0.456261,1.180350470046205E-10,2562.0,17.0,1.0,4.19561166228784,1.0,2.0,1.0,0.762,2562.0,1000.0
2563.0,0.456354,1.180591061711314E-10,2563.0,17.0,1.0,4.194364837604934,1.0,2.0,1.0,0.7630000000000001,2563.0,1000.0
2564.0,0.456445,1.1808264793621197E-10,2564.0,17.0,1.0,4.19272896988356,1.0,2.0,1.0,0.764,2564.0,1000.0
2565.0,0.456537,1.181064484020077E-10,2565.0,17.0,1.0,4.191191843579512,1.0,2.0,1.0,0.7650000000000001,2565.0,1000.0
2566.0,0.45663,1.181305075685186E-10,2566.0,17.0,1.0,4.189636429766737,1.0,2.0,1.0,0.766,2566.0,1000.0
2567.0,0.45672,1.1815379063288398E-10,2567.0,17.0,1.0,4.18845880227819,1.0,2.0,1.0,0.7670000000000001,2567.0,1000.0
2568.0,0.456811,1.1817733239796454E-10,2568.0,17.0,1.0,4.186892683845319,1.0,2.0,1.0,0.768,2568.0,1000.0
2569.0,0.456904,1.1820139156447544E-10,2569.0,17.0,1.0,4.185374124717981,1.0,2.0,1.0,0.7690000000000001,2569.0,1000.0
2570.0,0.456997,1.1822545073098634E-10,2570.0,17.0,1.0,4.183842850739492,1.0,2.0,1.0,0.77,2570.0,1000.0
2571.0,0.457091,1.1824976859821242E-10,2571.0,17.0,1.0,4.182301963680558,1.0,2.0,1.0,0.7710000000000001,2571.0,1000.0
2572.0,0.457182,1.1827331036329298E-10,2572.0,17.0,1.0,4.1807536347677745,1.0,2.0,1.0,0.772,2572.0,1000.0
2573.0,0.457272,1.1829659342765836E-10,2573.0,17.0,1.0,4.179199442986605,1.0,2.0,1.0,0.7730000000000001,2573.0,1000.0
2574.0,0.457364,1.183203938934541E-10,2574.0,17.0,1.0,4.178029072832635,1.0,2.0,1.0,0.774,2574.0,1000.0
2575.0,0.457455,1.1834393565853465E-10,2575.0,17.0,1.0,4.176471262189463,1.0,2.0,1.0,0.7750000000000001,2575.0,1000.0
2576.0,0.457548,1.1836799482504555E-10,2576.0,17.0,1.0,4.175327744320123,1.0,2.0,1.0,0.776,2576.0,1000.0
2577.0,0.45764,1.1839179529084128E-10,2577.0,17.0,1.0,4.173797065812731,1.0,2.0,1.0,0.7769999999999999,2577.0,1000.0
2578.0,0.457738,1.1841714796092804E-10,2578.0,17.0,1.0,4.172676785448068,1.0,2.0,1.0,0.778,2578.0,1000.0
2579.0,0.457828,1.1844043102529343E-10,2579.0,17.0,1.0,4.171169626665698,1.0,2.0,1.0,0.7789999999999999,2579.0,1000.0
2580.0,0.457919,1.1846397279037399E-10,2580.0,17.0,1.0,4.16968209321867,1.0,2.0,1.0,0.78,2580.0,1000.0
2581.0,0.458013,1.1848829065760006E-10,2581.0,17.0,1.0,4.168187640644776,1.0,2.0,1.0,0.7809999999999999,2581.0,1000.0
2582.0,0.458104,1.1851183242268062E-10,2582.0,17.0,1.0,4.166687226239825,1.0,2.0,1.0,0.782,2582.0,1000.0
2583.0,0.458194,1.18535115487046E-10,2583.0,17.0,1.0,4.165181647668991,1.0,2.0,1.0,0.7829999999999999,2583.0,1000.0
2584.0,0.458289,1.1855969205498725E-10,2584.0,17.0,1.0,4.163671576557175,1.0,2.0,1.0,0.784,2584.0,1000.0
2585.0,0.458382,1.1858375122149815E-10,2585.0,17.0,1.0,4.162157583684232,1.0,2.0,1.0,0.7849999999999999,2585.0,1000.0
2586.0,0.458475,1.1860781038800905E-10,2586.0,17.0,1.0,4.160640158183232,1.0,2.0,1.0,0.786,2586.0,1000.0
2587.0,0.458567,1.1863161085380478E-10,2587.0,17.0,1.0,4.159119722376927,1.0,2.0,1.0,0.7869999999999999,2587.0,1000.0
2588.0,0.458658,1.1865515261888534E-10,2588.0,17.0,1.0,4.157596643390053,1.0,2.0,1.0,0.788,2588.0,1000.0
2589.0,0.45875,1.1867895308468107E-10,2589.0,17.0,1.0,4.156071242343295,1.0,2.0,1.0,0.7889999999999999,2589.0,1000.0
2590.0,0.458842,1.187027535504768E-10,2590.0,17.0,1.0,4.154543801709186,1.0,2.0,1.0,0.79,2590.0,1000.0
2591.0,0.458937,1.1872733011841805E-10,2591.0,17.0,1.0,4.153014571253995,1.0,2.0,1.0,0.7909999999999999,2591.0,1000.0
2592.0,0.459029,1.1875113058421378E-10,2592.0,17.0,1.0,4.15148377287974,1.0,2.0,1.0,0.792,2592.0,1000.0
2593.0,0.459124,1.1877570715215503E-10,2593.0,17.0,1.0,4.14995160460195,1.0,2.0,1.0,0.7929999999999999,2593.0,1000.0
2594.0,0.459214,1.187989902165204E-10,2594.0,17.0,1.0,4.148418243841927,1.0,2.0,1.0,0.794,2594.0,1000.0
2595.0,0.459306,1.1882279068231614E-10,2595.0,17.0,1.0,4.1468838501705685,1.0,2.0,1.0,0.7949999999999999,2595.0,1000.0
2596.0,0.459397,1.188463324473967E-10,2596.0,17.0,1.0,4.145348567609863,1.0,2.0,1.0,0.796,2596.0,1000.0
2597.0,0.45949,1.188703916139076E-10,2597.0,17.0,1.0,4.1438125265749735,1.0,2.0,1.0,0.7969999999999999,2597.0,1000.0
2598.0,0.45958,1.1889367467827298E-10,2598.0,17.0,1.0,4.142275845522217,1.0,2.0,1.0,0.798,2598.0,1000.0
2599.0,0.459671,1.1891721644335354E-10,2599.0,17.0,1.0,4.140738632354848,1.0,2.0,1.0,0.7989999999999999,2599.0,1000.0
2600.0,0.459761,1.1894049950771893E-10,2600.0,17.0,1.0,4.139585601012734,1.0,2.0,1.0,0.8,2600.0,1000.0
2601.0,0.459861,1.18966369579236E-10,2601.0,17.0,1.0,4.138048988764308,1.0,2.0,1.0,0.8009999999999999,2601.0,1000.0
2602.0,0.459952,1.1898991134431657E-10,2602.0,17.0,1.0,4.1365227080870985,1.0,2.0,1.0,0.802,2602.0,1000.0
2603.0,0.460043,1.1901345310939712E-10,2603.0,17.0,1.0,4.135380041722932,1.0,2.0,1.0,0.8029999999999999,2603.0,1000.0
2604.0,0.460134,1.1903699487447768E-10,2604.0,17.0,1.0,4.133854228405128,1.0,2.0,1.0,0.804,2604.0,1000.0
2605.0,0.460226,1.190607953402734E-10,2605.0,17.0,1.0,4.132721927559796,1.0,2.0,1.0,0.8049999999999999,2605.0,1000.0
2606.0,0.460318,1.1908459580606914E-10,2606.0,17.0,1.0,4.131206765855558,1.0,2.0,1.0,0.806,2606.0,1000.0
2607.0,0.460409,1.191081375711497E-10,2607.0,17.0,1.0,4.129700790189763,1.0,2.0,1.0,0.8069999999999999,2607.0,1000.0
2608.0,0.4605,1.1913167933623026E-10,2608.0,17.0,1.0,4.128194003076961,1.0,2.0,1.0,0.808,2608.0,1000.0
2609.0,0.460592,1.1915547980202599E-10,2609.0,17.0,1.0,4.127069789948614,1.0,2.0,1.0,0.8089999999999999,2609.0,1000.0
2610.0,0.460682,1.1917876286639137E-10,2610.0,17.0,1.0,4.125563296523813,1.0,2.0,1.0,0.81,2610.0,1000.0
2611.0,0.460778,1.192035981350478E-10,2611.0,17.0,1.0,4.124065296683814,1.0,2.0,1.0,0.8109999999999999,2611.0,1000.0
2612.0,0.46087,1.1922739860084352E-10,2612.0,17.0,1.0,4.122566535975123,1.0,2.0,1.0,0.812,2612.0,1000.0
2613.0,0.460962,1.1925119906663925E-10,2613.0,17.0,1.0,4.121449803835272,1.0,2.0,1.0,0.813,2613.0,1000.0
2614.0,0.461053,1.192747408317198E-10,2614.0,17.0,1.0,4.119951370648857,1.0,2.0,1.0,0.8140000000000001,2614.0,1000.0
2615.0,0.461153,1.193006109032369E-10,2615.0,17.0,1.0,4.118460843249841,1.0,2.0,1.0,0.815,2615.0,1000.0
2616.0,0.461245,1.1932441136903262E-10,2616.0,17.0,1.0,4.116969608716622,1.0,2.0,1.0,0.8160000000000001,2616.0,1000.0
2617.0,0.461338,1.1934847053554352E-10,2617.0,17.0,1.0,4.115477746411972,1.0,2.0,1.0,0.817,2617.0,1000.0
2618.0,0.461429,1.1937201230062408E-10,2618.0,17.0,1.0,4.113985330669772,1.0,2.0,1.0,0.8180000000000001,2618.0,1000.0
2619.0,0.461519,1.1939529536498947E-10,2619.0,17.0,1.0,4.1124924312050855,1.0,2.0,1.0,0.819,2619.0,1000.0
2620.0,0.461611,1.194190958307852E-10,2620.0,17.0,1.0,4.110999113483251,1.0,2.0,1.0,0.8200000000000001,2620.0,1000.0
2621.0,0.461707,1.1944393109944162E-10,2621.0,17.0,1.0,4.109505439052839,1.0,2.0,1.0,0.821,2621.0,1000.0
2622.0,0.461797,1.19467214163807E-10,2622.0,17.0,1.0,4.108011465846605,1.0,2.0,1.0,0.8220000000000001,2622.0,1000.0
2623.0,0.461887,1.1949049722817238E-10,2623.0,17.0,1.0,4.106517248454091,1.0,2.0,1.0,0.823,2623.0,1000.0
2624.0,0.461978,1.1951403899325294E-10,2624.0,17.0,1.0,4.1050228383690035,1.0,2.0,1.0,0.8240000000000001,2624.0,1000.0
2625.0,0.462072,1.1953835686047902E-10,2625.0,17.0,1.0,4.103528284214128,1.0,2.0,1.0,0.825,2625.0,1000.0
2626.0,0.462164,1.1956215732627475E-10,2626.0,17.0,1.0,4.102033631946175,1.0,2.0,1.0,0.8260000000000001,2626.0,1000.0
2627.0,0.462256,1.1958595779207048E-10,2627.0,17.0,1.0,4.10053892504269,1.0,2.0,1.0,0.827,2627.0,1000.0
2628.0,0.462349,1.1961001695858138E-10,2628.0,17.0,1.0,4.0990442046728495,1.0,2.0,1.0,0.8280000000000001,2628.0,1000.0
2629.0,0.462442,1.1963407612509228E-10,2629.0,17.0,1.0,4.0975495098538115,1.0,2.0,1.0,0.829,2629.0,1000.0
2630.0,0.462532,1.1965735918945766E-10,2630.0,17.0,1.0,4.096054877594045,1.0,2.0,1.0,0.8300000000000001,2630.0,1000.0
2631.0,0.462627,1.196819357573989E-10,2631.0,17.0,1.0,4.094560343024921,1.0,2.0,1.0,0.831,2631.0,1000.0
2632.0,0.462718,1.1970547752247947E-10,2632.0,17.0,1.0,4.093065939521713,1.0,2.0,1.0,0.8320000000000001,2632.0,1000.0
2633.0,0.462812,1.1972979538970554E-10,2633.0,17.0,1.0,4.0915716988149935,1.0,2.0,1.0,0.833,2633.0,1000.0
2634.0,0.462903,1.197533371547861E-10,2634.0,17.0,1.0,4.090077651093348,1.0,2.0,1.0,0.8340000000000001,2634.0,1000.0
2635.0,0.462993,1.1977662021915149E-10,2635.0,17.0,1.0,4.088583825098187,1.0,2.0,1.0,0.835,2635.0,1000.0
2636.0,0.463086,1.198006793856624E-10,2636.0,17.0,1.0,4.087469610882109,1.0,2.0,1.0,0.8360000000000001,2636.0,1000.0
2637.0,0.463179,1.198247385521733E-10,2637.0,17.0,1.0,4.085977022918755,1.0,2.0,1.0,0.837,2637.0,1000.0
2638.0,0.463271,1.1984853901796902E-10,2638.0,17.0,1.0,4.084869442206684,1.0,2.0,1.0,0.8380000000000001,2638.0,1000.0
2639.0,0.463362,1.1987208078304958E-10,2639.0,17.0,1.0,4.083383769475448,1.0,2.0,1.0,0.839,2639.0,1000.0
2640.0,0.463454,1.198958812488453E-10,2640.0,17.0,1.0,4.082282665997706,1.0,2.0,1.0,0.8400000000000001,2640.0,1000.0
2641.0,0.463551,1.199209752182169E-10,2641.0,17.0,1.0,4.081182396373412,1.0,2.0,1.0,0.841,2641.0,1000.0
2642.0,0.463646,1.1994555178615815E-10,2642.0,17.0,1.0,4.079704458520219,1.0,2.0,1.0,0.8420000000000001,2642.0,1000.0
2643.0,0.463737,1.199690935512387E-10,2643.0,17.0,1.0,4.0782376382751195,1.0,2.0,1.0,0.843,2643.0,1000.0
2644.0,0.463828,1.1999263531631926E-10,2644.0,17.0,1.0,4.0767708313014905,1.0,2.0,1.0,0.8440000000000001,2644.0,1000.0
2645.0,0.463918,1.2001591838068465E-10,2645.0,17.0,1.0,4.075304068453585,1.0,2.0,1.0,0.845,2645.0,1000.0
2646.0,0.464009,1.200394601457652E-10,2646.0,17.0,1.0,4.07383737925328,1.0,2.0,1.0,0.8460000000000001,2646.0,1000.0
2647.0,0.464102,1.200635193122761E-10,2647.0,17.0,1.0,4.072370791963014,1.0,2.0,1.0,0.847,2647.0,1000.0
2648.0,0.464194,1.2008731977807184E-10,2648.0,17.0,1.0,4.070904333653809,1.0,2.0,1.0,0.8480000000000001,2648.0,1000.0
2649.0,0.464287,1.2011137894458274E-10,2649.0,17.0,1.0,4.069438030268763,1.0,2.0,1.0,0.849,2649.0,1000.0
2650.0,0.464379,1.2013517941037847E-10,2650.0,17.0,1.0,4.067971906682366,1.0,2.0,1.0,0.8500000000000001,2650.0,1000.0
2651.0,0.464475,1.201600146790349E-10,2651.0,17.0,1.0,4.066505986755974,1.0,2.0,1.0,0.851,2651.0,1000.0
2652.0,0.464573,1.2018536734912165E-10,2652.0,17.0,1.0,4.065040293389734,1.0,2.0,1.0,0.8520000000000001,2652.0,1000.0
2653.0,0.464667,1.2020968521634773E-10,2653.0,17.0,1.0,4.0635748485712195,1.0,2.0,1.0,0.853,2653.0,1000.0
2654.0,0.464757,1.2023296828071311E-10,2654.0,17.0,1.0,4.062486463172361,1.0,2.0,1.0,0.8540000000000001,2654.0,1000.0
2655.0,0.464848,1.2025651004579367E-10,2655.0,17.0,1.0,4.061022249815234,1.0,2.0,1.0,0.855,2655.0,1000.0
2656.0,0.464938,1.2027979311015905E-10,2656.0,17.0,1.0,4.059562973811984,1.0,2.0,1.0,0.8560000000000001,2656.0,1000.0
2657.0,0.46503,1.2030359357595478E-10,2657.0,17.0,1.0,4.05848031060365,1.0,2.0,1.0,0.857,2657.0,1000.0
2658.0,0.465121,1.2032713534103534E-10,2658.0,17.0,1.0,4.057022239316465,1.0,2.0,1.0,0.8580000000000001,2658.0,1000.0
2659.0,0.46521,1.2035015970468555E-10,2659.0,17.0,1.0,4.055568966975367,1.0,2.0,1.0,0.859,2659.0,1000.0
2660.0,0.4653,1.2037344276905094E-10,2660.0,17.0,1.0,4.054115924578188,1.0,2.0,1.0,0.8600000000000001,2660.0,1000.0
2661.0,0.465396,1.2039827803770736E-10,2661.0,17.0,1.0,4.052663132157871,1.0,2.0,1.0,0.861,2661.0,1000.0
2662.0,0.465486,1.2042156110207274E-10,2662.0,17.0,1.0,4.051210609009663,1.0,2.0,1.0,0.8620000000000001,2662.0,1000.0
2663.0,0.465577,1.204451028671533E-10,2663.0,17.0,1.0,4.04975837372501,1.0,2.0,1.0,0.863,2663.0,1000.0
2664.0,0.465669,1.2046890333294903E-10,2664.0,17.0,1.0,4.048681819598919,1.0,2.0,1.0,0.8640000000000001,2664.0,1000.0
2665.0,0.465761,1.2049270379874476E-10,2665.0,17.0,1.0,4.047230838871797,1.0,2.0,1.0,0.865,2665.0,1000.0
2666.0,0.465852,1.2051624556382532E-10,2666.0,17.0,1.0,4.045784394909712,1.0,2.0,1.0,0.8660000000000001,2666.0,1000.0
2667.0,0.465943,1.2053978732890587E-10,2667.0,17.0,1.0,4.044338239864335,1.0,2.0,1.0,0.867,2667.0,1000.0
2668.0,0.466038,1.2056436389684712E-10,2668.0,17.0,1.0,4.043267203487629,1.0,2.0,1.0,0.8680000000000001,2668.0,1000.0
2669.0,0.466129,1.2058790566192768E-10,2669.0,17.0,1.0,4.041822297524094,1.0,2.0,1.0,0.869,2669.0,1000.0
2670.0,0.466221,1.206117061277234E-10,2670.0,17.0,1.0,4.040381784369184,1.0,2.0,1.0,0.8700000000000001,2670.0,1000.0
2671.0,0.466316,1.2063628269566466E-10,2671.0,17.0,1.0,4.0389415622062215,1.0,2.0,1.0,0.871,2671.0,1000.0
2672.0,0.466408,1.2066008316146038E-10,2672.0,17.0,1.0,4.037501647460523,1.0,2.0,1.0,0.8720000000000001,2672.0,1000.0
2673.0,0.4665,1.2068388362725611E-10,2673.0,17.0,1.0,4.036062056004014,1.0,2.0,1.0,0.873,2673.0,1000.0
2674.0,0.466592,1.2070768409305184E-10,2674.0,17.0,1.0,4.034622803178284,1.0,2.0,1.0,0.8740000000000001,2674.0,1000.0
2675.0,0.466683,1.207312258581324E-10,2675.0,17.0,1.0,4.033183903816463,1.0,2.0,1.0,0.875,2675.0,1000.0
2676.0,0.466775,1.2075502632392813E-10,2676.0,17.0,1.0,4.031745372263986,1.0,2.0,1.0,0.8760000000000001,2676.0,1000.0
2677.0,0.466865,1.2077830938829352E-10,2677.0,17.0,1.0,4.0303072223982985,1.0,2.0,1.0,0.877,2677.0,1000.0
2678.0,0.466956,1.2080185115337407E-10,2678.0,17.0,1.0,4.028869467647589,1.0,2.0,1.0,0.8780000000000001,2678.0,1000.0
2679.0,0.467047,1.2082539291845463E-10,2679.0,17.0,1.0,4.027432121008595,1.0,2.0,1.0,0.879,2679.0,1000.0
2680.0,0.46714,1.2084945208496553E-10,2680.0,17.0,1.0,4.0263683293918895,1.0,2.0,1.0,0.8800000000000001,2680.0,1000.0
2681.0,0.467237,1.2087454605433713E-10,2681.0,17.0,1.0,4.024932336202349,1.0,2.0,1.0,0.881,2681.0,1000.0
2682.0,0.467329,1.2089834652013285E-10,2682.0,17.0,1.0,4.023500394995494,1.0,2.0,1.0,0.8820000000000001,2682.0,1000.0
2683.0,0.467421,1.2092214698592858E-10,2683.0,17.0,1.0,4.02244157722162,1.0,2.0,1.0,0.883,2683.0,1000.0
2684.0,0.467513,1.2094594745172431E-10,2684.0,17.0,1.0,4.021010970191244,1.0,2.0,1.0,0.8840000000000001,2684.0,1000.0
2685.0,0.467607,1.209702653189504E-10,2685.0,17.0,1.0,4.019584327815187,1.0,2.0,1.0,0.885,2685.0,1000.0
2686.0,0.467698,1.2099380708403095E-10,2686.0,17.0,1.0,4.018158078715212,1.0,2.0,1.0,0.8860000000000001,2686.0,1000.0
2687.0,0.467789,1.210173488491115E-10,2687.0,17.0,1.0,4.01673223495233,1.0,2.0,1.0,0.887,2687.0,1000.0
2688.0,0.467881,1.2104114931490723E-10,2688.0,17.0,1.0,4.015306808222506,1.0,2.0,1.0,0.8880000000000001,2688.0,1000.0
2689.0,0.46798,1.2106676068570917E-10,2689.0,17.0,1.0,4.013881809870073,1.0,2.0,1.0,0.889,2689.0,1000.0
2690.0,0.468072,1.210905611515049E-10,2690.0,17.0,1.0,4.012457250900537,1.0,2.0,1.0,0.8900000000000001,2690.0,1000.0
2691.0,0.468165,1.211146203180158E-10,2691.0,17.0,1.0,4.011033141992799,1.0,2.0,1.0,0.891,2691.0,1000.0
2692.0,0.468257,1.2113842078381153E-10,2692.0,17.0,1.0,4.009609493510845,1.0,2.0,1.0,0.8920000000000001,2692.0,1000.0
2693.0,0.468348,1.211619625488921E-10,2693.0,17.0,1.0,4.008186315514903,1.0,2.0,1.0,0.893,2693.0,1000.0
2694.0,0.468439,1.2118550431397265E-10,2694.0,17.0,1.0,4.006763617772133,1.0,2.0,1.0,0.8940000000000001,2694.0,1000.0
2695.0,0.468531,1.2120930477976838E-10,2695.0,17.0,1.0,4.005341409766829,1.0,2.0,1.0,0.895,2695.0,1000.0
2696.0,0.468621,1.2123258784413376E-10,2696.0,17.0,1.0,4.004290620591509,1.0,2.0,1.0,0.8960000000000001,2696.0,1000.0
2697.0,0.468715,1.2125690571135984E-10,2697.0,17.0,1.0,4.003240610644349,1.0,2.0,1.0,0.897,2697.0,1000.0
2698.0,0.468807,1.2128070617715557E-10,2698.0,17.0,1.0,4.001820734136736,1.0,2.0,1.0,0.8980000000000001,2698.0,1000.0
2699.0,0.468898,1.2130424794223612E-10,2699.0,17.0,1.0,4.00040769725415,1.0,2.0,1.0,0.899,2699.0,1000.0
2700.0,0.468987,1.2132727230588634E-10,2700.0,17.0,1.0,3.9989951168766353,1.0,2.0,1.0,0.9000000000000001,2700.0,1000.0
2701.0,0.469083,1.2135210757454276E-10,2701.0,17.0,1.0,3.997583002412623,1.0,2.0,1.0,0.901,2701.0,1000.0
2702.0,0.469173,1.2137539063890814E-10,2702.0,17.0,1.0,3.9961713630088185,1.0,2.0,1.0,0.9020000000000001,2702.0,1000.0
2703.0,0.469263,1.2139867370327352E-10,2703.0,17.0,1.0,3.994760207558877,1.0,2.0,1.0,0.903,2703.0,1000.0
2704.0,0.469355,1.2142247416906925E-10,2704.0,17.0,1.0,3.9933495447117227,1.0,2.0,1.0,0.9039999999999999,2704.0,1000.0
2705.0,0.469449,1.2144679203629533E-10,2705.0,17.0,1.0,3.9919393828795253,1.0,2.0,1.0,0.905,2705.0,1000.0
2706.0,0.46954,1.2147033380137589E-10,2706.0,17.0,1.0,3.990529730245364,1.0,2.0,1.0,0.9059999999999999,2706.0,1000.0
2707.0,0.46963,1.2149361686574127E-10,2707.0,17.0,1.0,3.989120594770578,1.0,2.0,1.0,0.907,2707.0,1000.0
2708.0,0.469721,1.2151715863082183E-10,2708.0,17.0,1.0,3.9877119842018303,1.0,2.0,1.0,0.9079999999999999,2708.0,1000.0
2709.0,0.469813,1.2154095909661756E-10,2709.0,17.0,1.0,3.9863039060778935,1.0,2.0,1.0,0.909,2709.0,1000.0
2710.0,0.469906,1.2156501826312846E-10,2710.0,17.0,1.0,3.9848963677361677,1.0,2.0,1.0,0.9099999999999999,2710.0,1000.0
2711.0,0.470002,1.2158985353178488E-10,2711.0,17.0,1.0,3.98348937631895,1.0,2.0,1.0,0.911,2711.0,1000.0
2712.0,0.470093,1.2161339529686544E-10,2712.0,17.0,1.0,3.9820829387794627,1.0,2.0,1.0,0.9119999999999999,2712.0,1000.0
2713.0,0.470182,1.2163641966051565E-10,2713.0,17.0,1.0,3.980677061887652,1.0,2.0,1.0,0.913,2713.0,1000.0
2714.0,0.470277,1.216609962284569E-10,2714.0,17.0,1.0,3.979271752235765,1.0,2.0,1.0,0.9139999999999999,2714.0,1000.0
2715.0,0.47037,1.216850553949678E-10,2715.0,17.0,1.0,3.97786701624372,1.0,2.0,1.0,0.915,2715.0,1000.0
2716.0,0.470461,1.2170859716004836E-10,2716.0,17.0,1.0,3.9764628601642773,1.0,2.0,1.0,0.9159999999999999,2716.0,1000.0
2717.0,0.470552,1.2173213892512891E-10,2717.0,17.0,1.0,3.975059290088016,1.0,2.0,1.0,0.917,2717.0,1000.0
2718.0,0.470644,1.2175593939092464E-10,2718.0,17.0,1.0,3.973656311948132,1.0,2.0,1.0,0.9179999999999999,2718.0,1000.0
2719.0,0.470735,1.217794811560052E-10,2719.0,17.0,1.0,3.9726217137979507,1.0,2.0,1.0,0.919,2719.0,1000.0
2720.0,0.470826,1.2180302292108576E-10,2720.0,17.0,1.0,3.9712202293228804,1.0,2.0,1.0,0.9199999999999999,2720.0,1000.0
2721.0,0.470919,1.2182708208759666E-10,2721.0,17.0,1.0,3.9698220104464905,1.0,2.0,1.0,0.921,2721.0,1000.0
2722.0,0.471013,1.2185139995482273E-10,2722.0,17.0,1.0,3.968424378416899,1.0,2.0,1.0,0.9219999999999999,2722.0,1000.0
2723.0,0.471105,1.2187520042061846E-10,2723.0,17.0,1.0,3.9670273388781068,1.0,2.0,1.0,0.923,2723.0,1000.0
2724.0,0.471196,1.2189874218569902E-10,2724.0,17.0,1.0,3.965630897332034,1.0,2.0,1.0,0.9239999999999999,2724.0,1000.0
2725.0,0.471293,1.2192383615507061E-10,2725.0,17.0,1.0,3.9642350591425495,1.0,2.0,1.0,0.925,2725.0,1000.0
2726.0,0.471384,1.2194737792015117E-10,2726.0,17.0,1.0,3.9628398295393565,1.0,2.0,1.0,0.9259999999999999,2726.0,1000.0
2727.0,0.471476,1.219711783859469E-10,2727.0,17.0,1.0,3.9614452136217486,1.0,2.0,1.0,0.927,2727.0,1000.0
2728.0,0.471567,1.2199472015102746E-10,2728.0,17.0,1.0,3.9600512163622303,1.0,2.0,1.0,0.9279999999999999,2728.0,1000.0
2729.0,0.471658,1.2201826191610802E-10,2729.0,17.0,1.0,3.958657842610018,1.0,2.0,1.0,0.929,2729.0,1000.0
2730.0,0.471751,1.2204232108261892E-10,2730.0,17.0,1.0,3.9572650970944223,1.0,2.0,1.0,0.9299999999999999,2730.0,1000.0
2731.0,0.471846,1.2206689765056017E-10,2731.0,17.0,1.0,3.9558729844281135,1.0,2.0,1.0,0.931,2731.0,1000.0
2732.0,0.471937,1.2209043941564072E-10,2732.0,17.0,1.0,3.9548475413211146,1.0,2.0,1.0,0.9319999999999999,2732.0,1000.0
2733.0,0.472028,1.2211398118072128E-10,2733.0,17.0,1.0,3.9534569503495764,1.0,2.0,1.0,0.933,2733.0,1000.0
2734.0,0.472122,1.2213829904794735E-10,2734.0,17.0,1.0,3.9520694386632744,1.0,2.0,1.0,0.9339999999999999,2734.0,1000.0
2735.0,0.47221,1.221610647108824E-10,2735.0,17.0,1.0,3.9510481849004546,1.0,2.0,1.0,0.935,2735.0,1000.0
2736.0,0.472301,1.2218460647596295E-10,2736.0,17.0,1.0,3.9496621805921395,1.0,2.0,1.0,0.9359999999999999,2736.0,1000.0
2737.0,0.472392,1.222081482410435E-10,2737.0,17.0,1.0,3.948279210735953,1.0,2.0,1.0,0.937,2737.0,1000.0
2738.0,0.472485,1.222322074075544E-10,2738.0,17.0,1.0,3.9468968584649793,1.0,2.0,1.0,0.938,2738.0,1000.0
2739.0,0.472577,1.2225600787335014E-10,2739.0,17.0,1.0,3.9455151281998724,1.0,2.0,1.0,0.9390000000000001,2739.0,1000.0
2740.0,0.472667,1.2227929093771552E-10,2740.0,17.0,1.0,3.944134024256216,1.0,2.0,1.0,0.94,2740.0,1000.0
2741.0,0.472763,1.2230412620637194E-10,2741.0,17.0,1.0,3.9427535508472413,1.0,2.0,1.0,0.9410000000000001,2741.0,1000.0
2742.0,0.472853,1.2232740927073733E-10,2742.0,17.0,1.0,3.941373712086462,1.0,2.0,1.0,0.942,2742.0,1000.0
2743.0,0.472944,1.2235095103581789E-10,2743.0,17.0,1.0,3.9399945119902227,1.0,2.0,1.0,0.9430000000000001,2743.0,1000.0
2744.0,0.473035,1.2237449280089844E-10,2744.0,17.0,1.0,3.938615954480169,1.0,2.0,1.0,0.944,2744.0,1000.0
2745.0,0.473125,1.2239777586526383E-10,2745.0,17.0,1.0,3.9372380433856407,1.0,2.0,1.0,0.9450000000000001,2745.0,1000.0
2746.0,0.473217,1.2242157633105956E-10,2746.0,17.0,1.0,3.9358607824459906,1.0,2.0,1.0,0.946,2746.0,1000.0
2747.0,0.473309,1.2244537679685529E-10,2747.0,17.0,1.0,3.93448417531283,1.0,2.0,1.0,0.9470000000000001,2747.0,1000.0
2748.0,0.473399,1.2246865986122067E-10,2748.0,17.0,1.0,3.9331082255522096,1.0,2.0,1.0,0.948,2748.0,1000.0
2749.0,0.473489,1.2249194292558606E-10,2749.0,17.0,1.0,3.9317329366467306,1.0,2.0,1.0,0.9490000000000001,2749.0,1000.0
2750.0,0.473583,1.2251626079281213E-10,2750.0,17.0,1.0,3.9303583119975922,1.0,2.0,1.0,0.95,2750.0,1000.0
2751.0,0.473683,1.2254213086432922E-10,2751.0,17.0,1.0,3.928984354926578,1.0,2.0,1.0,0.9510000000000001,2751.0,1000.0
2752.0,0.473773,1.225654139286946E-10,2752.0,17.0,1.0,3.9276110686779866,1.0,2.0,1.0,0.952,2752.0,1000.0
2753.0,0.473866,1.225894730952055E-10,2753.0,17.0,1.0,3.926238456420497,1.0,2.0,1.0,0.9530000000000001,2753.0,1000.0
2754.0,0.47396,1.2261379096243158E-10,2754.0,17.0,1.0,3.9248665212489873,1.0,2.0,1.0,0.954,2754.0,1000.0
2755.0,0.47405,1.2263707402679696E-10,2755.0,17.0,1.0,3.923858242592828,1.0,2.0,1.0,0.9550000000000001,2755.0,1000.0
2756.0,0.47414,1.2266035709116235E-10,2756.0,17.0,1.0,3.9224878509313394,1.0,2.0,1.0,0.956,2756.0,1000.0
2757.0,0.474231,1.226838988562429E-10,2757.0,17.0,1.0,3.921120262586288,1.0,2.0,1.0,0.9570000000000001,2757.0,1000.0
2758.0,0.474323,1.2270769932203863E-10,2758.0,17.0,1.0,3.9197533454463724,1.0,2.0,1.0,0.958,2758.0,1000.0
2759.0,0.474416,1.2273175848854954E-10,2759.0,17.0,1.0,3.918749552648944,1.0,2.0,1.0,0.9590000000000001,2759.0,1000.0
2760.0,0.474506,1.2275504155291492E-10,2760.0,17.0,1.0,3.917384168397021,1.0,2.0,1.0,0.96,2760.0,1000.0
2761.0,0.474603,1.227801355222865E-10,2761.0,17.0,1.0,3.91602154190133,1.0,2.0,1.0,0.9610000000000001,2761.0,1000.0
2762.0,0.474706,1.2280678169594912E-10,2762.0,17.0,1.0,3.914659581065842,1.0,2.0,1.0,0.962,2762.0,1000.0
2763.0,0.474796,1.228300647603145E-10,2763.0,17.0,1.0,3.9132982888146097,1.0,2.0,1.0,0.9630000000000001,2763.0,1000.0
2764.0,0.474887,1.2285360652539506E-10,2764.0,17.0,1.0,3.9119376680056615,1.0,2.0,1.0,0.964,2764.0,1000.0
2765.0,0.474977,1.2287688958976044E-10,2765.0,17.0,1.0,3.910577721432516,1.0,2.0,1.0,0.9650000000000001,2765.0,1000.0
2766.0,0.475069,1.2290069005555617E-10,2766.0,17.0,1.0,3.9095799847251387,1.0,2.0,1.0,0.966,2766.0,1000.0
2767.0,0.475162,1.2292474922206707E-10,2767.0,17.0,1.0,3.908221566945631,1.0,2.0,1.0,0.9670000000000001,2767.0,1000.0
2768.0,0.475253,1.2294829098714763E-10,2768.0,17.0,1.0,3.9068658350051,1.0,2.0,1.0,0.968,2768.0,1000.0
2769.0,0.475342,1.2297131535079784E-10,2769.0,17.0,1.0,3.9055107719128612,1.0,2.0,1.0,0.9690000000000001,2769.0,1000.0
2770.0,0.475435,1.2299537451730875E-10,2770.0,17.0,1.0,3.9041563803539923,1.0,2.0,1.0,0.97,2770.0,1000.0
2771.0,0.475539,1.2302227939168652E-10,2771.0,17.0,1.0,3.9028026629538215,1.0,2.0,1.0,0.9710000000000001,2771.0,1000.0
2772.0,0.475631,1.2304607985748225E-10,2772.0,17.0,1.0,3.901449622279251,1.0,2.0,1.0,0.972,2772.0,1000.0
2773.0,0.475721,1.2306936292184764E-10,2773.0,17.0,1.0,3.9000972608400413,1.0,2.0,1.0,0.9730000000000001,2773.0,1000.0
2774.0,0.475814,1.2309342208835854E-10,2774.0,17.0,1.0,3.898745581090066,1.0,2.0,1.0,0.974,2774.0,1000.0
2775.0,0.475908,1.231177399555846E-10,2775.0,17.0,1.0,3.8973945854285277,1.0,2.0,1.0,0.9750000000000001,2775.0,1000.0
2776.0,0.475999,1.2314128172066517E-10,2776.0,17.0,1.0,3.8960442762011445,1.0,2.0,1.0,0.976,2776.0,1000.0
2777.0,0.476091,1.231650821864609E-10,2777.0,17.0,1.0,3.8946946557013056,1.0,2.0,1.0,0.9770000000000001,2777.0,1000.0
2778.0,0.476185,1.2318940005368697E-10,2778.0,17.0,1.0,3.8933457261711943,1.0,2.0,1.0,0.978,2778.0,1000.0
2779.0,0.476278,1.2321345922019788E-10,2779.0,17.0,1.0,3.8919974898028844,1.0,2.0,1.0,0.9790000000000001,2779.0,1000.0
2780.0,0.476371,1.2323751838670878E-10,2780.0,17.0,1.0,3.8906499487394064,1.0,2.0,1.0,0.98,2780.0,1000.0
2781.0,0.476466,1.2326209495465003E-10,2781.0,17.0,1.0,3.889303105075785,1.0,2.0,1.0,0.9810000000000001,2781.0,1000.0
2782.0,0.476559,1.2328615412116093E-10,2782.0,17.0,1.0,3.8879569608600524,1.0,2.0,1.0,0.982,2782.0,1000.0
2783.0,0.476651,1.2330995458695666E-10,2783.0,17.0,1.0,3.8866115180942344,1.0,2.0,1.0,0.9830000000000001,2783.0,1000.0
2784.0,0.476742,1.2333349635203722E-10,2784.0,17.0,1.0,3.8852667787353132,1.0,2.0,1.0,0.984,2784.0,1000.0
2785.0,0.476833,1.2335703811711777E-10,2785.0,17.0,1.0,3.8839227446961604,1.0,2.0,1.0,0.9850000000000001,2785.0,1000.0
2786.0,0.476926,1.2338109728362868E-10,2786.0,17.0,1.0,3.882579417846454,1.0,2.0,1.0,0.986,2786.0,1000.0
2787.0,0.477018,1.234048977494244E-10,2787.0,17.0,1.0,3.881236800013566,1.0,2.0,1.0,0.9870000000000001,2787.0,1000.0
2788.0,0.47711,1.2342869821522013E-10,2788.0,17.0,1.0,3.8798948929834314,1.0,2.0,1.0,0.988,2788.0,1000.0
2789.0,0.477203,1.2345275738173104E-10,2789.0,17.0,1.0,3.8785536985013964,1.0,2.0,1.0,0.9890000000000001,2789.0,1000.0
2790.0,0.477295,1.2347655784752677E-10,2790.0,17.0,1.0,3.877213218273039,1.0,2.0,1.0,0.99,2790.0,1000.0
2791.0,0.477393,1.2350191051761353E-10,2791.0,17.0,1.0,3.8758734539649806,1.0,2.0,1.0,0.9910000000000001,2791.0,1000.0
2792.0,0.477486,1.2352596968412444E-10,2792.0,17.0,1.0,3.874534407205667,1.0,2.0,1.0,0.992,2792.0,1000.0
2793.0,0.477578,1.2354977014992016E-10,2793.0,17.0,1.0,3.8731960795861355,1.0,2.0,1.0,0.9930000000000001,2793.0,1000.0
2794.0,0.477671,1.2357382931643107E-10,2794.0,17.0,1.0,3.8718584726607634,1.0,2.0,1.0,0.994,2794.0,1000.0
2795.0,0.477765,1.2359814718365714E-10,2795.0,17.0,1.0,3.8705215879479984,1.0,2.0,1.0,0.9950000000000001,2795.0,1000.0
2796.0,0.477858,1.2362220635016804E-10,2796.0,17.0,1.0,3.86918542693107,1.0,2.0,1.0,0.996,2796.0,1000.0
2797.0,0.47795,1.2364600681596377E-10,2797.0,17.0,1.0,3.867849991058683,1.0,2.0,1.0,0.9970000000000001,2797.0,1000.0
2798.0,0.478045,1.2367058338390502E-10,2798.0,18.0,1.0,3.8665152817457002,1.0,2.0,1.0,0.998,2798.0,1000.0
2799.0,0.478143,1.236959360539918E-10,2799.0,18.0,1.0,3.8651338900766237,1.0,2.0,1.0,0.9990000000000001,2799.0,1000.0
2800.0,0.478234,1.2371947781907234E-10,2800.0,18.0,1.0,3.863753485115882,1.0,2.0,1.0,1.0,2800.0,1000.0
2801.0,0.478329,1.237440543870136E-10,2801.0,18.0,1.0,3.8623740658066654,1.0,2.0,1.0,1.0,2801.0,1000.0
2802.0,0.478425,1.2376888965567E-10,2802.0,18.0,1.0,3.8609956310936724,1.0,2.0,1.0,1.0,2802.0,1000.0
2803.0,0.478517,1.2379269012146574E-10,2803.0,18.0,1.0,3.8596181799231073,1.0,2.0,1.0,1.0,2803.0,1000.0
2804.0,0.478607,1.2381597318583113E-10,2804.0,18.0,1.0,3.858241711242678,1.0,2.0,1.0,1.0,2804.0,1000.0
2805.0,0.478699,1.2383977365162686E-10,2805.0,18.0,1.0,3.8568662240015934,1.0,2.0,1.0,1.0,2805.0,1000.0
2806.0,0.478792,1.2386383281813776E-10,2806.0,18.0,1.0,3.8554917171505596,1.0,2.0,1.0,1.0,2806.0,1000.0
2807.0,0.478885,1.2388789198464866E-10,2807.0,18.0,1.0,3.8541181896417775,1.0,2.0,1.0,1.0,2807.0,1000.0
2808.0,0.478975,1.2391117504901405E-10,2808.0,18.0,1.0,3.852745640428942,1.0,2.0,1.0,1.0,2808.0,1000.0
2809.0,0.479068,1.2393523421552495E-10,2809.0,18.0,1.0,3.8513740684672375,1.0,2.0,1.0,1.0,2809.0,1000.0
2810.0,0.47916,1.2395903468132068E-10,2810.0,18.0,1.0,3.8500034727133343,1.0,2.0,1.0,1.0,2810.0,1000.0
2811.0,0.479254,1.2398335254854675E-10,2811.0,18.0,1.0,3.8486338521253893,1.0,2.0,1.0,1.0,2811.0,1000.0
2812.0,0.479347,1.2400741171505766E-10,2812.0,18.0,1.0,3.8472652056630405,1.0,2.0,1.0,1.0,2812.0,1000.0
2813.0,0.479437,1.2403069477942304E-10,2813.0,18.0,1.0,3.8458975322874047,1.0,2.0,1.0,1.0,2813.0,1000.0
2814.0,0.479529,1.2405449524521877E-10,2814.0,18.0,1.0,3.8445308309610766,1.0,2.0,1.0,1.0,2814.0,1000.0
2815.0,0.47962,1.2407803701029933E-10,2815.0,18.0,1.0,3.843165100648124,1.0,2.0,1.0,1.0,2815.0,1000.0
2816.0,0.47971,1.241013200746647E-10,2816.0,18.0,1.0,3.8418003403140872,1.0,2.0,1.0,1.0,2816.0,1000.0
2817.0,0.479803,1.2412537924117561E-10,2817.0,18.0,1.0,3.8404365489259744,1.0,2.0,1.0,1.0,2817.0,1000.0
2818.0,0.479896,1.2414943840768652E-10,2818.0,18.0,1.0,3.8390737254522604,1.0,2.0,1.0,1.0,2818.0,1000.0
2819.0,0.479989,1.2417349757419742E-10,2819.0,18.0,1.0,3.837711868862884,1.0,2.0,1.0,1.0,2819.0,1000.0
2820.0,0.480082,1.2419755674070832E-10,2820.0,18.0,1.0,3.8363509781292446,1.0,2.0,1.0,1.0,2820.0,1000.0
2821.0,0.480176,1.242218746079344E-10,2821.0,18.0,1.0,3.8349910522242006,1.0,2.0,1.0,1.0,2821.0,1000.0
2822.0,0.48027,1.2424619247516047E-10,2822.0,18.0,1.0,3.833632090122066,1.0,2.0,1.0,1.0,2822.0,1000.0
2823.0,0.480363,1.2427025164167137E-10,2823.0,18.0,1.0,3.8322740907986077,1.0,2.0,1.0,1.0,2823.0,1000.0
2824.0,0.480454,1.2429379340675193E-10,2824.0,18.0,1.0,3.8309170532310444,1.0,2.0,1.0,1.0,2824.0,1000.0
2825.0,0.480544,1.2431707647111731E-10,2825.0,18.0,1.0,3.8295609763980423,1.0,2.0,1.0,1.0,2825.0,1000.0
2826.0,0.480639,1.2434165303905856E-10,2826.0,18.0,1.0,3.8282058592797132,1.0,2.0,1.0,1.0,2826.0,1000.0
2827.0,0.48073,1.2436519480413912E-10,2827.0,18.0,1.0,3.8268517008576124,1.0,2.0,1.0,1.0,2827.0,1000.0
2828.0,0.480822,1.2438899526993485E-10,2828.0,18.0,1.0,3.8254985001147346,1.0,2.0,1.0,1.0,2828.0,1000.0
2829.0,0.480913,1.244125370350154E-10,2829.0,18.0,1.0,3.8241462560355144,1.0,2.0,1.0,1.0,2829.0,1000.0
2830.0,0.481006,1.244365962015263E-10,2830.0,18.0,1.0,3.8227949676058195,1.0,2.0,1.0,1.0,2830.0,1000.0
2831.0,0.481102,1.2446143147018273E-10,2831.0,18.0,1.0,3.821444633812953,1.0,2.0,1.0,1.0,2831.0,1000.0
2832.0,0.481193,1.2448497323526329E-10,2832.0,18.0,1.0,3.820095253645646,1.0,2.0,1.0,1.0,2832.0,1000.0
2833.0,0.481283,1.2450825629962867E-10,2833.0,18.0,1.0,3.8187468260940594,1.0,2.0,1.0,1.0,2833.0,1000.0
2834.0,0.481374,1.2453179806470923E-10,2834.0,18.0,1.0,3.8173993501497776,1.0,2.0,1.0,1.0,2834.0,1000.0
2835.0,0.481465,1.2455533982978978E-10,2835.0,18.0,1.0,3.8160528248058094,1.0,2.0,1.0,1.0,2835.0,1000.0
2836.0,0.481556,1.2457888159487034E-10,2836.0,18.0,1.0,3.814707249056583,1.0,2.0,1.0,1.0,2836.0,1000.0
2837.0,0.481647,1.246024233599509E-10,2837.0,18.0,1.0,3.813362621897945,1.0,2.0,1.0,1.0,2837.0,1000.0
2838.0,0.481746,1.2462803473075284E-10,2838.0,18.0,1.0,3.8120189423271564,1.0,2.0,1.0,1.0,2838.0,1000.0
2839.0,0.48184,1.246523525979789E-10,2839.0,18.0,1.0,3.810676209342892,1.0,2.0,1.0,1.0,2839.0,1000.0
2840.0,0.48193,1.246756356623443E-10,2840.0,18.0,1.0,3.809334421945236,1.0,2.0,1.0,1.0,2840.0,1000.0
2841.0,0.482024,1.2469995352957037E-10,2841.0,18.0,1.0,3.807993579135681,1.0,2.0,1.0,1.0,2841.0,1000.0
2842.0,0.48212,1.247247887982268E-10,2842.0,18.0,1.0,3.806653679917125,1.0,2.0,1.0,1.0,2842.0,1000.0
2843.0,0.48221,1.2474807186259218E-10,2843.0,18.0,1.0,3.805314723293869,1.0,2.0,1.0,1.0,2843.0,1000.0
2844.0,0.482301,1.2477161362767273E-10,2844.0,18.0,1.0,3.803976708271614,1.0,2.0,1.0,1.0,2844.0,1000.0
2845.0,0.482391,1.2479489669203812E-10,2845.0,18.0,1.0,3.8026396338574586,1.0,2.0,1.0,1.0,2845.0,1000.0
2846.0,0.482483,1.2481869715783385E-10,2846.0,18.0,1.0,3.801303499059898,1.0,2.0,1.0,1.0,2846.0,1000.0
2847.0,0.482573,1.2484198022219923E-10,2847.0,18.0,1.0,3.7999683028888196,1.0,2.0,1.0,1.0,2847.0,1000.0
2848.0,0.482663,1.2486526328656462E-10,2848.0,18.0,1.0,3.798634044355502,1.0,2.0,1.0,1.0,2848.0,1000.0
2849.0,0.482755,1.2488906375236035E-10,2849.0,18.0,1.0,3.7973007224726114,1.0,2.0,1.0,1.0,2849.0,1000.0
2850.0,0.482849,1.2491338161958642E-10,2850.0,18.0,1.0,3.7959683362542,1.0,2.0,1.0,1.0,2850.0,1000.0
2851.0,0.482945,1.2493821688824284E-10,2851.0,18.0,1.0,3.794636884715703,1.0,2.0,1.0,1.0,2851.0,1000.0
2852.0,0.483037,1.2496201735403857E-10,2852.0,18.0,1.0,3.7933063668739373,1.0,2.0,1.0,1.0,2852.0,1000.0
2853.0,0.48313,1.2498607652054947E-10,2853.0,18.0,1.0,3.7919767817470977,1.0,2.0,1.0,1.0,2853.0,1000.0
2854.0,0.483222,1.250098769863452E-10,2854.0,18.0,1.0,3.7906481283547544,1.0,2.0,1.0,1.0,2854.0,1000.0
2855.0,0.483313,1.2503341875142576E-10,2855.0,18.0,1.0,3.7893204057178527,1.0,2.0,1.0,1.0,2855.0,1000.0
2856.0,0.483406,1.2505747791793666E-10,2856.0,18.0,1.0,3.787993612858708,1.0,2.0,1.0,1.0,2856.0,1000.0
2857.0,0.483496,1.2508076098230205E-10,2857.0,18.0,1.0,3.7866677488010043,1.0,2.0,1.0,1.0,2857.0,1000.0
2858.0,0.483589,1.2510482014881295E-10,2858.0,18.0,1.0,3.7853428125697937,1.0,2.0,1.0,1.0,2858.0,1000.0
2859.0,0.483683,1.2512913801603902E-10,2859.0,18.0,1.0,3.78401880319149,1.0,2.0,1.0,1.0,2859.0,1000.0
2860.0,0.483775,1.2515293848183475E-10,2860.0,18.0,1.0,3.7826957196938706,1.0,2.0,1.0,1.0,2860.0,1000.0
2861.0,0.48387,1.25177515049776E-10,2861.0,18.0,1.0,3.7813735611060713,1.0,2.0,1.0,1.0,2861.0,1000.0
2862.0,0.483961,1.2520105681485656E-10,2862.0,18.0,1.0,3.7800523264585846,1.0,2.0,1.0,1.0,2862.0,1000.0
2863.0,0.484055,1.2522537468208263E-10,2863.0,18.0,1.0,3.778732014783259,1.0,2.0,1.0,1.0,2863.0,1000.0
2864.0,0.484146,1.252489164471632E-10,2864.0,18.0,1.0,3.7774126251132927,1.0,2.0,1.0,1.0,2864.0,1000.0
2865.0,0.48424,1.2527323431438927E-10,2865.0,18.0,1.0,3.7760941564832353,1.0,2.0,1.0,1.0,2865.0,1000.0
2866.0,0.484338,1.2529858698447603E-10,2866.0,18.0,1.0,3.7747766079289846,1.0,2.0,1.0,1.0,2866.0,1000.0
2867.0,0.484433,1.2532316355241728E-10,2867.0,18.0,1.0,3.7734599784877814,1.0,2.0,1.0,1.0,2867.0,1000.0
2868.0,0.484526,1.2534722271892818E-10,2868.0,18.0,1.0,3.772144267198211,1.0,2.0,1.0,1.0,2868.0,1000.0
2869.0,0.484618,1.253710231847239E-10,2869.0,18.0,1.0,3.7708294731001986,1.0,2.0,1.0,1.0,2869.0,1000.0
2870.0,0.48471,1.2539482365051964E-10,2870.0,18.0,1.0,3.769515595235007,1.0,2.0,1.0,1.0,2870.0,1000.0
2871.0,0.484809,1.2542043502132158E-10,2871.0,18.0,1.0,3.768202632645235,1.0,2.0,1.0,1.0,2871.0,1000.0
2872.0,0.4849,1.2544397678640214E-10,2872.0,18.0,1.0,3.7668905843748153,1.0,2.0,1.0,1.0,2872.0,1000.0
2873.0,0.484994,1.254682946536282E-10,2873.0,18.0,1.0,3.7655794494690116,1.0,2.0,1.0,1.0,2873.0,1000.0
2874.0,0.485085,1.2549183641870877E-10,2874.0,18.0,1.0,3.7642692269744153,1.0,2.0,1.0,1.0,2874.0,1000.0
2875.0,0.485181,1.255166716873652E-10,2875.0,18.0,1.0,3.762959915938946,1.0,2.0,1.0,1.0,2875.0,1000.0
2876.0,0.485274,1.255407308538761E-10,2876.0,18.0,1.0,3.761651515411846,1.0,2.0,1.0,1.0,2876.0,1000.0
2877.0,0.485368,1.2556504872110217E-10,2877.0,18.0,1.0,3.7603440244436808,1.0,2.0,1.0,1.0,2877.0,1000.0
2878.0,0.485472,1.2559195359547994E-10,2878.0,18.0,1.0,3.759037442086334,1.0,2.0,1.0,1.0,2878.0,1000.0
2879.0,0.485574,1.2561834106842737E-10,2879.0,18.0,1.0,3.757731767393008,1.0,2.0,1.0,1.0,2879.0,1000.0
2880.0,0.485676,1.256447285413748E-10,2880.0,18.0,1.0,3.7564269994182187,1.0,2.0,1.0,1.0,2880.0,1000.0
2881.0,0.485784,1.2567266821861327E-10,2881.0,18.0,1.0,3.755123137217796,1.0,2.0,1.0,1.0,2881.0,1000.0
2882.0,0.485887,1.2569931439227587E-10,2882.0,18.0,1.0,3.753820179848879,1.0,2.0,1.0,1.0,2882.0,1000.0
2883.0,0.485992,1.2572647796736882E-10,2883.0,18.0,1.0,3.7525181263699166,1.0,2.0,1.0,1.0,2883.0,1000.0
2884.0,0.486093,1.2575260673960108E-10,2884.0,18.0,1.0,3.751216975840662,1.0,2.0,1.0,1.0,2884.0,1000.0
2885.0,0.486191,1.2577795940968784E-10,2885.0,18.0,1.0,3.7499167273221734,1.0,2.0,1.0,1.0,2885.0,1000.0
2886.0,0.486289,1.258033120797746E-10,2886.0,18.0,1.0,3.7486173798768085,1.0,2.0,1.0,1.0,2886.0,1000.0
2887.0,0.486382,1.258273712462855E-10,2887.0,18.0,1.0,3.7473189325682266,1.0,2.0,1.0,1.0,2887.0,1000.0
2888.0,0.486475,1.2585143041279642E-10,2888.0,18.0,1.0,3.7460213844613817,1.0,2.0,1.0,1.0,2888.0,1000.0
2889.0,0.486566,1.2587497217787697E-10,2889.0,18.0,1.0,3.7447247346225234,1.0,2.0,1.0,1.0,2889.0,1000.0
2890.0,0.486659,1.2589903134438787E-10,2890.0,18.0,1.0,3.7434289821191937,1.0,2.0,1.0,1.0,2890.0,1000.0
2891.0,0.486757,1.2592438401447464E-10,2891.0,18.0,1.0,3.7421341260202245,1.0,2.0,1.0,1.0,2891.0,1000.0
2892.0,0.486848,1.259479257795552E-10,2892.0,18.0,1.0,3.7408401653957366,1.0,2.0,1.0,1.0,2892.0,1000.0
2893.0,0.486941,1.259719849460661E-10,2893.0,18.0,1.0,3.7395470993171345,1.0,2.0,1.0,1.0,2893.0,1000.0
2894.0,0.487033,1.2599578541186183E-10,2894.0,18.0,1.0,3.7382549268571075,1.0,2.0,1.0,1.0,2894.0,1000.0
2895.0,0.487127,1.260201032790879E-10,2895.0,18.0,1.0,3.736963647089627,1.0,2.0,1.0,1.0,2895.0,1000.0
2896.0,0.487218,1.2604364504416846E-10,2896.0,18.0,1.0,3.7356732590899413,1.0,2.0,1.0,1.0,2896.0,1000.0
2897.0,0.487309,1.2606718680924902E-10,2897.0,18.0,1.0,3.734383761934577,1.0,2.0,1.0,1.0,2897.0,1000.0
2898.0,0.487402,1.2609124597575992E-10,2898.0,18.0,1.0,3.7330951547013353,1.0,2.0,1.0,1.0,2898.0,1000.0
2899.0,0.487497,1.2611582254370117E-10,2899.0,18.0,1.0,3.7318074364692895,1.0,2.0,1.0,1.0,2899.0,1000.0
2900.0,0.487591,1.2614014041092724E-10,2900.0,18.0,1.0,3.7305206063187826,1.0,2.0,1.0,1.0,2900.0,1000.0
2901.0,0.487687,1.2616497567958366E-10,2901.0,18.0,1.0,3.729234663331427,1.0,2.0,1.0,1.0,2901.0,1000.0
2902.0,0.487778,1.2618851744466422E-10,2902.0,18.0,1.0,3.7279496065900997,1.0,2.0,1.0,1.0,2902.0,1000.0
2903.0,0.487875,1.2621361141403581E-10,2903.0,18.0,1.0,3.7266654351789423,1.0,2.0,1.0,1.0,2903.0,1000.0
2904.0,0.487967,1.2623741187983154E-10,2904.0,18.0,1.0,3.7253821481833573,1.0,2.0,1.0,1.0,2904.0,1000.0
2905.0,0.488059,1.2626121234562727E-10,2905.0,18.0,1.0,3.724099744690007,1.0,2.0,1.0,1.0,2905.0,1000.0
2906.0,0.488152,1.2628527151213818E-10,2906.0,18.0,1.0,3.7228182237868097,1.0,2.0,1.0,1.0,2906.0,1000.0
2907.0,0.488249,1.2631036548150977E-10,2907.0,18.0,1.0,3.7215375845629413,1.0,2.0,1.0,1.0,2907.0,1000.0
2908.0,0.488341,1.263341659473055E-10,2908.0,18.0,1.0,3.7202578261088273,1.0,2.0,1.0,1.0,2908.0,1000.0
2909.0,0.488433,1.2635796641310123E-10,2909.0,18.0,1.0,3.7189789475161463,1.0,2.0,1.0,1.0,2909.0,1000.0
2910.0,0.488525,1.2638176687889696E-10,2910.0,18.0,1.0,3.7177009478778245,1.0,2.0,1.0,1.0,2910.0,1000.0
2911.0,0.48862,1.264063434468382E-10,2911.0,18.0,1.0,3.716423826288035,1.0,2.0,1.0,1.0,2911.0,1000.0
2912.0,0.488712,1.2643014391263394E-10,2912.0,18.0,1.0,3.7151475818421944,1.0,2.0,1.0,1.0,2912.0,1000.0
2913.0,0.488803,1.264536856777145E-10,2913.0,18.0,1.0,3.7138722136369617,1.0,2.0,1.0,1.0,2913.0,1000.0
2914.0,0.488893,1.2647696874207988E-10,2914.0,18.0,1.0,3.7125977207702365,1.0,2.0,1.0,1.0,2914.0,1000.0
2915.0,0.488988,1.2650154531002112E-10,2915.0,18.0,1.0,3.711324102341156,1.0,2.0,1.0,1.0,2915.0,1000.0
2916.0,0.48908,1.2652534577581685E-10,2916.0,18.0,1.0,3.7100513574500926,1.0,2.0,1.0,1.0,2916.0,1000.0
2917.0,0.489171,1.265488875408974E-10,2917.0,18.0,1.0,3.7087794851986526,1.0,2.0,1.0,1.0,2917.0,1000.0
2918.0,0.489271,1.265747576124145E-10,2918.0,18.0,1.0,3.7075084846896744,1.0,2.0,1.0,1.0,2918.0,1000.0
2919.0,0.489364,1.265988167789254E-10,2919.0,18.0,1.0,3.706238355027225,1.0,2.0,1.0,1.0,2919.0,1000.0
2920.0,0.489455,1.2662235854400596E-10,2920.0,18.0,1.0,3.7049690953165992,1.0,2.0,1.0,1.0,2920.0,1000.0
2921.0,0.489548,1.2664641771051686E-10,2921.0,18.0,1.0,3.703700704664317,1.0,2.0,1.0,1.0,2921.0,1000.0
2922.0,0.489639,1.2666995947559742E-10,2922.0,18.0,1.0,3.702433182178121,1.0,2.0,1.0,1.0,2922.0,1000.0
2923.0,0.489798,1.267110928893096E-10,2923.0,18.0,1.0,3.7011665269669756,1.0,2.0,1.0,1.0,2923.0,1000.0
2924.0,0.489919,1.267423956758453E-10,2924.0,18.0,1.0,3.6999007381410633,1.0,2.0,1.0,1.0,2924.0,1000.0
2925.0,0.490032,1.2677162885665963E-10,2925.0,18.0,1.0,3.6986358148117846,1.0,2.0,1.0,1.0,2925.0,1000.0
2926.0,0.490147,1.2680137943890427E-10,2926.0,18.0,1.0,3.697371756091753,1.0,2.0,1.0,1.0,2926.0,1000.0
2927.0,0.490262,1.2683113002114892E-10,2927.0,18.0,1.0,3.6961085610947966,1.0,2.0,1.0,1.0,2927.0,1000.0
2928.0,0.490376,1.2686062190267843E-10,2928.0,18.0,1.0,3.694846228935953,1.0,2.0,1.0,1.0,2928.0,1000.0
2929.0,0.49049,1.2689011378420793E-10,2929.0,18.0,1.0,3.693584758731468,1.0,2.0,1.0,1.0,2929.0,1000.0
2930.0,0.490604,1.2691960566573743E-10,2930.0,18.0,1.0,3.6923241495987953,1.0,2.0,1.0,1.0,2930.0,1000.0
2931.0,0.490722,1.269501323501276E-10,2931.0,18.0,1.0,3.6910644006565914,1.0,2.0,1.0,1.0,2931.0,1000.0
2932.0,0.490877,1.269902309609791E-10,2932.0,18.0,1.0,3.689805511024717,1.0,2.0,1.0,1.0,2932.0,1000.0
2933.0,0.490992,1.2701998154322375E-10,2933.0,18.0,1.0,3.6885474798242313,1.0,2.0,1.0,1.0,2933.0,1000.0
2934.0,0.491104,1.270489560233229E-10,2934.0,18.0,1.0,3.6872903061773927,1.0,2.0,1.0,1.0,2934.0,1000.0
2935.0,0.491219,1.2707870660556756E-10,2935.0,18.0,1.0,3.686033989207656,1.0,2.0,1.0,1.0,2935.0,1000.0
2936.0,0.491334,1.271084571878122E-10,2936.0,18.0,1.0,3.6847785280396694,1.0,2.0,1.0,1.0,2936.0,1000.0
2937.0,0.491447,1.2713769036862654E-10,2937.0,18.0,1.0,3.683523921799275,1.0,2.0,1.0,1.0,2937.0,1000.0
2938.0,0.49156,1.2716692354944087E-10,2938.0,18.0,1.0,3.6822701696135023,1.0,2.0,1.0,1.0,2938.0,1000.0
2939.0,0.491676,1.271969328324007E-10,2939.0,18.0,1.0,3.6810172706105715,1.0,2.0,1.0,1.0,2939.0,1000.0
2940.0,0.491786,1.272253899110695E-10,2940.0,18.0,1.0,3.6797652239198877,1.0,2.0,1.0,1.0,2940.0,1000.0
2941.0,0.491904,1.2725591659545967E-10,2941.0,18.0,1.0,3.67851402867204,1.0,2.0,1.0,1.0,2941.0,1000.0
2942.0,0.492023,1.27286701980565E-10,2942.0,18.0,1.0,3.6772636839988,1.0,2.0,1.0,1.0,2942.0,1000.0
2943.0,0.492135,1.2731567646066416E-10,2943.0,18.0,1.0,3.6760141890331193,1.0,2.0,1.0,1.0,2943.0,1000.0
2944.0,0.492249,1.2734516834219367E-10,2944.0,18.0,1.0,3.674765542909127,1.0,2.0,1.0,1.0,2944.0,1000.0
2945.0,0.492363,1.2737466022372317E-10,2945.0,18.0,1.0,3.673517744762129,1.0,2.0,1.0,1.0,2945.0,1000.0
2946.0,0.492481,1.2740518690811334E-10,2946.0,18.0,1.0,3.6722707937286048,1.0,2.0,1.0,1.0,2946.0,1000.0
2947.0,0.492599,1.274357135925035E-10,2947.0,18.0,1.0,3.6710246889462064,1.0,2.0,1.0,1.0,2947.0,1000.0
2948.0,0.492735,1.2747089688976675E-10,2948.0,18.0,1.0,3.669779429553755,1.0,2.0,1.0,1.0,2948.0,1000.0
2949.0,0.492849,1.2750038877129626E-10,2949.0,18.0,1.0,3.668535014691241,1.0,2.0,1.0,1.0,2949.0,1000.0
2950.0,0.492961,1.275293632513954E-10,2950.0,18.0,1.0,3.66729144349982,1.0,2.0,1.0,1.0,2950.0,1000.0
2951.0,0.493078,1.275596312350704E-10,2951.0,18.0,1.0,3.666048715121813,1.0,2.0,1.0,1.0,2951.0,1000.0
2952.0,0.493192,1.275891231165999E-10,2952.0,18.0,1.0,3.664806828700701,1.0,2.0,1.0,1.0,2952.0,1000.0
2953.0,0.493306,1.276186149981294E-10,2953.0,18.0,1.0,3.6635657833811277,1.0,2.0,1.0,1.0,2953.0,1000.0
2954.0,0.49342,1.2764810687965891E-10,2954.0,18.0,1.0,3.662325578308893,1.0,2.0,1.0,1.0,2954.0,1000.0
2955.0,0.493533,1.2767734006047324E-10,2955.0,18.0,1.0,3.6610862126309542,1.0,2.0,1.0,1.0,2955.0,1000.0
2956.0,0.493649,1.2770734934343307E-10,2956.0,18.0,1.0,3.6598476854954227,1.0,2.0,1.0,1.0,2956.0,1000.0
2957.0,0.493761,1.2773632382353222E-10,2957.0,18.0,1.0,3.6586099960515623,1.0,2.0,1.0,1.0,2957.0,1000.0
2958.0,0.493878,1.2776659180720722E-10,2958.0,18.0,1.0,3.657373143449787,1.0,2.0,1.0,1.0,2958.0,1000.0
2959.0,0.493992,1.2779608368873672E-10,2959.0,18.0,1.0,3.656137126841659,1.0,2.0,1.0,1.0,2959.0,1000.0
2960.0,0.494103,1.278247994681207E-10,2960.0,18.0,1.0,3.6549019453798883,1.0,2.0,1.0,1.0,2960.0,1000.0
2961.0,0.494221,1.2785532615251087E-10,2961.0,18.0,1.0,3.653667598218328,1.0,2.0,1.0,1.0,2961.0,1000.0
2962.0,0.494333,1.2788430063261003E-10,2962.0,18.0,1.0,3.6524340845119747,1.0,2.0,1.0,1.0,2962.0,1000.0
2963.0,0.494469,1.2791948392987328E-10,2963.0,18.0,1.0,3.651201403416966,1.0,2.0,1.0,1.0,2963.0,1000.0
2964.0,0.494582,1.279487171106876E-10,2964.0,18.0,1.0,3.649969554090577,1.0,2.0,1.0,1.0,2964.0,1000.0
2965.0,0.494696,1.279782089922171E-10,2965.0,18.0,1.0,3.648738535691221,1.0,2.0,1.0,1.0,2965.0,1000.0
2966.0,0.494809,1.2800744217303144E-10,2966.0,18.0,1.0,3.6475083473784458,1.0,2.0,1.0,1.0,2966.0,1000.0
2967.0,0.494922,1.2803667535384577E-10,2967.0,18.0,1.0,3.646278988312932,1.0,2.0,1.0,1.0,2967.0,1000.0
2968.0,0.495036,1.2806616723537527E-10,2968.0,18.0,1.0,3.6450504576564926,1.0,2.0,1.0,1.0,2968.0,1000.0
2969.0,0.495153,1.2809643521905027E-10,2969.0,18.0,1.0,3.643822754572068,1.0,2.0,1.0,1.0,2969.0,1000.0
2970.0,0.495265,1.2812540969914942E-10,2970.0,18.0,1.0,3.642595878223727,1.0,2.0,1.0,1.0,2970.0,1000.0
2971.0,0.495384,1.2815619508425476E-10,2971.0,18.0,1.0,3.641369827776664,1.0,2.0,1.0,1.0,2971.0,1000.0
2972.0,0.495498,1.2818568696578427E-10,2972.0,18.0,1.0,3.640144602397197,1.0,2.0,1.0,1.0,2972.0,1000.0
2973.0,0.495613,1.2821543754802891E-10,2973.0,18.0,1.0,3.638920201252765,1.0,2.0,1.0,1.0,2973.0,1000.0
2974.0,0.495728,1.2824518813027356E-10,2974.0,18.0,1.0,3.6376966235119266,1.0,2.0,1.0,1.0,2974.0,1000.0
2975.0,0.495843,1.2827493871251821E-10,2975.0,18.0,1.0,3.6364738683443596,1.0,2.0,1.0,1.0,2975.0,1000.0
2976.0,0.495956,1.2830417189333254E-10,2976.0,18.0,1.0,3.6352519349208565,1.0,2.0,1.0,1.0,2976.0,1000.0
2977.0,0.496072,1.2833418117629236E-10,2977.0,18.0,1.0,3.6340308224133255,1.0,2.0,1.0,1.0,2977.0,1000.0
2978.0,0.496187,1.2836393175853701E-10,2978.0,18.0,1.0,3.632810529994785,1.0,2.0,1.0,1.0,2978.0,1000.0
2979.0,0.496325,1.283996324572306E-10,2979.0,18.0,1.0,3.6315910568393655,1.0,2.0,1.0,1.0,2979.0,1000.0
2980.0,0.496439,1.284291243387601E-10,2980.0,18.0,1.0,3.630372402122305,1.0,2.0,1.0,1.0,2980.0,1000.0
2981.0,0.496559,1.2846016842458062E-10,2981.0,18.0,1.0,3.6291545650199497,1.0,2.0,1.0,1.0,2981.0,1000.0
2982.0,0.496673,1.2848966030611013E-10,2982.0,18.0,1.0,3.627937544709748,1.0,2.0,1.0,1.0,2982.0,1000.0
2983.0,0.496791,1.285201869905003E-10,2983.0,18.0,1.0,3.6267213403702545,1.0,2.0,1.0,1.0,2983.0,1000.0
2984.0,0.496905,1.285496788720298E-10,2984.0,18.0,1.0,3.6255059511811227,1.0,2.0,1.0,1.0,2984.0,1000.0
2985.0,0.497018,1.2857891205284413E-10,2985.0,18.0,1.0,3.6242913763231055,1.0,2.0,1.0,1.0,2985.0,1000.0
2986.0,0.497132,1.2860840393437363E-10,2986.0,18.0,1.0,3.623077614978054,1.0,2.0,1.0,1.0,2986.0,1000.0
2987.0,0.497247,1.2863815451661828E-10,2987.0,18.0,1.0,3.621864666328915,1.0,2.0,1.0,1.0,2987.0,1000.0
2988.0,0.497362,1.2866790509886293E-10,2988.0,18.0,1.0,3.6206525295597287,1.0,2.0,1.0,1.0,2988.0,1000.0
2989.0,0.497476,1.2869739698039243E-10,2989.0,18.0,1.0,3.619441203855627,1.0,2.0,1.0,1.0,2989.0,1000.0
2990.0,0.497591,1.2872714756263708E-10,2990.0,18.0,1.0,3.6182306884028326,1.0,2.0,1.0,1.0,2990.0,1000.0
2991.0,0.497709,1.2875767424702725E-10,2991.0,18.0,1.0,3.617020982388656,1.0,2.0,1.0,1.0,2991.0,1000.0
2992.0,0.497828,1.2878845963213259E-10,2992.0,18.0,1.0,3.615812085001494,1.0,2.0,1.0,1.0,2992.0,1000.0
2993.0,0.497945,1.2881872761580758E-10,2993.0,18.0,1.0,3.6146039954308287,1.0,2.0,1.0,1.0,2993.0,1000.0
2994.0,0.498056,1.2884744339519156E-10,2994.0,18.0,1.0,3.613396712867224,1.0,2.0,1.0,1.0,2994.0,1000.0
2995.0,0.498193,1.2888288539316999E-10,2995.0,18.0,1.0,3.612190236502327,1.0,2.0,1.0,1.0,2995.0,1000.0
2996.0,0.498307,1.289123772746995E-10,2996.0,18.0,1.0,3.6109845655288617,1.0,2.0,1.0,1.0,2996.0,1000.0
2997.0,0.498429,1.2894393876195035E-10,2997.0,18.0,1.0,3.6097796991406303,1.0,2.0,1.0,1.0,2997.0,1000.0
2998.0,0.498542,1.2897317194276468E-10,2998.0,18.0,1.0,3.6085756365325117,1.0,2.0,1.0,1.0,2998.0,1000.0
2999.0,0.498655,1.29002405123579E-10,2999.0,18.0,1.0,3.607372376900457,1.0,2.0,1.0,1.0,2999.0,1000.0
3000.0,0.498769,1.290318970051085E-10,3000.0,18.0,1.0,3.60616991944149,1.0,2.0,1.0,1.0,3000.0,1000.0
3001.0,0.498887,1.2906242368949868E-10,3001.0,18.0,1.0,3.6049682633537055,1.0,2.0,1.0,1.0,3001.0,1000.0
3002.0,0.498999,1.2909139816959783E-10,3002.0,18.0,1.0,3.6037674078362656,1.0,2.0,1.0,1.0,3002.0,1000.0
3003.0,0.499116,1.2912166615327283E-10,3003.0,18.0,1.0,3.6025673520894004,1.0,2.0,1.0,1.0,3003.0,1000.0
3004.0,0.499227,1.291503819326568E-10,3004.0,18.0,1.0,3.601368095314404,1.0,2.0,1.0,1.0,3004.0,1000.0
3005.0,0.499341,1.2917987381418631E-10,3005.0,18.0,1.0,3.600169636713634,1.0,2.0,1.0,1.0,3005.0,1000.0
3006.0,0.499457,1.2920988309714614E-10,3006.0,18.0,1.0,3.598971975490509,1.0,2.0,1.0,1.0,3006.0,1000.0
3007.0,0.499572,1.2923963367939078E-10,3007.0,18.0,1.0,3.5977751108495077,1.0,2.0,1.0,1.0,3007.0,1000.0
3008.0,0.499686,1.292691255609203E-10,3008.0,18.0,1.0,3.5965790419961667,1.0,2.0,1.0,1.0,3008.0,1000.0
3009.0,0.499804,1.2929965224531045E-10,3009.0,18.0,1.0,3.595383768137079,1.0,2.0,1.0,1.0,3009.0,1000.0
3010.0,0.499918,1.2932914412683996E-10,3010.0,18.0,1.0,3.5941892884798903,1.0,2.0,1.0,1.0,3010.0,1000.0
3011.0,0.500057,1.2936510352624872E-10,3011.0,18.0,1.0,3.592995602233301,1.0,2.0,1.0,1.0,3011.0,1000.0
3012.0,0.500171,1.2939459540777823E-10,3012.0,18.0,1.0,3.591802708607062,1.0,2.0,1.0,1.0,3012.0,1000.0
3013.0,0.500285,1.2942408728930773E-10,3013.0,18.0,1.0,3.590610606811971,1.0,2.0,1.0,1.0,3013.0,1000.0
3014.0,0.5004,1.2945383787155238E-10,3014.0,18.0,1.0,3.589419296059877,1.0,2.0,1.0,1.0,3014.0,1000.0
3015.0,0.500513,1.294830710523667E-10,3015.0,18.0,1.0,3.5882287755636715,1.0,2.0,1.0,1.0,3015.0,1000.0
3016.0,0.500627,1.295125629338962E-10,3016.0,18.0,1.0,3.587039044537291,1.0,2.0,1.0,1.0,3016.0,1000.0
3017.0,0.500744,1.295428309175712E-10,3017.0,18.0,1.0,3.5858501021957143,1.0,2.0,1.0,1.0,3017.0,1000.0
3018.0,0.500854,1.2957128799624002E-10,3018.0,18.0,1.0,3.58466194775496,1.0,2.0,1.0,1.0,3018.0,1000.0
3019.0,0.500967,1.2960052117705435E-10,3019.0,18.0,1.0,3.5834745804320867,1.0,2.0,1.0,1.0,3019.0,1000.0
3020.0,0.501082,1.29630271759299E-10,3020.0,18.0,1.0,3.582287999445189,1.0,2.0,1.0,1.0,3020.0,1000.0
3021.0,0.501198,1.2966028104225882E-10,3021.0,18.0,1.0,3.581102204013396,1.0,2.0,1.0,1.0,3021.0,1000.0
3022.0,0.50131,1.2968925552235797E-10,3022.0,18.0,1.0,3.5799171933568728,1.0,2.0,1.0,1.0,3022.0,1000.0
3023.0,0.501422,1.2971823000245713E-10,3023.0,18.0,1.0,3.578732966696814,1.0,2.0,1.0,1.0,3023.0,1000.0
3024.0,0.501536,1.2974772188398663E-10,3024.0,18.0,1.0,3.5775495232554464,1.0,2.0,1.0,1.0,3024.0,1000.0
3025.0,0.50165,1.2977721376551614E-10,3025.0,18.0,1.0,3.576366862256023,1.0,2.0,1.0,1.0,3025.0,1000.0
3026.0,0.501762,1.298061882456153E-10,3026.0,18.0,1.0,3.5751849829228255,1.0,2.0,1.0,1.0,3026.0,1000.0
3027.0,0.501893,1.2984007803930268E-10,3027.0,18.0,1.0,3.5740038844811592,1.0,2.0,1.0,1.0,3027.0,1000.0
3028.0,0.502011,1.2987060472369285E-10,3028.0,18.0,1.0,3.5728235661573544,1.0,2.0,1.0,1.0,3028.0,1000.0
3029.0,0.502127,1.2990061400665267E-10,3029.0,18.0,1.0,3.571644027178762,1.0,2.0,1.0,1.0,3029.0,1000.0
3030.0,0.502238,1.2992932978603665E-10,3030.0,18.0,1.0,3.5704652667737524,1.0,2.0,1.0,1.0,3030.0,1000.0
3031.0,0.502355,1.2995959776971165E-10,3031.0,18.0,1.0,3.5692872841717156,1.0,2.0,1.0,1.0,3031.0,1000.0
3032.0,0.50247,1.299893483519563E-10,3032.0,18.0,1.0,3.5681100786030573,1.0,2.0,1.0,1.0,3032.0,1000.0
3033.0,0.502588,1.3001987503634646E-10,3033.0,18.0,1.0,3.5669336492991985,1.0,2.0,1.0,1.0,3033.0,1000.0
3034.0,0.5027,1.3004884951644562E-10,3034.0,18.0,1.0,3.565757995492574,1.0,2.0,1.0,1.0,3034.0,1000.0
3035.0,0.502814,1.3007834139797512E-10,3035.0,18.0,1.0,3.564583116416629,1.0,2.0,1.0,1.0,3035.0,1000.0
3036.0,0.502927,1.3010757457878945E-10,3036.0,18.0,1.0,3.56340901130582,1.0,2.0,1.0,1.0,3036.0,1000.0
3037.0,0.50305,1.3013939476675548E-10,3037.0,18.0,1.0,3.5622356793956107,1.0,2.0,1.0,1.0,3037.0,1000.0
3038.0,0.503165,1.3016914534900013E-10,3038.0,18.0,1.0,3.561063119922472,1.0,2.0,1.0,1.0,3038.0,1000.0
3039.0,0.503284,1.3019993073410547E-10,3039.0,18.0,1.0,3.5598913321238794,1.0,2.0,1.0,1.0,3039.0,1000.0
3040.0,0.503399,1.3022968131635012E-10,3040.0,18.0,1.0,3.5587203152383124,1.0,2.0,1.0,1.0,3040.0,1000.0
3041.0,0.503518,1.3026046670145546E-10,3041.0,18.0,1.0,3.5575500685052512,1.0,2.0,1.0,1.0,3041.0,1000.0
3042.0,0.503652,1.3029513259728837E-10,3042.0,18.0,1.0,3.5563805911651776,1.0,2.0,1.0,1.0,3042.0,1000.0
3043.0,0.503765,1.303243657781027E-10,3043.0,18.0,1.0,3.5552118824595693,1.0,2.0,1.0,1.0,3043.0,1000.0
3044.0,0.503889,1.303564446667839E-10,3044.0,18.0,1.0,3.554043941630903,1.0,2.0,1.0,1.0,3044.0,1000.0
3045.0,0.504007,1.3038697135117407E-10,3045.0,18.0,1.0,3.5528767679226503,1.0,2.0,1.0,1.0,3045.0,1000.0
3046.0,0.504121,1.3041646323270357E-10,3046.0,18.0,1.0,3.5517103605792744,1.0,2.0,1.0,1.0,3046.0,1000.0
3047.0,0.504239,1.3044698991709374E-10,3047.0,18.0,1.0,3.5505447188462322,1.0,2.0,1.0,1.0,3047.0,1000.0
3048.0,0.504354,1.3047674049933839E-10,3048.0,18.0,1.0,3.5493798419699703,1.0,2.0,1.0,1.0,3048.0,1000.0
3049.0,0.504469,1.3050649108158303E-10,3049.0,18.0,1.0,3.5482157291979237,1.0,2.0,1.0,1.0,3049.0,1000.0
3050.0,0.504583,1.3053598296311254E-10,3050.0,18.0,1.0,3.5470523797785147,1.0,2.0,1.0,1.0,3050.0,1000.0
3051.0,0.5047,1.3056625094678753E-10,3051.0,18.0,1.0,3.5458897929611504,1.0,2.0,1.0,1.0,3051.0,1000.0
3052.0,0.504814,1.3059574282831703E-10,3052.0,18.0,1.0,3.5447279679962223,1.0,2.0,1.0,1.0,3052.0,1000.0
3053.0,0.504927,1.3062497600913136E-10,3053.0,18.0,1.0,3.543566904135103,1.0,2.0,1.0,1.0,3053.0,1000.0
3054.0,0.505039,1.3065395048923052E-10,3054.0,18.0,1.0,3.542406600630147,1.0,2.0,1.0,1.0,3054.0,1000.0
3055.0,0.505153,1.3068344237076002E-10,3055.0,18.0,1.0,3.5412470567346874,1.0,2.0,1.0,1.0,3055.0,1000.0
3056.0,0.505266,1.3071267555157435E-10,3056.0,18.0,1.0,3.5400882717030333,1.0,2.0,1.0,1.0,3056.0,1000.0
3057.0,0.505382,1.3074268483453417E-10,3057.0,18.0,1.0,3.538930244790471,1.0,2.0,1.0,1.0,3057.0,1000.0
3058.0,0.505515,1.307770920296519E-10,3058.0,18.0,1.0,3.5377729752532603,1.0,2.0,1.0,1.0,3058.0,1000.0
3059.0,0.50563,1.3080684261189656E-10,3059.0,18.0,1.0,3.5366164623486336,1.0,2.0,1.0,1.0,3059.0,1000.0
3060.0,0.505746,1.3083685189485638E-10,3060.0,18.0,1.0,3.535460705334794,1.0,2.0,1.0,1.0,3060.0,1000.0
3061.0,0.505879,1.308712590899741E-10,3061.0,18.0,1.0,3.5343057034709147,1.0,2.0,1.0,1.0,3061.0,1000.0
3062.0,0.505995,1.3090126837293393E-10,3062.0,18.0,1.0,3.5331514560171358,1.0,2.0,1.0,1.0,3062.0,1000.0
3063.0,0.506111,1.3093127765589375E-10,3063.0,18.0,1.0,3.531997962234564,1.0,2.0,1.0,1.0,3063.0,1000.0
3064.0,0.506228,1.3096154563956875E-10,3064.0,18.0,1.0,3.530845221385271,1.0,2.0,1.0,1.0,3064.0,1000.0
3065.0,0.506343,1.309912962218134E-10,3065.0,18.0,1.0,3.5296932327322903,1.0,2.0,1.0,1.0,3065.0,1000.0
3066.0,0.506457,1.310207881033429E-10,3066.0,18.0,1.0,3.5285419955396184,1.0,2.0,1.0,1.0,3066.0,1000.0
3067.0,0.506573,1.3105079738630272E-10,3067.0,18.0,1.0,3.5273915090722103,1.0,2.0,1.0,1.0,3067.0,1000.0
3068.0,0.506689,1.3108080666926254E-10,3068.0,18.0,1.0,3.526241772595981,1.0,2.0,1.0,1.0,3068.0,1000.0
3069.0,0.506804,1.311105572515072E-10,3069.0,18.0,1.0,3.5250927853778005,1.0,2.0,1.0,1.0,3069.0,1000.0
3070.0,0.506918,1.311400491330367E-10,3070.0,18.0,1.0,3.523944546685495,1.0,2.0,1.0,1.0,3070.0,1000.0
3071.0,0.507036,1.3117057581742686E-10,3071.0,18.0,1.0,3.5227970557878443,1.0,2.0,1.0,1.0,3071.0,1000.0
3072.0,0.507154,1.3120110250181703E-10,3072.0,18.0,1.0,3.52165031195458,1.0,2.0,1.0,1.0,3072.0,1000.0
3073.0,0.507271,1.3123137048549202E-10,3073.0,18.0,1.0,3.5205043144563843,1.0,2.0,1.0,1.0,3073.0,1000.0
3074.0,0.507407,1.3126655378275527E-10,3074.0,18.0,1.0,3.5193590625648894,1.0,2.0,1.0,1.0,3074.0,1000.0
3075.0,0.507522,1.3129630436499992E-10,3075.0,18.0,1.0,3.518214555552673,1.0,2.0,1.0,1.0,3075.0,1000.0
3076.0,0.50764,1.313268310493901E-10,3076.0,18.0,1.0,3.5170707926932607,1.0,2.0,1.0,1.0,3076.0,1000.0
3077.0,0.507766,1.3135942733950164E-10,3077.0,18.0,1.0,3.515927773261121,1.0,2.0,1.0,1.0,3077.0,1000.0
3078.0,0.507886,1.3139047142532215E-10,3078.0,18.0,1.0,3.5147854965316667,1.0,2.0,1.0,1.0,3078.0,1000.0
3079.0,0.507999,1.3141970460613648E-10,3079.0,18.0,1.0,3.5136439617812503,1.0,2.0,1.0,1.0,3079.0,1000.0
3080.0,0.508113,1.3144919648766598E-10,3080.0,18.0,1.0,3.5125031682871657,1.0,2.0,1.0,1.0,3080.0,1000.0
3081.0,0.508232,1.3147998187277132E-10,3081.0,18.0,1.0,3.5113631153276437,1.0,2.0,1.0,1.0,3081.0,1000.0
3082.0,0.508349,1.3151024985644632E-10,3082.0,18.0,1.0,3.5102238021818524,1.0,2.0,1.0,1.0,3082.0,1000.0
3083.0,0.508463,1.3153974173797582E-10,3083.0,18.0,1.0,3.509085228129896,1.0,2.0,1.0,1.0,3083.0,1000.0
3084.0,0.508576,1.3156897491879015E-10,3084.0,18.0,1.0,3.5079473924528113,1.0,2.0,1.0,1.0,3084.0,1000.0
3085.0,0.508689,1.3159820809960448E-10,3085.0,18.0,1.0,3.506810294432567,1.0,2.0,1.0,1.0,3085.0,1000.0
3086.0,0.508804,1.3162795868184913E-10,3086.0,18.0,1.0,3.505673933352064,1.0,2.0,1.0,1.0,3086.0,1000.0
3087.0,0.508923,1.3165874406695447E-10,3087.0,18.0,1.0,3.504538308495131,1.0,2.0,1.0,1.0,3087.0,1000.0
3088.0,0.509042,1.316895294520598E-10,3088.0,18.0,1.0,3.503403419146525,1.0,2.0,1.0,1.0,3088.0,1000.0
3089.0,0.509157,1.3171928003430446E-10,3089.0,18.0,1.0,3.5022692645919293,1.0,2.0,1.0,1.0,3089.0,1000.0
3090.0,0.509298,1.3175575683514357E-10,3090.0,18.0,1.0,3.501135844117951,1.0,2.0,1.0,1.0,3090.0,1000.0
3091.0,0.509415,1.3178602481881856E-10,3091.0,18.0,1.0,3.5000031570121224,1.0,2.0,1.0,1.0,3091.0,1000.0
3092.0,0.509537,1.3181758630606942E-10,3092.0,18.0,1.0,3.4988712025628943,1.0,2.0,1.0,1.0,3092.0,1000.0
3093.0,0.509653,1.3184759558902924E-10,3093.0,18.0,1.0,3.497739980059641,1.0,2.0,1.0,1.0,3093.0,1000.0
3094.0,0.510103,1.3196401091085616E-10,3094.0,18.0,1.0,3.4966094887926533,1.0,2.0,1.0,1.0,3094.0,1000.0
3095.0,0.510457,1.320555909640267E-10,3095.0,18.0,1.0,3.4954797280531404,1.0,2.0,1.0,1.0,3095.0,1000.0
3096.0,0.510776,1.3213811649216623E-10,3096.0,18.0,1.0,3.4943506971332265,1.0,2.0,1.0,1.0,3096.0,1000.0
3097.0,0.511124,1.3222814434104572E-10,3097.0,18.0,1.0,3.493222395325951,1.0,2.0,1.0,1.0,3097.0,1000.0
3098.0,0.511402,1.3230006313986325E-10,3098.0,18.0,1.0,3.4920948219252645,1.0,2.0,1.0,1.0,3098.0,1000.0
3099.0,0.511773,1.323960411051917E-10,3099.0,18.0,1.0,3.490967976226031,1.0,2.0,1.0,1.0,3099.0,1000.0
3100.0,0.512119,1.3248555155264084E-10,3100.0,18.0,1.0,3.4898418575240227,1.0,2.0,1.0,1.0,3100.0,1000.0
3101.0,0.51246,1.3257376849651415E-10,3101.0,18.0,1.0,3.4887164651159206,1.0,2.0,1.0,1.0,3101.0,1000.0
3102.0,0.51275,1.3264879170391373E-10,3102.0,18.0,1.0,3.4875917982993134,1.0,2.0,1.0,1.0,3102.0,1000.0
3103.0,0.513022,1.3271915829844023E-10,3103.0,18.0,1.0,3.486467856372694,1.0,2.0,1.0,1.0,3103.0,1000.0
3104.0,0.513366,1.3280815134445903E-10,3104.0,18.0,1.0,3.4853446386354605,1.0,2.0,1.0,1.0,3104.0,1000.0
3105.0,0.513662,1.3288472675614964E-10,3105.0,18.0,1.0,3.484222144387913,1.0,2.0,1.0,1.0,3105.0,1000.0
3106.0,0.513943,1.329574216571127E-10,3106.0,18.0,1.0,3.4831003729312524,1.0,2.0,1.0,1.0,3106.0,1000.0
3107.0,0.514235,1.3303296226594262E-10,3107.0,18.0,1.0,3.4819793235675793,1.0,2.0,1.0,1.0,3107.0,1000.0
3108.0,0.51441,1.3307823489109755E-10,3108.0,18.0,1.0,3.4808589955998936,1.0,2.0,1.0,1.0,3108.0,1000.0
3109.0,0.514536,1.331108311812091E-10,3109.0,18.0,1.0,3.4797393883320904,1.0,2.0,1.0,1.0,3109.0,1000.0
3110.0,0.514655,1.3314161656631444E-10,3110.0,18.0,1.0,3.4786205010689613,1.0,2.0,1.0,1.0,3110.0,1000.0
3111.0,0.514778,1.3317343675428047E-10,3111.0,18.0,1.0,3.477502333116191,1.0,2.0,1.0,1.0,3111.0,1000.0
3112.0,0.514893,1.3320318733652512E-10,3112.0,18.0,1.0,3.4763848837803564,1.0,2.0,1.0,1.0,3112.0,1000.0
3113.0,0.515009,1.3323319661948494E-10,3113.0,18.0,1.0,3.475268152368927,1.0,2.0,1.0,1.0,3113.0,1000.0
3114.0,0.515123,1.3326268850101444E-10,3114.0,18.0,1.0,3.47415213819026,1.0,2.0,1.0,1.0,3114.0,1000.0
3115.0,0.515239,1.3329269778397427E-10,3115.0,18.0,1.0,3.473036840553602,1.0,2.0,1.0,1.0,3115.0,1000.0
3116.0,0.515362,1.333245179719403E-10,3116.0,18.0,1.0,3.4719222587690854,1.0,2.0,1.0,1.0,3116.0,1000.0
3117.0,0.515478,1.3335452725490012E-10,3117.0,18.0,1.0,3.4708083921477284,1.0,2.0,1.0,1.0,3117.0,1000.0
3118.0,0.515594,1.3338453653785994E-10,3118.0,18.0,1.0,3.4696952400014336,1.0,2.0,1.0,1.0,3118.0,1000.0
3119.0,0.515739,1.3342204814155972E-10,3119.0,18.0,1.0,3.468582801642985,1.0,2.0,1.0,1.0,3119.0,1000.0
3120.0,0.515855,1.3345205742451954E-10,3120.0,18.0,1.0,3.467471076386048,1.0,2.0,1.0,1.0,3120.0,1000.0
3121.0,0.515972,1.3348232540819453E-10,3121.0,18.0,1.0,3.466360063545168,1.0,2.0,1.0,1.0,3121.0,1000.0
3122.0,0.516086,1.3351181728972404E-10,3122.0,18.0,1.0,3.4652497624357688,1.0,2.0,1.0,1.0,3122.0,1000.0
3123.0,0.516205,1.3354260267482938E-10,3123.0,18.0,1.0,3.4641401723741496,1.0,2.0,1.0,1.0,3123.0,1000.0
3124.0,0.516322,1.3357287065850437E-10,3124.0,18.0,1.0,3.463031292677487,1.0,2.0,1.0,1.0,3124.0,1000.0
3125.0,0.516437,1.3360262124074902E-10,3125.0,18.0,1.0,3.4619231226638303,1.0,2.0,1.0,1.0,3125.0,1000.0
3126.0,0.516554,1.3363288922442402E-10,3126.0,18.0,1.0,3.4608156616521017,1.0,2.0,1.0,1.0,3126.0,1000.0
3127.0,0.516669,1.3366263980666866E-10,3127.0,18.0,1.0,3.4597089089620945,1.0,2.0,1.0,1.0,3127.0,1000.0
3128.0,0.516785,1.3369264908962849E-10,3128.0,18.0,1.0,3.4586028639144724,1.0,2.0,1.0,1.0,3128.0,1000.0
3129.0,0.516901,1.337226583725883E-10,3129.0,18.0,1.0,3.457497525830767,1.0,2.0,1.0,1.0,3129.0,1000.0
3130.0,0.517014,1.3375189155340264E-10,3130.0,18.0,1.0,3.456392894033377,1.0,2.0,1.0,1.0,3130.0,1000.0
3131.0,0.517133,1.3378267693850798E-10,3131.0,18.0,1.0,3.4552889678455667,1.0,2.0,1.0,1.0,3131.0,1000.0
3132.0,0.517245,1.3381165141860714E-10,3132.0,18.0,1.0,3.4541857465914654,1.0,2.0,1.0,1.0,3132.0,1000.0
3133.0,0.517339,1.338359692858332E-10,3133.0,18.0,1.0,3.4530832295960643,1.0,2.0,1.0,1.0,3133.0,1000.0
3134.0,0.51743,1.3385951105091377E-10,3134.0,18.0,1.0,3.451981416185217,1.0,2.0,1.0,1.0,3134.0,1000.0
3135.0,0.517522,1.338833115167095E-10,3135.0,18.0,1.0,3.450880305685636,1.0,2.0,1.0,1.0,3135.0,1000.0
3136.0,0.517614,1.3390711198250523E-10,3136.0,18.0,1.0,3.4497798974248948,1.0,2.0,1.0,1.0,3136.0,1000.0
3137.0,0.517708,1.339314298497313E-10,3137.0,18.0,1.0,3.4486801907314217,1.0,2.0,1.0,1.0,3137.0,1000.0
3138.0,0.517798,1.3395471291409669E-10,3138.0,18.0,1.0,3.447581184934503,1.0,2.0,1.0,1.0,3138.0,1000.0
3139.0,0.517892,1.3397903078132276E-10,3139.0,18.0,1.0,3.4464828793642783,1.0,2.0,1.0,1.0,3139.0,1000.0
3140.0,0.517986,1.3400334864854884E-10,3140.0,18.0,1.0,3.445385273351742,1.0,2.0,1.0,1.0,3140.0,1000.0
3141.0,0.518083,1.3402844261792043E-10,3141.0,18.0,1.0,3.444288366228739,1.0,2.0,1.0,1.0,3141.0,1000.0
3142.0,0.518175,1.3405224308371616E-10,3142.0,18.0,1.0,3.443192157327966,1.0,2.0,1.0,1.0,3142.0,1000.0
3143.0,0.518269,1.3407656095094223E-10,3143.0,18.0,1.0,3.4420966459829683,1.0,2.0,1.0,1.0,3143.0,1000.0
3144.0,0.518363,1.341008788181683E-10,3144.0,18.0,1.0,3.441001831528139,1.0,2.0,1.0,1.0,3144.0,1000.0
3145.0,0.518456,1.341249379846792E-10,3145.0,18.0,1.0,3.4399077132987186,1.0,2.0,1.0,1.0,3145.0,1000.0
3146.0,0.518548,1.3414873845047494E-10,3146.0,18.0,1.0,3.4388142906307912,1.0,2.0,1.0,1.0,3146.0,1000.0
3147.0,0.518644,1.3417357371913136E-10,3147.0,18.0,1.0,3.4377215628612867,1.0,2.0,1.0,1.0,3147.0,1000.0
3148.0,0.518741,1.3419866768850295E-10,3148.0,18.0,1.0,3.4366295293279765,1.0,2.0,1.0,1.0,3148.0,1000.0
3149.0,0.518838,1.3422376165787455E-10,3149.0,18.0,1.0,3.4355381893694728,1.0,2.0,1.0,1.0,3149.0,1000.0
3150.0,0.518933,1.342483382258158E-10,3150.0,18.0,1.0,3.4344475423252283,1.0,2.0,1.0,1.0,3150.0,1000.0
3151.0,0.519027,1.3427265609304187E-10,3151.0,18.0,1.0,3.4333575875355344,1.0,2.0,1.0,1.0,3151.0,1000.0
3152.0,0.51912,1.3429671525955277E-10,3152.0,18.0,1.0,3.4322683243415195,1.0,2.0,1.0,1.0,3152.0,1000.0
3153.0,0.519215,1.3432129182749402E-10,3153.0,18.0,1.0,3.4311797520851472,1.0,2.0,1.0,1.0,3153.0,1000.0
3154.0,0.519307,1.3434509229328975E-10,3154.0,18.0,1.0,3.4300918701092167,1.0,2.0,1.0,1.0,3154.0,1000.0
3155.0,0.519399,1.3436889275908548E-10,3155.0,18.0,1.0,3.4290046777573595,1.0,2.0,1.0,1.0,3155.0,1000.0
3156.0,0.5195,1.3439502153131774E-10,3156.0,18.0,1.0,3.4279181743740397,1.0,2.0,1.0,1.0,3156.0,1000.0
3157.0,0.519591,1.344185632963983E-10,3157.0,18.0,1.0,3.4268323593045515,1.0,2.0,1.0,1.0,3157.0,1000.0
3158.0,0.519687,1.3444339856505472E-10,3158.0,18.0,1.0,3.425747231895019,1.0,2.0,1.0,1.0,3158.0,1000.0
3159.0,0.519784,1.344684925344263E-10,3159.0,18.0,1.0,3.424662791492393,1.0,2.0,1.0,1.0,3159.0,1000.0
3160.0,0.519876,1.3449229300022204E-10,3160.0,18.0,1.0,3.4235790374444526,1.0,2.0,1.0,1.0,3160.0,1000.0
3161.0,0.519976,1.3451816307173912E-10,3161.0,18.0,1.0,3.4224959690998005,1.0,2.0,1.0,1.0,3161.0,1000.0
3162.0,0.520068,1.3454196353753485E-10,3162.0,18.0,1.0,3.421413585807865,1.0,2.0,1.0,1.0,3162.0,1000.0
3163.0,0.520159,1.345655053026154E-10,3163.0,18.0,1.0,3.4203318869188966,1.0,2.0,1.0,1.0,3163.0,1000.0
3164.0,0.52025,1.3458904706769597E-10,3164.0,18.0,1.0,3.4192508717839663,1.0,2.0,1.0,1.0,3164.0,1000.0
3165.0,0.520342,1.346128475334917E-10,3165.0,18.0,1.0,3.418170539754967,1.0,2.0,1.0,1.0,3165.0,1000.0
3166.0,0.520436,1.3463716540071777E-10,3166.0,18.0,1.0,3.417090890184608,1.0,2.0,1.0,1.0,3166.0,1000.0
3167.0,0.520527,1.3466070716579833E-10,3167.0,18.0,1.0,3.4160119224264194,1.0,2.0,1.0,1.0,3167.0,1000.0
3168.0,0.520621,1.346850250330244E-10,3168.0,18.0,1.0,3.4149336358347444,1.0,2.0,1.0,1.0,3168.0,1000.0
3169.0,0.520714,1.347090841995353E-10,3169.0,18.0,1.0,3.4138560297647427,1.0,2.0,1.0,1.0,3169.0,1000.0
3170.0,0.520805,1.3473262596461586E-10,3170.0,18.0,1.0,3.412779103572388,1.0,2.0,1.0,1.0,3170.0,1000.0
3171.0,0.520901,1.3475746123327228E-10,3171.0,18.0,1.0,3.411702856614465,1.0,2.0,1.0,1.0,3171.0,1000.0
3172.0,0.520992,1.3478100299835284E-10,3172.0,18.0,1.0,3.410627288248572,1.0,2.0,1.0,1.0,3172.0,1000.0
3173.0,0.521086,1.3480532086557892E-10,3173.0,18.0,1.0,3.4095523978331137,1.0,2.0,1.0,1.0,3173.0,1000.0
3174.0,0.521178,1.3482912133137465E-10,3174.0,18.0,1.0,3.408478184727306,1.0,2.0,1.0,1.0,3174.0,1000.0
3175.0,0.521271,1.3485318049788555E-10,3175.0,18.0,1.0,3.4074046482911715,1.0,2.0,1.0,1.0,3175.0,1000.0
3176.0,0.521362,1.348767222629661E-10,3176.0,18.0,1.0,3.4063317878855384,1.0,2.0,1.0,1.0,3176.0,1000.0
3177.0,0.521455,1.34900781429477E-10,3177.0,18.0,1.0,3.4052596028720394,1.0,2.0,1.0,1.0,3177.0,1000.0
3178.0,0.521546,1.3492432319455756E-10,3178.0,18.0,1.0,3.404188092613112,1.0,2.0,1.0,1.0,3178.0,1000.0
3179.0,0.521638,1.349481236603533E-10,3179.0,18.0,1.0,3.4031172564719943,1.0,2.0,1.0,1.0,3179.0,1000.0
3180.0,0.521731,1.349721828268642E-10,3180.0,18.0,1.0,3.4020470938127265,1.0,2.0,1.0,1.0,3180.0,1000.0
3181.0,0.521827,1.3499701809552062E-10,3181.0,18.0,1.0,3.400977604000148,1.0,2.0,1.0,1.0,3181.0,1000.0
3182.0,0.52192,1.3502107726203152E-10,3182.0,18.0,1.0,3.3999087863998962,1.0,2.0,1.0,1.0,3182.0,1000.0
3183.0,0.522012,1.3504487772782725E-10,3183.0,18.0,1.0,3.398840640378407,1.0,2.0,1.0,1.0,3183.0,1000.0
3184.0,0.522102,1.3506816079219263E-10,3184.0,18.0,1.0,3.3977731653029113,1.0,2.0,1.0,1.0,3184.0,1000.0
3185.0,0.522195,1.3509221995870354E-10,3185.0,18.0,1.0,3.396706360541435,1.0,2.0,1.0,1.0,3185.0,1000.0
3186.0,0.522289,1.351165378259296E-10,3186.0,18.0,1.0,3.3956402254627966,1.0,2.0,1.0,1.0,3186.0,1000.0
3187.0,0.522381,1.3514033829172534E-10,3187.0,18.0,1.0,3.394574759436608,1.0,2.0,1.0,1.0,3187.0,1000.0
3188.0,0.522474,1.3516439745823624E-10,3188.0,18.0,1.0,3.3935099618332716,1.0,2.0,1.0,1.0,3188.0,1000.0
3189.0,0.522567,1.3518845662474715E-10,3189.0,18.0,1.0,3.392445832023979,1.0,2.0,1.0,1.0,3189.0,1000.0
3190.0,0.522658,1.352119983898277E-10,3190.0,18.0,1.0,3.3913823693807115,1.0,2.0,1.0,1.0,3190.0,1000.0
3191.0,0.522752,1.3523631625705378E-10,3191.0,18.0,1.0,3.390319573276236,1.0,2.0,1.0,1.0,3191.0,1000.0
3192.0,0.522843,1.3525985802213433E-10,3192.0,18.0,1.0,3.389257443084107,1.0,2.0,1.0,1.0,3192.0,1000.0
3193.0,0.522934,1.352833997872149E-10,3193.0,18.0,1.0,3.3881959781786626,1.0,2.0,1.0,1.0,3193.0,1000.0
3194.0,0.523026,1.3530720025301062E-10,3194.0,18.0,1.0,3.3871351779350247,1.0,2.0,1.0,1.0,3194.0,1000.0
3195.0,0.523118,1.3533100071880635E-10,3195.0,18.0,1.0,3.3860750417290983,1.0,2.0,1.0,1.0,3195.0,1000.0
3196.0,0.523215,1.3535609468817794E-10,3196.0,18.0,1.0,3.3850155689375687,1.0,2.0,1.0,1.0,3196.0,1000.0
3197.0,0.523308,1.3538015385468885E-10,3197.0,18.0,1.0,3.383956758937901,1.0,2.0,1.0,1.0,3197.0,1000.0
3198.0,0.5234,1.3540395432048458E-10,3198.0,18.0,1.0,3.3828986111083394,1.0,2.0,1.0,1.0,3198.0,1000.0
3199.0,0.523491,1.3542749608556513E-10,3199.0,18.0,1.0,3.3818411248279054,1.0,2.0,1.0,1.0,3199.0,1000.0
3200.0,0.523582,1.354510378506457E-10,3200.0,18.0,1.0,3.380784299476397,1.0,2.0,1.0,1.0,3200.0,1000.0
3201.0,0.523679,1.3547613182001728E-10,3201.0,18.0,1.0,3.379728134434386,1.0,2.0,1.0,1.0,3201.0,1000.0
3202.0,0.523769,1.3549941488438267E-10,3202.0,18.0,1.0,3.3786726290832196,1.0,2.0,1.0,1.0,3202.0,1000.0
3203.0,0.52386,1.3552295664946322E-10,3203.0,18.0,1.0,3.377617782805017,1.0,2.0,1.0,1.0,3203.0,1000.0
3204.0,0.523951,1.3554649841454378E-10,3204.0,18.0,1.0,3.3765635949826684,1.0,2.0,1.0,1.0,3204.0,1000.0
3205.0,0.524043,1.355702988803395E-10,3205.0,18.0,1.0,3.3755100649998346,1.0,2.0,1.0,1.0,3205.0,1000.0
3206.0,0.524133,1.355935819447049E-10,3206.0,18.0,1.0,3.374457192240945,1.0,2.0,1.0,1.0,3206.0,1000.0
3207.0,0.524227,1.3561789981193097E-10,3207.0,18.0,1.0,3.3734049760911975,1.0,2.0,1.0,1.0,3207.0,1000.0
3208.0,0.524318,1.3564144157701153E-10,3208.0,18.0,1.0,3.3723534159365554,1.0,2.0,1.0,1.0,3208.0,1000.0
3209.0,0.52441,1.3566524204280726E-10,3209.0,18.0,1.0,3.3713025111637487,1.0,2.0,1.0,1.0,3209.0,1000.0
3210.0,0.524505,1.356898186107485E-10,3210.0,18.0,1.0,3.370252261160271,1.0,2.0,1.0,1.0,3210.0,1000.0
3211.0,0.5246,1.3571439517868975E-10,3211.0,18.0,1.0,3.3692026653143787,1.0,2.0,1.0,1.0,3211.0,1000.0
3212.0,0.52469,1.3573767824305514E-10,3212.0,18.0,1.0,3.36815372301509,1.0,2.0,1.0,1.0,3212.0,1000.0
3213.0,0.524785,1.3576225481099638E-10,3213.0,18.0,1.0,3.367105433652185,1.0,2.0,1.0,1.0,3213.0,1000.0
3214.0,0.524876,1.3578579657607694E-10,3214.0,18.0,1.0,3.366057796616201,1.0,2.0,1.0,1.0,3214.0,1000.0
3215.0,0.524966,1.3580907964044233E-10,3215.0,18.0,1.0,3.3650108112984354,1.0,2.0,1.0,1.0,3215.0,1000.0
3216.0,0.525061,1.3583365620838357E-10,3216.0,18.0,1.0,3.363964477090942,1.0,2.0,1.0,1.0,3216.0,1000.0
3217.0,0.525154,1.3585771537489448E-10,3217.0,18.0,1.0,3.3629187933865308,1.0,2.0,1.0,1.0,3217.0,1000.0
3218.0,0.525245,1.3588125713997503E-10,3218.0,18.0,1.0,3.361873759578766,1.0,2.0,1.0,1.0,3218.0,1000.0
3219.0,0.525338,1.3590531630648594E-10,3219.0,18.0,1.0,3.360829375061966,1.0,2.0,1.0,1.0,3219.0,1000.0
3220.0,0.525428,1.3592859937085132E-10,3220.0,18.0,1.0,3.3597856392312018,1.0,2.0,1.0,1.0,3220.0,1000.0
3221.0,0.525525,1.3595369334022291E-10,3221.0,18.0,1.0,3.3587425514822944,1.0,2.0,1.0,1.0,3221.0,1000.0
3222.0,0.525615,1.359769764045883E-10,3222.0,18.0,1.0,3.3577001112118157,1.0,2.0,1.0,1.0,3222.0,1000.0
3223.0,0.525706,1.3600051816966885E-10,3223.0,18.0,1.0,3.3566583178170863,1.0,2.0,1.0,1.0,3223.0,1000.0
3224.0,0.525797,1.360240599347494E-10,3224.0,18.0,1.0,3.3556171706961755,1.0,2.0,1.0,1.0,3224.0,1000.0
3225.0,0.525888,1.3604760169982997E-10,3225.0,18.0,1.0,3.3545766692478978,1.0,2.0,1.0,1.0,3225.0,1000.0
3226.0,0.525981,1.3607166086634087E-10,3226.0,18.0,1.0,3.3535368128718135,1.0,2.0,1.0,1.0,3226.0,1000.0
3227.0,0.526071,1.3609494393070626E-10,3227.0,18.0,1.0,3.3524976009682272,1.0,2.0,1.0,1.0,3227.0,1000.0
3228.0,0.526161,1.3611822699507164E-10,3228.0,18.0,1.0,3.3514590329381875,1.0,2.0,1.0,1.0,3228.0,1000.0
3229.0,0.526255,1.3614254486229772E-10,3229.0,18.0,1.0,3.350421108183484,1.0,2.0,1.0,1.0,3229.0,1000.0
3230.0,0.526348,1.3616660402880862E-10,3230.0,18.0,1.0,3.349383826106647,1.0,2.0,1.0,1.0,3230.0,1000.0
3231.0,0.526442,1.361909218960347E-10,3231.0,18.0,1.0,3.348347186110947,1.0,2.0,1.0,1.0,3231.0,1000.0
3232.0,0.526532,1.3621420496040008E-10,3232.0,18.0,1.0,3.347311187600393,1.0,2.0,1.0,1.0,3232.0,1000.0
3233.0,0.526624,1.362380054261958E-10,3233.0,18.0,1.0,3.3462758299797306,1.0,2.0,1.0,1.0,3233.0,1000.0
3234.0,0.526714,1.362612884905612E-10,3234.0,18.0,1.0,3.3452411126544432,1.0,2.0,1.0,1.0,3234.0,1000.0
3235.0,0.526814,1.3628715856207828E-10,3235.0,18.0,1.0,3.344207035030748,1.0,2.0,1.0,1.0,3235.0,1000.0
3236.0,0.526904,1.3631044162644366E-10,3236.0,18.0,1.0,3.343173596515596,1.0,2.0,1.0,1.0,3236.0,1000.0
3237.0,0.526997,1.3633450079295456E-10,3237.0,18.0,1.0,3.3421407965166727,1.0,2.0,1.0,1.0,3237.0,1000.0
3238.0,0.527088,1.3635804255803512E-10,3238.0,18.0,1.0,3.3411086344423935,1.0,2.0,1.0,1.0,3238.0,1000.0
3239.0,0.527179,1.3638158432311568E-10,3239.0,18.0,1.0,3.340077109701905,1.0,2.0,1.0,1.0,3239.0,1000.0
3240.0,0.52727,1.3640512608819623E-10,3240.0,18.0,1.0,3.3390462217050834,1.0,2.0,1.0,1.0,3240.0,1000.0
3241.0,0.527365,1.3642970265613748E-10,3241.0,18.0,1.0,3.338015969862533,1.0,2.0,1.0,1.0,3241.0,1000.0
3242.0,0.527456,1.3645324442121804E-10,3242.0,18.0,1.0,3.336986353585586,1.0,2.0,1.0,1.0,3242.0,1000.0
3243.0,0.527547,1.364767861862986E-10,3243.0,18.0,1.0,3.3359573722862996,1.0,2.0,1.0,1.0,3243.0,1000.0
3244.0,0.527637,1.3650006925066398E-10,3244.0,18.0,1.0,3.334929025377457,1.0,2.0,1.0,1.0,3244.0,1000.0
3245.0,0.52773,1.3652412841717488E-10,3245.0,18.0,1.0,3.333901312272564,1.0,2.0,1.0,1.0,3245.0,1000.0
3246.0,0.527821,1.3654767018225544E-10,3246.0,18.0,1.0,3.33287423238585,1.0,2.0,1.0,1.0,3246.0,1000.0
3247.0,0.527914,1.3657172934876634E-10,3247.0,18.0,1.0,3.3318477851322665,1.0,2.0,1.0,1.0,3247.0,1000.0
3248.0,0.52802,1.3659915162457446E-10,3248.0,18.0,1.0,3.3308219699274844,1.0,2.0,1.0,1.0,3248.0,1000.0
3249.0,0.528114,1.3662346949180054E-10,3249.0,18.0,1.0,3.3297967861878948,1.0,2.0,1.0,1.0,3249.0,1000.0
3250.0,0.528205,1.366470112568811E-10,3250.0,18.0,1.0,3.3287722333306062,1.0,2.0,1.0,1.0,3250.0,1000.0
3251.0,0.528298,1.36671070423392E-10,3251.0,18.0,1.0,3.327748310773445,1.0,2.0,1.0,1.0,3251.0,1000.0
3252.0,0.52839,1.3669487088918773E-10,3252.0,18.0,1.0,3.3267250179349537,1.0,2.0,1.0,1.0,3252.0,1000.0
3253.0,0.528482,1.3671867135498346E-10,3253.0,18.0,1.0,3.3257023542343895,1.0,2.0,1.0,1.0,3253.0,1000.0
3254.0,0.528573,1.3674221312006401E-10,3254.0,18.0,1.0,3.324680319091724,1.0,2.0,1.0,1.0,3254.0,1000.0
3255.0,0.528663,1.367654961844294E-10,3255.0,18.0,1.0,3.3236589119276405,1.0,2.0,1.0,1.0,3255.0,1000.0
3256.0,0.528755,1.3678929665022513E-10,3256.0,18.0,1.0,3.3226381321635348,1.0,2.0,1.0,1.0,3256.0,1000.0
3257.0,0.528848,1.3681335581673603E-10,3257.0,18.0,1.0,3.3216179792215135,1.0,2.0,1.0,1.0,3257.0,1000.0
3258.0,0.528939,1.368368975818166E-10,3258.0,18.0,1.0,3.320598452524392,1.0,2.0,1.0,1.0,3258.0,1000.0
3259.0,0.529029,1.3686018064618197E-10,3259.0,18.0,1.0,3.319579551495695,1.0,2.0,1.0,1.0,3259.0,1000.0
3260.0,0.529119,1.3688346371054736E-10,3260.0,18.0,1.0,3.318561275559653,1.0,2.0,1.0,1.0,3260.0,1000.0
3261.0,0.529215,1.3690829897920378E-10,3261.0,18.0,1.0,3.317543624141205,1.0,2.0,1.0,1.0,3261.0,1000.0
3262.0,0.529307,1.369320994449995E-10,3262.0,18.0,1.0,3.316526596665993,1.0,2.0,1.0,1.0,3262.0,1000.0
3263.0,0.529397,1.369553825093649E-10,3263.0,18.0,1.0,3.3155101925603647,1.0,2.0,1.0,1.0,3263.0,1000.0
3264.0,0.52949,1.369794416758758E-10,3264.0,18.0,1.0,3.3144944112513692,1.0,2.0,1.0,1.0,3264.0,1000.0
3265.0,0.529581,1.3700298344095635E-10,3265.0,18.0,1.0,3.3134792521667595,1.0,2.0,1.0,1.0,3265.0,1000.0
3266.0,0.529672,1.370265252060369E-10,3266.0,18.0,1.0,3.3124647147349875,1.0,2.0,1.0,1.0,3266.0,1000.0
3267.0,0.529765,1.370505843725478E-10,3267.0,18.0,1.0,3.3114507983852066,1.0,2.0,1.0,1.0,3267.0,1000.0
3268.0,0.529856,1.3707412613762837E-10,3268.0,18.0,1.0,3.310437502547267,1.0,2.0,1.0,1.0,3268.0,1000.0
3269.0,0.529949,1.3709818530413927E-10,3269.0,18.0,1.0,3.309424826651719,1.0,2.0,1.0,1.0,3269.0,1000.0
3270.0,0.530039,1.3712146836850465E-10,3270.0,18.0,1.0,3.308412770129807,1.0,2.0,1.0,1.0,3270.0,1000.0
3271.0,0.530135,1.3714630363716107E-10,3271.0,18.0,1.0,3.307401332413473,1.0,2.0,1.0,1.0,3271.0,1000.0
3272.0,0.530227,1.371701041029568E-10,3272.0,18.0,1.0,3.3063905129353515,1.0,2.0,1.0,1.0,3272.0,1000.0
3273.0,0.53032,1.371941632694677E-10,3273.0,18.0,1.0,3.3053803111287716,1.0,2.0,1.0,1.0,3273.0,1000.0
3274.0,0.530412,1.3721796373526344E-10,3274.0,18.0,1.0,3.304370726427755,1.0,2.0,1.0,1.0,3274.0,1000.0
3275.0,0.530512,1.3724383380678052E-10,3275.0,18.0,1.0,3.303361758267014,1.0,2.0,1.0,1.0,3275.0,1000.0
3276.0,0.530604,1.3726763427257625E-10,3276.0,18.0,1.0,3.3023534060819504,1.0,2.0,1.0,1.0,3276.0,1000.0
3277.0,0.530698,1.3729195213980233E-10,3277.0,18.0,1.0,3.3013456693086574,1.0,2.0,1.0,1.0,3277.0,1000.0
3278.0,0.530789,1.3731549390488288E-10,3278.0,18.0,1.0,3.3003385473839137,1.0,2.0,1.0,1.0,3278.0,1000.0
3279.0,0.530881,1.373392943706786E-10,3279.0,18.0,1.0,3.2993320397451873,1.0,2.0,1.0,1.0,3279.0,1000.0
3280.0,0.530972,1.3736283613575917E-10,3280.0,18.0,1.0,3.298326145830631,1.0,2.0,1.0,1.0,3280.0,1000.0
3281.0,0.531067,1.3738741270370042E-10,3281.0,18.0,1.0,3.2973208650790826,1.0,2.0,1.0,1.0,3281.0,1000.0
3282.0,0.531159,1.3741121316949615E-10,3282.0,18.0,1.0,3.296316196930064,1.0,2.0,1.0,1.0,3282.0,1000.0
3283.0,0.531251,1.3743501363529188E-10,3283.0,18.0,1.0,3.2953121408237798,1.0,2.0,1.0,1.0,3283.0,1000.0
3284.0,0.531342,1.3745855540037243E-10,3284.0,18.0,1.0,3.294308696201117,1.0,2.0,1.0,1.0,3284.0,1000.0
3285.0,0.531434,1.3748235586616816E-10,3285.0,18.0,1.0,3.2933058625036438,1.0,2.0,1.0,1.0,3285.0,1000.0
3286.0,0.531525,1.3750589763124872E-10,3286.0,18.0,1.0,3.292303639173606,1.0,2.0,1.0,1.0,3286.0,1000.0
3287.0,0.531618,1.3752995679775962E-10,3287.0,18.0,1.0,3.2913020256539305,1.0,2.0,1.0,1.0,3287.0,1000.0
3288.0,0.531709,1.3755349856284018E-10,3288.0,18.0,1.0,3.290301021388221,1.0,2.0,1.0,1.0,3288.0,1000.0
3289.0,0.531802,1.3757755772935108E-10,3289.0,18.0,1.0,3.289300625820757,1.0,2.0,1.0,1.0,3289.0,1000.0
3290.0,0.531893,1.3760109949443164E-10,3290.0,18.0,1.0,3.2883008383964953,1.0,2.0,1.0,1.0,3290.0,1000.0
3291.0,0.531987,1.3762541736165771E-10,3291.0,18.0,1.0,3.2873016585610664,1.0,2.0,1.0,1.0,3291.0,1000.0
3292.0,0.532077,1.376487004260231E-10,3292.0,18.0,1.0,3.2863030857607747,1.0,2.0,1.0,1.0,3292.0,1000.0
3293.0,0.53217,1.37672759592534E-10,3293.0,18.0,1.0,3.2853051194425964,1.0,2.0,1.0,1.0,3293.0,1000.0
3294.0,0.532262,1.3769656005832973E-10,3294.0,18.0,1.0,3.28430775905418,1.0,2.0,1.0,1.0,3294.0,1000.0
3295.0,0.532351,1.3771958442197994E-10,3295.0,18.0,1.0,3.283311004043845,1.0,2.0,1.0,1.0,3295.0,1000.0
3296.0,0.532444,1.3774364358849085E-10,3296.0,18.0,1.0,3.2823148538605795,1.0,2.0,1.0,1.0,3296.0,1000.0
3297.0,0.532537,1.3776770275500175E-10,3297.0,18.0,1.0,3.28131930795404,1.0,2.0,1.0,1.0,3297.0,1000.0
3298.0,0.532627,1.3779098581936713E-10,3298.0,18.0,1.0,3.2803243657745513,1.0,2.0,1.0,1.0,3298.0,1000.0
3299.0,0.532717,1.3781426888373252E-10,3299.0,18.0,1.0,3.279330026773104,1.0,2.0,1.0,1.0,3299.0,1000.0
3300.0,0.532811,1.378385867509586E-10,3300.0,18.0,1.0,3.2783362904013544,1.0,2.0,1.0,1.0,3300.0,1000.0
3301.0,0.532907,1.37863422019615E-10,3301.0,18.0,1.0,3.2773431561116237,1.0,2.0,1.0,1.0,3301.0,1000.0
3302.0,0.532998,1.3788696378469557E-10,3302.0,18.0,1.0,3.2763506233568958,1.0,2.0,1.0,1.0,3302.0,1000.0
3303.0,0.533088,1.3791024684906095E-10,3303.0,18.0,1.0,3.2753586915908173,1.0,2.0,1.0,1.0,3303.0,1000.0
3304.0,0.533178,1.3793352991342634E-10,3304.0,18.0,1.0,3.274367360267697,1.0,2.0,1.0,1.0,3304.0,1000.0
3305.0,0.533269,1.379570716785069E-10,3305.0,18.0,1.0,3.2733766288425024,1.0,2.0,1.0,1.0,3305.0,1000.0
3306.0,0.533359,1.3798035474287228E-10,3306.0,18.0,1.0,3.272386496770862,1.0,2.0,1.0,1.0,3306.0,1000.0
3307.0,0.533449,1.3800363780723766E-10,3307.0,18.0,1.0,3.2713969635090625,1.0,2.0,1.0,1.0,3307.0,1000.0
3308.0,0.533541,1.380274382730334E-10,3308.0,18.0,1.0,3.2704080285140478,1.0,2.0,1.0,1.0,3308.0,1000.0
3309.0,0.533632,1.3805098003811395E-10,3309.0,18.0,1.0,3.2694196912434177,1.0,2.0,1.0,1.0,3309.0,1000.0
3310.0,0.533725,1.3807503920462485E-10,3310.0,18.0,1.0,3.2684319511554287,1.0,2.0,1.0,1.0,3310.0,1000.0
3311.0,0.533821,1.3809987447328127E-10,3311.0,18.0,1.0,3.267444807708991,1.0,2.0,1.0,1.0,3311.0,1000.0
3312.0,0.533912,1.3812341623836183E-10,3312.0,18.0,1.0,3.2664582603636685,1.0,2.0,1.0,1.0,3312.0,1000.0
3313.0,0.534004,1.3814721670415756E-10,3313.0,18.0,1.0,3.265472308579677,1.0,2.0,1.0,1.0,3313.0,1000.0
3314.0,0.534095,1.3817075846923812E-10,3314.0,18.0,1.0,3.2644869518178847,1.0,2.0,1.0,1.0,3314.0,1000.0
3315.0,0.534191,1.3819559373789454E-10,3315.0,18.0,1.0,3.26350218953981,1.0,2.0,1.0,1.0,3315.0,1000.0
3316.0,0.534282,1.382191355029751E-10,3316.0,18.0,1.0,3.2625180212076206,1.0,2.0,1.0,1.0,3316.0,1000.0
3317.0,0.534374,1.3824293596877082E-10,3317.0,18.0,1.0,3.2615344462841334,1.0,2.0,1.0,1.0,3317.0,1000.0
3318.0,0.534466,1.3826673643456655E-10,3318.0,18.0,1.0,3.2605514642328117,1.0,2.0,1.0,1.0,3318.0,1000.0
3319.0,0.534558,1.3829053690036228E-10,3319.0,18.0,1.0,3.2595690745177675,1.0,2.0,1.0,1.0,3319.0,1000.0
3320.0,0.534649,1.3831407866544284E-10,3320.0,18.0,1.0,3.258587276603756,1.0,2.0,1.0,1.0,3320.0,1000.0
3321.0,0.534743,1.3833839653266892E-10,3321.0,18.0,1.0,3.2576060699561786,1.0,2.0,1.0,1.0,3321.0,1000.0
3322.0,0.534835,1.3836219699846465E-10,3322.0,18.0,1.0,3.2566254540410804,1.0,2.0,1.0,1.0,3322.0,1000.0
3323.0,0.534926,1.383857387635452E-10,3323.0,18.0,1.0,3.255645428325149,1.0,2.0,1.0,1.0,3323.0,1000.0
3324.0,0.535019,1.384097979300561E-10,3324.0,18.0,1.0,3.254665992275713,1.0,2.0,1.0,1.0,3324.0,1000.0
3325.0,0.535111,1.3843359839585183E-10,3325.0,18.0,1.0,3.2536871453607428,1.0,2.0,1.0,1.0,3325.0,1000.0
3326.0,0.535204,1.3845765756236274E-10,3326.0,18.0,1.0,3.2527088870488483,1.0,2.0,1.0,1.0,3326.0,1000.0
3327.0,0.535295,1.384811993274433E-10,3327.0,18.0,1.0,3.2517312168092785,1.0,2.0,1.0,1.0,3327.0,1000.0
3328.0,0.535387,1.3850499979323902E-10,3328.0,18.0,1.0,3.25075413411192,1.0,2.0,1.0,1.0,3328.0,1000.0
3329.0,0.535479,1.3852880025903475E-10,3329.0,18.0,1.0,3.2497776384272963,1.0,2.0,1.0,1.0,3329.0,1000.0
3330.0,0.535571,1.3855260072483048E-10,3330.0,18.0,1.0,3.2488017292265674,1.0,2.0,1.0,1.0,3330.0,1000.0
3331.0,0.535665,1.3857691859205656E-10,3331.0,18.0,1.0,3.247826405981528,1.0,2.0,1.0,1.0,3331.0,1000.0
3332.0,0.535758,1.3860097775856746E-10,3332.0,18.0,1.0,3.2468516681646067,1.0,2.0,1.0,1.0,3332.0,1000.0
3333.0,0.535851,1.3862503692507836E-10,3333.0,18.0,1.0,3.245877515248866,1.0,2.0,1.0,1.0,3333.0,1000.0
3334.0,0.535944,1.3864909609158927E-10,3334.0,18.0,1.0,3.2449039467079994,1.0,2.0,1.0,1.0,3334.0,1000.0
3335.0,0.536035,1.3867263785666982E-10,3335.0,18.0,1.0,3.2439309620163326,1.0,2.0,1.0,1.0,3335.0,1000.0
3336.0,0.536127,1.3869643832246555E-10,3336.0,18.0,1.0,3.242958560648822,1.0,2.0,1.0,1.0,3336.0,1000.0
3337.0,0.536219,1.3872023878826128E-10,3337.0,18.0,1.0,3.2419867420810515,1.0,2.0,1.0,1.0,3337.0,1000.0
3338.0,0.536313,1.3874455665548736E-10,3338.0,18.0,1.0,3.241015505789236,1.0,2.0,1.0,1.0,3338.0,1000.0
3339.0,0.536404,1.3876809842056791E-10,3339.0,18.0,1.0,3.2400448512502154,1.0,2.0,1.0,1.0,3339.0,1000.0
3340.0,0.536494,1.387913814849333E-10,3340.0,18.0,1.0,3.239074777941458,1.0,2.0,1.0,1.0,3340.0,1000.0
3341.0,0.536591,1.388164754543049E-10,3341.0,18.0,1.0,3.2381052853410566,1.0,2.0,1.0,1.0,3341.0,1000.0
3342.0,0.536684,1.388405346208158E-10,3342.0,18.0,1.0,3.2371363729277287,1.0,2.0,1.0,1.0,3342.0,1000.0
3343.0,0.536774,1.3886381768518118E-10,3343.0,18.0,1.0,3.2361680401808166,1.0,2.0,1.0,1.0,3343.0,1000.0
3344.0,0.536864,1.3888710074954656E-10,3344.0,18.0,1.0,3.235200286580284,1.0,2.0,1.0,1.0,3344.0,1000.0
3345.0,0.536955,1.3891064251462712E-10,3345.0,18.0,1.0,3.2342331116067173,1.0,2.0,1.0,1.0,3345.0,1000.0
3346.0,0.537046,1.3893418427970768E-10,3346.0,18.0,1.0,3.2332665147413238,1.0,2.0,1.0,1.0,3346.0,1000.0
3347.0,0.537137,1.3895772604478823E-10,3347.0,18.0,1.0,3.2323004954659305,1.0,2.0,1.0,1.0,3347.0,1000.0
3348.0,0.537229,1.3898152651058396E-10,3348.0,18.0,1.0,3.231335053262984,1.0,2.0,1.0,1.0,3348.0,1000.0
3349.0,0.53732,1.3900506827566452E-10,3349.0,18.0,1.0,3.2303701876155477,1.0,2.0,1.0,1.0,3349.0,1000.0
3350.0,0.537411,1.3902861004074508E-10,3350.0,18.0,1.0,3.2294058980073044,1.0,2.0,1.0,1.0,3350.0,1000.0
3351.0,0.537508,1.3905370401011667E-10,3351.0,18.0,1.0,3.2284421839225512,1.0,2.0,1.0,1.0,3351.0,1000.0
3352.0,0.537609,1.3907983278234893E-10,3352.0,18.0,1.0,3.227479044846202,1.0,2.0,1.0,1.0,3352.0,1000.0
3353.0,0.5377,1.3910337454742949E-10,3353.0,18.0,1.0,3.2265164802637845,1.0,2.0,1.0,1.0,3353.0,1000.0
3354.0,0.537796,1.391282098160859E-10,3354.0,18.0,1.0,3.22555448966144,1.0,2.0,1.0,1.0,3354.0,1000.0
3355.0,0.537887,1.3915175158116646E-10,3355.0,18.0,1.0,3.224593072525922,1.0,2.0,1.0,1.0,3355.0,1000.0
3356.0,0.537975,1.391745172441015E-10,3356.0,18.0,1.0,3.2236322283445977,1.0,2.0,1.0,1.0,3356.0,1000.0
3357.0,0.538066,1.3919805900918206E-10,3357.0,18.0,1.0,3.2226719566054425,1.0,2.0,1.0,1.0,3357.0,1000.0
3358.0,0.538158,1.392218594749778E-10,3358.0,18.0,1.0,3.221712256797043,1.0,2.0,1.0,1.0,3358.0,1000.0
3359.0,0.538247,1.39244883838628E-10,3359.0,18.0,1.0,3.2207531284085946,1.0,2.0,1.0,1.0,3359.0,1000.0
3360.0,0.538338,1.3926842560370856E-10,3360.0,18.0,1.0,3.219794570929902,1.0,2.0,1.0,1.0,3360.0,1000.0
3361.0,0.538432,1.3929274347093463E-10,3361.0,18.0,1.0,3.2188365838513744,1.0,2.0,1.0,1.0,3361.0,1000.0
3362.0,0.538521,1.3931576783458484E-10,3362.0,18.0,1.0,3.21787916666403,1.0,2.0,1.0,1.0,3362.0,1000.0
3363.0,0.538613,1.3933956830038057E-10,3363.0,18.0,1.0,3.2169223188594915,1.0,2.0,1.0,1.0,3363.0,1000.0
3364.0,0.538706,1.3936362746689148E-10,3364.0,18.0,1.0,3.215966039929985,1.0,2.0,1.0,1.0,3364.0,1000.0
3365.0,0.538796,1.3938691053125686E-10,3365.0,18.0,1.0,3.215010329368342,1.0,2.0,1.0,1.0,3365.0,1000.0
3366.0,0.538887,1.3941045229633742E-10,3366.0,18.0,1.0,3.2140551866679945,1.0,2.0,1.0,1.0,3366.0,1000.0
3367.0,0.538979,1.3943425276213315E-10,3367.0,18.0,1.0,3.2131006113229788,1.0,2.0,1.0,1.0,3367.0,1000.0
3368.0,0.539071,1.3945805322792888E-10,3368.0,18.0,1.0,3.2121466028279304,1.0,2.0,1.0,1.0,3368.0,1000.0
3369.0,0.539162,1.3948159499300943E-10,3369.0,18.0,1.0,3.2111931606780852,1.0,2.0,1.0,1.0,3369.0,1000.0
3370.0,0.539253,1.3950513675809E-10,3370.0,18.0,1.0,3.210240284369279,1.0,2.0,1.0,1.0,3370.0,1000.0
3371.0,0.539347,1.3952945462531607E-10,3371.0,18.0,1.0,3.2092879733979442,1.0,2.0,1.0,1.0,3371.0,1000.0
3372.0,0.539439,1.395532550911118E-10,3372.0,18.0,1.0,3.208336227261112,1.0,2.0,1.0,1.0,3372.0,1000.0
3373.0,0.539529,1.3957653815547718E-10,3373.0,18.0,1.0,3.2073850454564097,1.0,2.0,1.0,1.0,3373.0,1000.0
3374.0,0.539621,1.396003386212729E-10,3374.0,18.0,1.0,3.2064344274820598,1.0,2.0,1.0,1.0,3374.0,1000.0
3375.0,0.539716,1.3962491518921416E-10,3375.0,18.0,1.0,3.20548437283688,1.0,2.0,1.0,1.0,3375.0,1000.0
3376.0,0.539806,1.3964819825357954E-10,3376.0,18.0,1.0,3.2045348810202814,1.0,2.0,1.0,1.0,3376.0,1000.0
3377.0,0.539898,1.3967199871937527E-10,3377.0,18.0,1.0,3.203585951532268,1.0,2.0,1.0,1.0,3377.0,1000.0
3378.0,0.53999,1.39695799185171E-10,3378.0,18.0,1.0,3.202637583873437,1.0,2.0,1.0,1.0,3378.0,1000.0
3379.0,0.54008,1.3971908224953639E-10,3379.0,18.0,1.0,3.2016897775449746,1.0,2.0,1.0,1.0,3379.0,1000.0
3380.0,0.540172,1.3974288271533212E-10,3380.0,18.0,1.0,3.2007425320486598,1.0,2.0,1.0,1.0,3380.0,1000.0
3381.0,0.540267,1.3976745928327336E-10,3381.0,18.0,1.0,3.199795846886859,1.0,2.0,1.0,1.0,3381.0,1000.0
3382.0,0.540359,1.397912597490691E-10,3382.0,18.0,1.0,3.198849721562528,1.0,2.0,1.0,1.0,3382.0,1000.0
3383.0,0.540449,1.3981454281343448E-10,3383.0,18.0,1.0,3.1979041555792107,1.0,2.0,1.0,1.0,3383.0,1000.0
3384.0,0.54054,1.3983808457851503E-10,3384.0,18.0,1.0,3.1969591484410373,1.0,2.0,1.0,1.0,3384.0,1000.0
3385.0,0.540632,1.3986188504431076E-10,3385.0,18.0,1.0,3.1960146996527237,1.0,2.0,1.0,1.0,3385.0,1000.0
3386.0,0.540723,1.3988542680939132E-10,3386.0,18.0,1.0,3.1950708087195716,1.0,2.0,1.0,1.0,3386.0,1000.0
3387.0,0.540815,1.3990922727518705E-10,3387.0,18.0,1.0,3.1941274751474666,1.0,2.0,1.0,1.0,3387.0,1000.0
3388.0,0.540907,1.3993302774098278E-10,3388.0,18.0,1.0,3.193184698442878,1.0,2.0,1.0,1.0,3388.0,1000.0
3389.0,0.540999,1.399568282067785E-10,3389.0,18.0,1.0,3.192242478112856,1.0,2.0,1.0,1.0,3389.0,1000.0
3390.0,0.541091,1.3998062867257424E-10,3390.0,18.0,1.0,3.1913008136650354,1.0,2.0,1.0,1.0,3390.0,1000.0
3391.0,0.541185,1.4000494653980032E-10,3391.0,18.0,1.0,3.190359704607629,1.0,2.0,1.0,1.0,3391.0,1000.0
3392.0,0.541275,1.400282296041657E-10,3392.0,18.0,1.0,3.1894191504494307,1.0,2.0,1.0,1.0,3392.0,1000.0
3393.0,0.541367,1.4005203006996143E-10,3393.0,18.0,1.0,3.188479150699814,1.0,2.0,1.0,1.0,3393.0,1000.0
3394.0,0.541468,1.400781588421937E-10,3394.0,18.0,1.0,3.18753970486873,1.0,2.0,1.0,1.0,3394.0,1000.0
3395.0,0.541559,1.4010170060727424E-10,3395.0,18.0,1.0,3.1866008124667067,1.0,2.0,1.0,1.0,3395.0,1000.0
3396.0,0.54165,1.401252423723548E-10,3396.0,18.0,1.0,3.1856624730048497,1.0,2.0,1.0,1.0,3396.0,1000.0
3397.0,0.541741,1.4014878413743536E-10,3397.0,18.0,1.0,3.1847246859948393,1.0,2.0,1.0,1.0,3397.0,1000.0
3398.0,0.541834,1.4017284330394626E-10,3398.0,18.0,1.0,3.1837874509489317,1.0,2.0,1.0,1.0,3398.0,1000.0
3399.0,0.541925,1.4019638506902682E-10,3399.0,18.0,1.0,3.1828507673799558,1.0,2.0,1.0,1.0,3399.0,1000.0
3400.0,0.542018,1.4022044423553772E-10,3400.0,18.0,1.0,3.1819146348013145,1.0,2.0,1.0,1.0,3400.0,1000.0
3401.0,0.542113,1.4024502080347897E-10,3401.0,18.0,1.0,3.180979052726983,1.0,2.0,1.0,1.0,3401.0,1000.0
3402.0,0.542206,1.4026907996998987E-10,3402.0,18.0,1.0,3.1800440206715077,1.0,2.0,1.0,1.0,3402.0,1000.0
3403.0,0.542297,1.4029262173507043E-10,3403.0,18.0,1.0,3.179109538150006,1.0,2.0,1.0,1.0,3403.0,1000.0
3404.0,0.542389,1.4031642220086616E-10,3404.0,18.0,1.0,3.178175604678164,1.0,2.0,1.0,1.0,3404.0,1000.0
3405.0,0.542479,1.4033970526523154E-10,3405.0,18.0,1.0,3.177242219772238,1.0,2.0,1.0,1.0,3405.0,1000.0
3406.0,0.542574,1.403642818331728E-10,3406.0,18.0,1.0,3.1763093829490514,1.0,2.0,1.0,1.0,3406.0,1000.0
3407.0,0.542666,1.4038808229896852E-10,3407.0,18.0,1.0,3.1753770937259964,1.0,2.0,1.0,1.0,3407.0,1000.0
3408.0,0.542757,1.4041162406404908E-10,3408.0,18.0,1.0,3.17444535162103,1.0,2.0,1.0,1.0,3408.0,1000.0
3409.0,0.542848,1.4043516582912963E-10,3409.0,18.0,1.0,3.173514156152675,1.0,2.0,1.0,1.0,3409.0,1000.0
3410.0,0.542939,1.404587075942102E-10,3410.0,18.0,1.0,3.1725835068400206,1.0,2.0,1.0,1.0,3410.0,1000.0
3411.0,0.543033,1.4048302546143627E-10,3411.0,18.0,1.0,3.1716534032027175,1.0,2.0,1.0,1.0,3411.0,1000.0
3412.0,0.543125,1.40506825927232E-10,3412.0,18.0,1.0,3.170723844760982,1.0,2.0,1.0,1.0,3412.0,1000.0
3413.0,0.543217,1.4053062639302772E-10,3413.0,18.0,1.0,3.16979483103559,1.0,2.0,1.0,1.0,3413.0,1000.0
3414.0,0.54331,1.4055468555953863E-10,3414.0,18.0,1.0,3.1688663615478823,1.0,2.0,1.0,1.0,3414.0,1000.0
3415.0,0.543402,1.4057848602533436E-10,3415.0,18.0,1.0,3.1679384358197566,1.0,2.0,1.0,1.0,3415.0,1000.0
3416.0,0.543494,1.4060228649113009E-10,3416.0,18.0,1.0,3.167011053373674,1.0,2.0,1.0,1.0,3416.0,1000.0
3417.0,0.543588,1.4062660435835616E-10,3417.0,18.0,1.0,3.1660842137326513,1.0,2.0,1.0,1.0,3417.0,1000.0
3418.0,0.543681,1.4065066352486706E-10,3418.0,18.0,1.0,3.165157916420266,1.0,2.0,1.0,1.0,3418.0,1000.0
3419.0,0.543772,1.4067420528994762E-10,3419.0,18.0,1.0,3.164232160960652,1.0,2.0,1.0,1.0,3419.0,1000.0
3420.0,0.543863,1.4069774705502818E-10,3420.0,18.0,1.0,3.1633069468785,1.0,2.0,1.0,1.0,3420.0,1000.0
3421.0,0.543958,1.4072232362296943E-10,3421.0,18.0,1.0,3.162382273699056,1.0,2.0,1.0,1.0,3421.0,1000.0
3422.0,0.54405,1.4074612408876516E-10,3422.0,18.0,1.0,3.161458140948121,1.0,2.0,1.0,1.0,3422.0,1000.0
3423.0,0.544141,1.407696658538457E-10,3423.0,18.0,1.0,3.1605345481520506,1.0,2.0,1.0,1.0,3423.0,1000.0
3424.0,0.544233,1.4079346631964144E-10,3424.0,18.0,1.0,3.159611494837754,1.0,2.0,1.0,1.0,3424.0,1000.0
3425.0,0.544323,1.4081674938400683E-10,3425.0,18.0,1.0,3.158688980532692,1.0,2.0,1.0,1.0,3425.0,1000.0
3426.0,0.544415,1.4084054984980256E-10,3426.0,18.0,1.0,3.157767004764877,1.0,2.0,1.0,1.0,3426.0,1000.0
3427.0,0.544506,1.4086409161488311E-10,3427.0,18.0,1.0,3.156845567062874,1.0,2.0,1.0,1.0,3427.0,1000.0
3428.0,0.544598,1.4088789208067884E-10,3428.0,18.0,1.0,3.155924666955796,1.0,2.0,1.0,1.0,3428.0,1000.0
3429.0,0.544688,1.4091117514504423E-10,3429.0,18.0,1.0,3.155004303973307,1.0,2.0,1.0,1.0,3429.0,1000.0
3430.0,0.544781,1.4093523431155513E-10,3430.0,18.0,1.0,3.154084477645618,1.0,2.0,1.0,1.0,3430.0,1000.0
3431.0,0.544877,1.4096006958021155E-10,3431.0,18.0,1.0,3.1531651875034887,1.0,2.0,1.0,1.0,3431.0,1000.0
3432.0,0.544966,1.4098309394386176E-10,3432.0,18.0,1.0,3.1522464330782256,1.0,2.0,1.0,1.0,3432.0,1000.0
3433.0,0.545057,1.4100663570894232E-10,3433.0,18.0,1.0,3.1513282139016807,1.0,2.0,1.0,1.0,3433.0,1000.0
3434.0,0.545154,1.410317296783139E-10,3434.0,18.0,1.0,3.150410529506252,1.0,2.0,1.0,1.0,3434.0,1000.0
3435.0,0.545244,1.410550127426793E-10,3435.0,18.0,1.0,3.149493379424882,1.0,2.0,1.0,1.0,3435.0,1000.0
3436.0,0.545335,1.4107855450775985E-10,3436.0,18.0,1.0,3.1485767631910564,1.0,2.0,1.0,1.0,3436.0,1000.0
3437.0,0.545427,1.4110235497355558E-10,3437.0,18.0,1.0,3.147660680338804,1.0,2.0,1.0,1.0,3437.0,1000.0
3438.0,0.54552,1.4112641414006649E-10,3438.0,18.0,1.0,3.1467451304026963,1.0,2.0,1.0,1.0,3438.0,1000.0
3439.0,0.545611,1.4114995590514704E-10,3439.0,18.0,1.0,3.1458301129178454,1.0,2.0,1.0,1.0,3439.0,1000.0
3440.0,0.545704,1.4117401507165795E-10,3440.0,18.0,1.0,3.144915627419904,1.0,2.0,1.0,1.0,3440.0,1000.0
3441.0,0.545799,1.411985916395992E-10,3441.0,18.0,1.0,3.1440016734450653,1.0,2.0,1.0,1.0,3441.0,1000.0
3442.0,0.545891,1.4122239210539492E-10,3442.0,18.0,1.0,3.143088250530061,1.0,2.0,1.0,1.0,3442.0,1000.0
3443.0,0.545981,1.412456751697603E-10,3443.0,18.0,1.0,3.1421753582121608,1.0,2.0,1.0,1.0,3443.0,1000.0
3444.0,0.546075,1.4126999303698638E-10,3444.0,18.0,1.0,3.1412629960291722,1.0,2.0,1.0,1.0,3444.0,1000.0
3445.0,0.546167,1.412937935027821E-10,3445.0,18.0,1.0,3.1403511635194397,1.0,2.0,1.0,1.0,3445.0,1000.0
3446.0,0.546261,1.4131811137000819E-10,3446.0,18.0,1.0,3.1394398602218425,1.0,2.0,1.0,1.0,3446.0,1000.0
3447.0,0.546353,1.4134191183580392E-10,3447.0,18.0,1.0,3.1385290856757964,1.0,2.0,1.0,1.0,3447.0,1000.0
3448.0,0.546443,1.413651949001693E-10,3448.0,18.0,1.0,3.13761883942125,1.0,2.0,1.0,1.0,3448.0,1000.0
3449.0,0.546535,1.4138899536596503E-10,3449.0,18.0,1.0,3.1367091209986864,1.0,2.0,1.0,1.0,3449.0,1000.0
3450.0,0.546627,1.4141279583176076E-10,3450.0,18.0,1.0,3.1357999299491217,1.0,2.0,1.0,1.0,3450.0,1000.0
3451.0,0.546724,1.4143788980113235E-10,3451.0,18.0,1.0,3.1348912658141033,1.0,2.0,1.0,1.0,3451.0,1000.0
3452.0,0.546816,1.4146169026692808E-10,3452.0,18.0,1.0,3.13398312813571,1.0,2.0,1.0,1.0,3452.0,1000.0
3453.0,0.546909,1.4148574943343899E-10,3453.0,18.0,1.0,3.1330755164565507,1.0,2.0,1.0,1.0,3453.0,1000.0
3454.0,0.547,1.4150929119851954E-10,3454.0,18.0,1.0,3.132168430319765,1.0,2.0,1.0,1.0,3454.0,1000.0
3455.0,0.547094,1.4153360906574562E-10,3455.0,18.0,1.0,3.1312618692690215,1.0,2.0,1.0,1.0,3455.0,1000.0
3456.0,0.547185,1.4155715083082617E-10,3456.0,18.0,1.0,3.1303558328485157,1.0,2.0,1.0,1.0,3456.0,1000.0
3457.0,0.547275,1.4158043389519156E-10,3457.0,18.0,1.0,3.1294503206029707,1.0,2.0,1.0,1.0,3457.0,1000.0
3458.0,0.547367,1.416042343609873E-10,3458.0,18.0,1.0,3.1285453320776373,1.0,2.0,1.0,1.0,3458.0,1000.0
3459.0,0.54746,1.416282935274982E-10,3459.0,18.0,1.0,3.1276408668182913,1.0,2.0,1.0,1.0,3459.0,1000.0
3460.0,0.547552,1.4165209399329392E-10,3460.0,18.0,1.0,3.126736924371234,1.0,2.0,1.0,1.0,3460.0,1000.0
3461.0,0.547646,1.4167641186052E-10,3461.0,18.0,1.0,3.1258335042832908,1.0,2.0,1.0,1.0,3461.0,1000.0
3462.0,0.547738,1.4170021232631573E-10,3462.0,18.0,1.0,3.124930606101811,1.0,2.0,1.0,1.0,3462.0,1000.0
3463.0,0.547831,1.4172427149282663E-10,3463.0,18.0,1.0,3.1240282293746664,1.0,2.0,1.0,1.0,3463.0,1000.0
3464.0,0.547921,1.41747554557192E-10,3464.0,18.0,1.0,3.1231263736502513,1.0,2.0,1.0,1.0,3464.0,1000.0
3465.0,0.548012,1.4177109632227257E-10,3465.0,18.0,1.0,3.1222250384774806,1.0,2.0,1.0,1.0,3465.0,1000.0
3466.0,0.548103,1.4179463808735313E-10,3466.0,18.0,1.0,3.1213242234057903,1.0,2.0,1.0,1.0,3466.0,1000.0
3467.0,0.548194,1.4181817985243368E-10,3467.0,18.0,1.0,3.120423927985137,1.0,2.0,1.0,1.0,3467.0,1000.0
3468.0,0.548285,1.4184172161751424E-10,3468.0,18.0,1.0,3.1195241517659946,1.0,2.0,1.0,1.0,3468.0,1000.0
3469.0,0.548376,1.418652633825948E-10,3469.0,18.0,1.0,3.118624894299357,1.0,2.0,1.0,1.0,3469.0,1000.0
3470.0,0.548468,1.4188906384839053E-10,3470.0,18.0,1.0,3.117726155136735,1.0,2.0,1.0,1.0,3470.0,1000.0
3471.0,0.548564,1.4191389911704695E-10,3471.0,18.0,1.0,3.1168279338301557,1.0,2.0,1.0,1.0,3471.0,1000.0
3472.0,0.548655,1.419374408821275E-10,3472.0,18.0,1.0,3.1159302299321627,1.0,2.0,1.0,1.0,3472.0,1000.0
3473.0,0.54875,1.4196201745006875E-10,3473.0,18.0,1.0,3.115033042995816,1.0,2.0,1.0,1.0,3473.0,1000.0
3474.0,0.548851,1.41988146222301E-10,3474.0,18.0,1.0,3.114136372574689,1.0,2.0,1.0,1.0,3474.0,1000.0
3475.0,0.548945,1.4201246408952709E-10,3475.0,18.0,1.0,3.113240218222869,1.0,2.0,1.0,1.0,3475.0,1000.0
3476.0,0.549036,1.4203600585460764E-10,3476.0,18.0,1.0,3.1123445794949567,1.0,2.0,1.0,1.0,3476.0,1000.0
3477.0,0.549127,1.420595476196882E-10,3477.0,18.0,1.0,3.1114494559460653,1.0,2.0,1.0,1.0,3477.0,1000.0
3478.0,0.549217,1.4208283068405358E-10,3478.0,18.0,1.0,3.11055484713182,1.0,2.0,1.0,1.0,3478.0,1000.0
3479.0,0.549312,1.4210740725199483E-10,3479.0,18.0,1.0,3.109660752608356,1.0,2.0,1.0,1.0,3479.0,1000.0
3480.0,0.549402,1.4213069031636022E-10,3480.0,18.0,1.0,3.108767171932319,1.0,2.0,1.0,1.0,3480.0,1000.0
3481.0,0.549496,1.421550081835863E-10,3481.0,18.0,1.0,3.1078741046608647,1.0,2.0,1.0,1.0,3481.0,1000.0
3482.0,0.549588,1.4217880864938202E-10,3482.0,18.0,1.0,3.106981550351657,1.0,2.0,1.0,1.0,3482.0,1000.0
3483.0,0.549679,1.4220235041446258E-10,3483.0,18.0,1.0,3.106089508562868,1.0,2.0,1.0,1.0,3483.0,1000.0
3484.0,0.549774,1.4222692698240383E-10,3484.0,18.0,1.0,3.105197978853177,1.0,2.0,1.0,1.0,3484.0,1000.0
3485.0,0.549867,1.4225098614891473E-10,3485.0,18.0,1.0,3.1043069607817704,1.0,2.0,1.0,1.0,3485.0,1000.0
3486.0,0.549957,1.422742692132801E-10,3486.0,18.0,1.0,3.103416453908339,1.0,2.0,1.0,1.0,3486.0,1000.0
3487.0,0.550053,1.4229910448193653E-10,3487.0,18.0,1.0,3.10252645779308,1.0,2.0,1.0,1.0,3487.0,1000.0
3488.0,0.550147,1.423234223491626E-10,3488.0,18.0,1.0,3.1016369719966943,1.0,2.0,1.0,1.0,3488.0,1000.0
3489.0,0.550238,1.4234696411424317E-10,3489.0,18.0,1.0,3.1007479960803868,1.0,2.0,1.0,1.0,3489.0,1000.0
3490.0,0.550329,1.4237050587932372E-10,3490.0,18.0,1.0,3.0998595296058653,1.0,2.0,1.0,1.0,3490.0,1000.0
3491.0,0.550425,1.4239534114798014E-10,3491.0,18.0,1.0,3.0989715721353392,1.0,2.0,1.0,1.0,3491.0,1000.0
3492.0,0.550517,1.4241914161377587E-10,3492.0,18.0,1.0,3.0980841232315206,1.0,2.0,1.0,1.0,3492.0,1000.0
3493.0,0.550608,1.4244268337885643E-10,3493.0,18.0,1.0,3.097197182457621,1.0,2.0,1.0,1.0,3493.0,1000.0
3494.0,0.550699,1.4246622514393699E-10,3494.0,18.0,1.0,3.0963107493773525,1.0,2.0,1.0,1.0,3494.0,1000.0
3495.0,0.550794,1.4249080171187823E-10,3495.0,18.0,1.0,3.095424823554927,1.0,2.0,1.0,1.0,3495.0,1000.0
3496.0,0.550884,1.4251408477624362E-10,3496.0,18.0,1.0,3.094539404555054,1.0,2.0,1.0,1.0,3496.0,1000.0
3497.0,0.550976,1.4253788524203935E-10,3497.0,18.0,1.0,3.0936544919429423,1.0,2.0,1.0,1.0,3497.0,1000.0
3498.0,0.551068,1.4256168570783508E-10,3498.0,18.0,1.0,3.0927700852842968,1.0,2.0,1.0,1.0,3498.0,1000.0
3499.0,0.55116,1.425854861736308E-10,3499.0,18.0,1.0,3.0918861841453187,1.0,2.0,1.0,1.0,3499.0,1000.0
3500.0,0.551254,1.4260980404085688E-10,3500.0,18.0,1.0,3.091002788092706,1.0,2.0,1.0,1.0,3500.0,1000.0
3501.0,0.551347,1.4263386320736779E-10,3501.0,18.0,1.0,3.0901198966936505,1.0,2.0,1.0,1.0,3501.0,1000.0
3502.0,0.55144,1.426579223738787E-10,3502.0,18.0,1.0,3.0892375095158395,1.0,2.0,1.0,1.0,3502.0,1000.0
3503.0,0.551533,1.426819815403896E-10,3503.0,18.0,1.0,3.0883556261274534,1.0,2.0,1.0,1.0,3503.0,1000.0
3504.0,0.551623,1.4270526460475497E-10,3504.0,18.0,1.0,3.087474246097166,1.0,2.0,1.0,1.0,3504.0,1000.0
3505.0,0.551714,1.4272880636983553E-10,3505.0,18.0,1.0,3.0865933689941425,1.0,2.0,1.0,1.0,3505.0,1000.0
3506.0,0.551804,1.4275208943420092E-10,3506.0,18.0,1.0,3.0857129943880404,1.0,2.0,1.0,1.0,3506.0,1000.0
3507.0,0.551898,1.42776407301427E-10,3507.0,18.0,1.0,3.0848331218490075,1.0,2.0,1.0,1.0,3507.0,1000.0
3508.0,0.551989,1.4279994906650755E-10,3508.0,18.0,1.0,3.0839537509476824,1.0,2.0,1.0,1.0,3508.0,1000.0
3509.0,0.55208,1.428234908315881E-10,3509.0,18.0,1.0,3.0830748812551922,1.0,2.0,1.0,1.0,3509.0,1000.0
3510.0,0.552172,1.4284729129738383E-10,3510.0,18.0,1.0,3.082196512343154,1.0,2.0,1.0,1.0,3510.0,1000.0
3511.0,0.552269,1.4287238526675543E-10,3511.0,18.0,1.0,3.0813186437836713,1.0,2.0,1.0,1.0,3511.0,1000.0
3512.0,0.552359,1.428956683311208E-10,3512.0,18.0,1.0,3.0804412751493366,1.0,2.0,1.0,1.0,3512.0,1000.0
3513.0,0.552456,1.429207623004924E-10,3513.0,18.0,1.0,3.079564406013228,1.0,2.0,1.0,1.0,3513.0,1000.0
3514.0,0.552547,1.4294430406557296E-10,3514.0,18.0,1.0,3.07868803594891,1.0,2.0,1.0,1.0,3514.0,1000.0
3515.0,0.552641,1.4296862193279904E-10,3515.0,18.0,1.0,3.077812164530432,1.0,2.0,1.0,1.0,3515.0,1000.0
3516.0,0.552732,1.429921636978796E-10,3516.0,18.0,1.0,3.0769367913323293,1.0,2.0,1.0,1.0,3516.0,1000.0
3517.0,0.552823,1.4301570546296015E-10,3517.0,18.0,1.0,3.076061915929619,1.0,2.0,1.0,1.0,3517.0,1000.0
3518.0,0.552914,1.430392472280407E-10,3518.0,18.0,1.0,3.0751875378978024,1.0,2.0,1.0,1.0,3518.0,1000.0
3519.0,0.55301,1.4306408249669713E-10,3519.0,18.0,1.0,3.074313656812864,1.0,2.0,1.0,1.0,3519.0,1000.0
3520.0,0.553101,1.4308762426177769E-10,3520.0,18.0,1.0,3.0734402722512697,1.0,2.0,1.0,1.0,3520.0,1000.0
3521.0,0.553199,1.4311297693186445E-10,3521.0,18.0,1.0,3.072567383789966,1.0,2.0,1.0,1.0,3521.0,1000.0
3522.0,0.553291,1.4313677739766018E-10,3522.0,18.0,1.0,3.07169499100638,1.0,2.0,1.0,1.0,3522.0,1000.0
3523.0,0.553383,1.431605778634559E-10,3523.0,18.0,1.0,3.070823093478419,1.0,2.0,1.0,1.0,3523.0,1000.0
3524.0,0.553474,1.4318411962853647E-10,3524.0,18.0,1.0,3.0699516907844693,1.0,2.0,1.0,1.0,3524.0,1000.0
3525.0,0.553566,1.432079200943322E-10,3525.0,18.0,1.0,3.0690807825033954,1.0,2.0,1.0,1.0,3525.0,1000.0
3526.0,0.553659,1.432319792608431E-10,3526.0,18.0,1.0,3.0682103682145403,1.0,2.0,1.0,1.0,3526.0,1000.0
3527.0,0.553753,1.4325629712806918E-10,3527.0,18.0,1.0,3.067340447497723,1.0,2.0,1.0,1.0,3527.0,1000.0
3528.0,0.553846,1.4328035629458008E-10,3528.0,18.0,1.0,3.06647101993324,1.0,2.0,1.0,1.0,3528.0,1000.0
3529.0,0.553937,1.4330389805966063E-10,3529.0,18.0,1.0,3.0656020851018617,1.0,2.0,1.0,1.0,3529.0,1000.0
3530.0,0.554028,1.433274398247412E-10,3530.0,18.0,1.0,3.0647336425848355,1.0,2.0,1.0,1.0,3530.0,1000.0
3531.0,0.554122,1.4335175769196727E-10,3531.0,18.0,1.0,3.0638656919638825,1.0,2.0,1.0,1.0,3531.0,1000.0
3532.0,0.554213,1.4337529945704782E-10,3532.0,18.0,1.0,3.0629982328211973,1.0,2.0,1.0,1.0,3532.0,1000.0
3533.0,0.554304,1.4339884122212838E-10,3533.0,18.0,1.0,3.062131264739448,1.0,2.0,1.0,1.0,3533.0,1000.0
3534.0,0.554395,1.4342238298720894E-10,3534.0,18.0,1.0,3.061264787301774,1.0,2.0,1.0,1.0,3534.0,1000.0
3535.0,0.554488,1.4344644215371984E-10,3535.0,18.0,1.0,3.0603988000917877,1.0,2.0,1.0,1.0,3535.0,1000.0
3536.0,0.554579,1.434699839188004E-10,3536.0,18.0,1.0,3.0595333026935716,1.0,2.0,1.0,1.0,3536.0,1000.0
3537.0,0.55467,1.4349352568388095E-10,3537.0,18.0,1.0,3.0586682946916794,1.0,2.0,1.0,1.0,3537.0,1000.0
3538.0,0.554762,1.4351732614967668E-10,3538.0,18.0,1.0,3.0578037756711334,1.0,2.0,1.0,1.0,3538.0,1000.0
3539.0,0.554854,1.4354112661547241E-10,3539.0,18.0,1.0,3.056939745217426,1.0,2.0,1.0,1.0,3539.0,1000.0
3540.0,0.554945,1.4356466838055297E-10,3540.0,18.0,1.0,3.056076202916517,1.0,2.0,1.0,1.0,3540.0,1000.0
3541.0,0.555041,1.435895036492094E-10,3541.0,18.0,1.0,3.055213148354835,1.0,2.0,1.0,1.0,3541.0,1000.0
3542.0,0.555133,1.4361330411500512E-10,3542.0,18.0,1.0,3.0543505811192744,1.0,2.0,1.0,1.0,3542.0,1000.0
3543.0,0.555226,1.4363736328151602E-10,3543.0,18.0,1.0,3.0534885007971972,1.0,2.0,1.0,1.0,3543.0,1000.0
3544.0,0.555318,1.4366116374731175E-10,3544.0,18.0,1.0,3.0526269069764305,1.0,2.0,1.0,1.0,3544.0,1000.0
3545.0,0.555412,1.4368548161453783E-10,3545.0,18.0,1.0,3.0517657992452665,1.0,2.0,1.0,1.0,3545.0,1000.0
3546.0,0.555503,1.4370902337961839E-10,3546.0,18.0,1.0,3.050905177192462,1.0,2.0,1.0,1.0,3546.0,1000.0
3547.0,0.555595,1.4373282384541411E-10,3547.0,18.0,1.0,3.050045040407237,1.0,2.0,1.0,1.0,3547.0,1000.0
3548.0,0.555688,1.4375688301192502E-10,3548.0,18.0,1.0,3.0491853884792754,1.0,2.0,1.0,1.0,3548.0,1000.0
3549.0,0.555781,1.4378094217843592E-10,3549.0,18.0,1.0,3.0483262209987236,1.0,2.0,1.0,1.0,3549.0,1000.0
3550.0,0.555872,1.4380448394351648E-10,3550.0,18.0,1.0,3.0474675375561886,1.0,2.0,1.0,1.0,3550.0,1000.0
3551.0,0.55597,1.4382983661360324E-10,3551.0,18.0,1.0,3.04660933774274,1.0,2.0,1.0,1.0,3551.0,1000.0
3552.0,0.556061,1.438533783786838E-10,3552.0,18.0,1.0,3.045751621149907,1.0,2.0,1.0,1.0,3552.0,1000.0
3553.0,0.556161,1.4387924845020088E-10,3553.0,18.0,1.0,3.044894387369679,1.0,2.0,1.0,1.0,3553.0,1000.0
3554.0,0.556251,1.4390253151456627E-10,3554.0,18.0,1.0,3.0440376359945045,1.0,2.0,1.0,1.0,3554.0,1000.0
3555.0,0.556345,1.4392684938179234E-10,3555.0,18.0,1.0,3.043181366617291,1.0,2.0,1.0,1.0,3555.0,1000.0
3556.0,0.556436,1.439503911468729E-10,3556.0,18.0,1.0,3.042325578831403,1.0,2.0,1.0,1.0,3556.0,1000.0
3557.0,0.556528,1.4397419161266863E-10,3557.0,18.0,1.0,3.0414702722306632,1.0,2.0,1.0,1.0,3557.0,1000.0
3558.0,0.556619,1.439977333777492E-10,3558.0,18.0,1.0,3.0406154464093507,1.0,2.0,1.0,1.0,3558.0,1000.0
3559.0,0.556714,1.4402230994569044E-10,3559.0,18.0,1.0,3.0397611009622,1.0,2.0,1.0,1.0,3559.0,1000.0
3560.0,0.556807,1.4404636911220134E-10,3560.0,18.0,1.0,3.038907235484402,1.0,2.0,1.0,1.0,3560.0,1000.0
3561.0,0.556902,1.4407094568014259E-10,3561.0,18.0,1.0,3.0380538495716007,1.0,2.0,1.0,1.0,3561.0,1000.0
3562.0,0.556996,1.4409526354736866E-10,3562.0,18.0,1.0,3.037200942819896,1.0,2.0,1.0,1.0,3562.0,1000.0
3563.0,0.557089,1.4411932271387956E-10,3563.0,18.0,1.0,3.0363485148258405,1.0,2.0,1.0,1.0,3563.0,1000.0
3564.0,0.55718,1.4414286447896012E-10,3564.0,18.0,1.0,3.035496565186439,1.0,2.0,1.0,1.0,3564.0,1000.0
3565.0,0.557271,1.4416640624404068E-10,3565.0,18.0,1.0,3.03464509349915,1.0,2.0,1.0,1.0,3565.0,1000.0
3566.0,0.557364,1.4419046541055158E-10,3566.0,18.0,1.0,3.0337940993618817,1.0,2.0,1.0,1.0,3566.0,1000.0
3567.0,0.557458,1.4421478327777765E-10,3567.0,18.0,1.0,3.032943582372994,1.0,2.0,1.0,1.0,3567.0,1000.0
3568.0,0.557552,1.4423910114500373E-10,3568.0,18.0,1.0,3.0320935421312973,1.0,2.0,1.0,1.0,3568.0,1000.0
3569.0,0.557645,1.4426316031151463E-10,3569.0,18.0,1.0,3.031243978236052,1.0,2.0,1.0,1.0,3569.0,1000.0
3570.0,0.557735,1.4428644337588002E-10,3570.0,18.0,1.0,3.030394890286966,1.0,2.0,1.0,1.0,3570.0,1000.0
3571.0,0.55783,1.4431101994382126E-10,3571.0,18.0,1.0,3.0295462778841977,1.0,2.0,1.0,1.0,3571.0,1000.0
3572.0,0.557924,1.4433533781104734E-10,3572.0,18.0,1.0,3.028698140628351,1.0,2.0,1.0,1.0,3572.0,1000.0
3573.0,0.558016,1.4435913827684307E-10,3573.0,18.0,1.0,3.0278504781204787,1.0,2.0,1.0,1.0,3573.0,1000.0
3574.0,0.558108,1.443829387426388E-10,3574.0,18.0,1.0,3.027003289962079,1.0,2.0,1.0,1.0,3574.0,1000.0
3575.0,0.558201,1.444069979091497E-10,3575.0,18.0,1.0,3.0261565757550963,1.0,2.0,1.0,1.0,3575.0,1000.0
3576.0,0.558293,1.4443079837494543E-10,3576.0,18.0,1.0,3.025310335101921,1.0,2.0,1.0,1.0,3576.0,1000.0
3577.0,0.558385,1.4445459884074116E-10,3577.0,18.0,1.0,3.024464567605387,1.0,2.0,1.0,1.0,3577.0,1000.0
3578.0,0.558478,1.4447865800725206E-10,3578.0,18.0,1.0,3.023619272868773,1.0,2.0,1.0,1.0,3578.0,1000.0
3579.0,0.558571,1.4450271717376297E-10,3579.0,18.0,1.0,3.0227744504958003,1.0,2.0,1.0,1.0,3579.0,1000.0
3580.0,0.558663,1.445265176395587E-10,3580.0,18.0,1.0,3.021930100090634,1.0,2.0,1.0,1.0,3580.0,1000.0
3581.0,0.558758,1.4455109420749994E-10,3581.0,18.0,1.0,3.0210862212578804,1.0,2.0,1.0,1.0,3581.0,1000.0
3582.0,0.558851,1.4457515337401084E-10,3582.0,18.0,1.0,3.020242813602588,1.0,2.0,1.0,1.0,3582.0,1000.0
3583.0,0.558945,1.4459947124123692E-10,3583.0,18.0,1.0,3.0193998767302457,1.0,2.0,1.0,1.0,3583.0,1000.0
3584.0,0.559038,1.4462353040774782E-10,3584.0,18.0,1.0,3.0185574102467827,1.0,2.0,1.0,1.0,3584.0,1000.0
3585.0,0.55913,1.4464733087354355E-10,3585.0,18.0,1.0,3.017715413758569,1.0,2.0,1.0,1.0,3585.0,1000.0
3586.0,0.559222,1.4467113133933928E-10,3586.0,18.0,1.0,3.016873886872412,1.0,2.0,1.0,1.0,3586.0,1000.0
3587.0,0.559315,1.4469519050585018E-10,3587.0,18.0,1.0,3.016032829195559,1.0,2.0,1.0,1.0,3587.0,1000.0
3588.0,0.559406,1.4471873227093074E-10,3588.0,18.0,1.0,3.015192240335694,1.0,2.0,1.0,1.0,3588.0,1000.0
3589.0,0.5595,1.4474305013815682E-10,3589.0,18.0,1.0,3.014352119900939,1.0,2.0,1.0,1.0,3589.0,1000.0
3590.0,0.559591,1.4476659190323737E-10,3590.0,18.0,1.0,3.013512467499852,1.0,2.0,1.0,1.0,3590.0,1000.0
3591.0,0.559687,1.447914271718938E-10,3591.0,18.0,1.0,3.0126732827414284,1.0,2.0,1.0,1.0,3591.0,1000.0
3592.0,0.559784,1.4481652114126539E-10,3592.0,18.0,1.0,3.0118345652350973,1.0,2.0,1.0,1.0,3592.0,1000.0
3593.0,0.559881,1.4484161511063698E-10,3593.0,18.0,1.0,3.0109963145907237,1.0,2.0,1.0,1.0,3593.0,1000.0
3594.0,0.559975,1.4486593297786305E-10,3594.0,18.0,1.0,3.010158530418606,1.0,2.0,1.0,1.0,3594.0,1000.0
3595.0,0.560066,1.448894747429436E-10,3595.0,18.0,1.0,3.009321212329477,1.0,2.0,1.0,1.0,3595.0,1000.0
3596.0,0.560156,1.44912757807309E-10,3596.0,18.0,1.0,3.008484359934502,1.0,2.0,1.0,1.0,3596.0,1000.0
3597.0,0.560247,1.4493629957238955E-10,3597.0,18.0,1.0,3.0076479728452794,1.0,2.0,1.0,1.0,3597.0,1000.0
3598.0,0.560338,1.449598413374701E-10,3598.0,18.0,1.0,3.006812050673838,1.0,2.0,1.0,1.0,3598.0,1000.0
3599.0,0.560431,1.44983900503981E-10,3599.0,18.0,1.0,3.0059765930326394,1.0,2.0,1.0,1.0,3599.0,1000.0
3600.0,0.560525,1.450082183712071E-10,3600.0,18.0,1.0,3.005141599534575,1.0,2.0,1.0,1.0,3600.0,1000.0
3601.0,0.560619,1.4503253623843316E-10,3601.0,18.0,1.0,3.004307069792966,1.0,2.0,1.0,1.0,3601.0,1000.0
3602.0,0.56071,1.4505607800351372E-10,3602.0,18.0,1.0,3.003473003421563,1.0,2.0,1.0,1.0,3602.0,1000.0
3603.0,0.560801,1.4507961976859428E-10,3603.0,18.0,1.0,3.002639400034546,1.0,2.0,1.0,1.0,3603.0,1000.0
3604.0,0.560892,1.4510316153367483E-10,3604.0,18.0,1.0,3.001806259246523,1.0,2.0,1.0,1.0,3604.0,1000.0
3605.0,0.560984,1.4512696199947056E-10,3605.0,18.0,1.0,3.0009735806725297,1.0,2.0,1.0,1.0,3605.0,1000.0
3606.0,0.561077,1.4515102116598147E-10,3606.0,18.0,1.0,3.0001413639280283,1.0,2.0,1.0,1.0,3606.0,1000.0
3607.0,0.561169,1.451748216317772E-10,3607.0,18.0,1.0,2.9993096086289075,1.0,2.0,1.0,1.0,3607.0,1000.0
3608.0,0.561262,1.451988807982881E-10,3608.0,18.0,1.0,2.9984783143914826,1.0,2.0,1.0,1.0,3608.0,1000.0
3609.0,0.561353,1.4522242256336866E-10,3609.0,18.0,1.0,2.9976474808324935,1.0,2.0,1.0,1.0,3609.0,1000.0
3610.0,0.561444,1.452459643284492E-10,3610.0,18.0,1.0,2.9968171075691052,1.0,2.0,1.0,1.0,3610.0,1000.0
3611.0,0.56154,1.4527079959710563E-10,3611.0,18.0,1.0,2.9959871942189062,1.0,2.0,1.0,1.0,3611.0,1000.0
3612.0,0.561631,1.452943413621862E-10,3612.0,18.0,1.0,2.9951577403999083,1.0,2.0,1.0,1.0,3612.0,1000.0
3613.0,0.561722,1.4531788312726675E-10,3613.0,18.0,1.0,2.994328745730548,1.0,2.0,1.0,1.0,3613.0,1000.0
3614.0,0.561816,1.4534220099449282E-10,3614.0,18.0,1.0,2.9935002098296817,1.0,2.0,1.0,1.0,3614.0,1000.0
3615.0,0.561907,1.4536574275957338E-10,3615.0,18.0,1.0,2.992672132316589,1.0,2.0,1.0,1.0,3615.0,1000.0
3616.0,0.562001,1.4539006062679945E-10,3616.0,18.0,1.0,2.9918445128109705,1.0,2.0,1.0,1.0,3616.0,1000.0
3617.0,0.562092,1.4541360239188E-10,3617.0,18.0,1.0,2.991017350932947,1.0,2.0,1.0,1.0,3617.0,1000.0
3618.0,0.562185,1.4543766155839091E-10,3618.0,18.0,1.0,2.9901906463030596,1.0,2.0,1.0,1.0,3618.0,1000.0
3619.0,0.562277,1.4546146202418664E-10,3619.0,18.0,1.0,2.9893643985422687,1.0,2.0,1.0,1.0,3619.0,1000.0
3620.0,0.562371,1.4548577989141272E-10,3620.0,18.0,1.0,2.988538607271953,1.0,2.0,1.0,1.0,3620.0,1000.0
3621.0,0.562466,1.4551035645935397E-10,3621.0,18.0,1.0,2.9877132721139104,1.0,2.0,1.0,1.0,3621.0,1000.0
3622.0,0.562558,1.455341569251497E-10,3622.0,18.0,1.0,2.986888392690356,1.0,2.0,1.0,1.0,3622.0,1000.0
3623.0,0.56265,1.4555795739094543E-10,3623.0,18.0,1.0,2.986063968623922,1.0,2.0,1.0,1.0,3623.0,1000.0
3624.0,0.562743,1.4558201655745633E-10,3624.0,18.0,1.0,2.985239999537657,1.0,2.0,1.0,1.0,3624.0,1000.0
3625.0,0.562836,1.4560607572396723E-10,3625.0,18.0,1.0,2.9844164850550263,1.0,2.0,1.0,1.0,3625.0,1000.0
3626.0,0.562927,1.456296174890478E-10,3626.0,18.0,1.0,2.983593424799909,1.0,2.0,1.0,1.0,3626.0,1000.0
3627.0,0.563019,1.4565341795484352E-10,3627.0,18.0,1.0,2.9827708183966,1.0,2.0,1.0,1.0,3627.0,1000.0
3628.0,0.563112,1.4567747712135442E-10,3628.0,18.0,1.0,2.9819486654698095,1.0,2.0,1.0,1.0,3628.0,1000.0
3629.0,0.563205,1.4570153628786532E-10,3629.0,18.0,1.0,2.9811269656446595,1.0,2.0,1.0,1.0,3629.0,1000.0
3630.0,0.563299,1.457258541550914E-10,3630.0,18.0,1.0,2.9803057185466857,1.0,2.0,1.0,1.0,3630.0,1000.0
3631.0,0.563394,1.4575043072303264E-10,3631.0,18.0,1.0,2.979484923801837,1.0,2.0,1.0,1.0,3631.0,1000.0
3632.0,0.563489,1.457750072909739E-10,3632.0,18.0,1.0,2.978664581036473,1.0,2.0,1.0,1.0,3632.0,1000.0
3633.0,0.563587,1.4580035996106066E-10,3633.0,18.0,1.0,2.9778446898773656,1.0,2.0,1.0,1.0,3633.0,1000.0
3634.0,0.563679,1.458241604268564E-10,3634.0,18.0,1.0,2.977025249951698,1.0,2.0,1.0,1.0,3634.0,1000.0
3635.0,0.563772,1.458482195933673E-10,3635.0,18.0,1.0,2.9762062608870616,1.0,2.0,1.0,1.0,3635.0,1000.0
3636.0,0.563863,1.4587176135844785E-10,3636.0,18.0,1.0,2.9753877223114604,1.0,2.0,1.0,1.0,3636.0,1000.0
3637.0,0.563956,1.4589582052495875E-10,3637.0,18.0,1.0,2.9745696338533048,1.0,2.0,1.0,1.0,3637.0,1000.0
3638.0,0.564048,1.4591962099075448E-10,3638.0,18.0,1.0,2.9737519951414155,1.0,2.0,1.0,1.0,3638.0,1000.0
3639.0,0.56414,1.459434214565502E-10,3639.0,18.0,1.0,2.9729348058050205,1.0,2.0,1.0,1.0,3639.0,1000.0
3640.0,0.564235,1.4596799802449146E-10,3640.0,18.0,1.0,2.9721180654737553,1.0,2.0,1.0,1.0,3640.0,1000.0
3641.0,0.564329,1.4599231589171753E-10,3641.0,18.0,1.0,2.971301773777663,1.0,2.0,1.0,1.0,3641.0,1000.0
3642.0,0.564422,1.4601637505822843E-10,3642.0,18.0,1.0,2.970485930347191,1.0,2.0,1.0,1.0,3642.0,1000.0
3643.0,0.564513,1.46039916823309E-10,3643.0,18.0,1.0,2.969670534813195,1.0,2.0,1.0,1.0,3643.0,1000.0
3644.0,0.564614,1.4606604559554125E-10,3644.0,18.0,1.0,2.9688555868069346,1.0,2.0,1.0,1.0,3644.0,1000.0
3645.0,0.564708,1.4609036346276732E-10,3645.0,18.0,1.0,2.968041085960074,1.0,2.0,1.0,1.0,3645.0,1000.0
3646.0,0.564801,1.4611442262927823E-10,3646.0,18.0,1.0,2.967227031904682,1.0,2.0,1.0,1.0,3646.0,1000.0
3647.0,0.564893,1.4613822309507396E-10,3647.0,18.0,1.0,2.96641342427323,1.0,2.0,1.0,1.0,3647.0,1000.0
3648.0,0.564987,1.4616254096230003E-10,3648.0,18.0,1.0,2.965600262698594,1.0,2.0,1.0,1.0,3648.0,1000.0
3649.0,0.565081,1.461868588295261E-10,3649.0,18.0,1.0,2.9647875468140503,1.0,2.0,1.0,1.0,3649.0,1000.0
3650.0,0.565173,1.4621065929532184E-10,3650.0,18.0,1.0,2.9639752762532794,1.0,2.0,1.0,1.0,3650.0,1000.0
3651.0,0.565273,1.4623652936683892E-10,3651.0,18.0,1.0,2.9631634506503612,1.0,2.0,1.0,1.0,3651.0,1000.0
3652.0,0.565364,1.4626007113191948E-10,3652.0,18.0,1.0,2.962352069639778,1.0,2.0,1.0,1.0,3652.0,1000.0
3653.0,0.565458,1.4628438899914555E-10,3653.0,18.0,1.0,2.961541132856411,1.0,2.0,1.0,1.0,3653.0,1000.0
3654.0,0.565548,1.4630767206351094E-10,3654.0,18.0,1.0,2.9607306399355418,1.0,2.0,1.0,1.0,3654.0,1000.0
3655.0,0.565641,1.4633173123002184E-10,3655.0,18.0,1.0,2.959920590512851,1.0,2.0,1.0,1.0,3655.0,1000.0
3656.0,0.565736,1.463563077979631E-10,3656.0,18.0,1.0,2.9591109842244174,1.0,2.0,1.0,1.0,3656.0,1000.0
3657.0,0.565829,1.46380366964474E-10,3657.0,18.0,1.0,2.9583018207067187,1.0,2.0,1.0,1.0,3657.0,1000.0
3658.0,0.565922,1.464044261309849E-10,3658.0,18.0,1.0,2.957493099596629,1.0,2.0,1.0,1.0,3658.0,1000.0
3659.0,0.566015,1.464284852974958E-10,3659.0,18.0,1.0,2.956684820531421,1.0,2.0,1.0,1.0,3659.0,1000.0
3660.0,0.566109,1.4645280316472187E-10,3660.0,18.0,1.0,2.9558769831487623,1.0,2.0,1.0,1.0,3660.0,1000.0
3661.0,0.566207,1.4647815583480864E-10,3661.0,18.0,1.0,2.9550695870867165,1.0,2.0,1.0,1.0,3661.0,1000.0
3662.0,0.566299,1.4650195630060437E-10,3662.0,18.0,1.0,2.954262631983744,1.0,2.0,1.0,1.0,3662.0,1000.0
3663.0,0.56639,1.4652549806568492E-10,3663.0,18.0,1.0,2.9534561174786975,1.0,2.0,1.0,1.0,3663.0,1000.0
3664.0,0.566785,1.4662768484817745E-10,3664.0,18.0,1.0,2.9526500432108267,1.0,2.0,1.0,1.0,3664.0,1000.0
3665.0,0.567121,1.467146082884749E-10,3665.0,18.0,1.0,2.9518444088197735,1.0,2.0,1.0,1.0,3665.0,1000.0
3666.0,0.567401,1.4678704448872278E-10,3666.0,18.0,1.0,2.9510392139455726,1.0,2.0,1.0,1.0,3666.0,1000.0
3667.0,0.567656,1.4685301317109137E-10,3667.0,18.0,1.0,2.950234458228653,1.0,2.0,1.0,1.0,3667.0,1000.0
3668.0,0.567907,1.469179470505993E-10,3668.0,18.0,1.0,2.9494301413098336,1.0,2.0,1.0,1.0,3668.0,1000.0
3669.0,0.568145,1.4697951782080997E-10,3669.0,18.0,1.0,2.948626262830327,1.0,2.0,1.0,1.0,3669.0,1000.0
3670.0,0.568387,1.4704212339388134E-10,3670.0,18.0,1.0,2.9478228224317355,1.0,2.0,1.0,1.0,3670.0,1000.0
3671.0,0.56864,1.4710757467481958E-10,3671.0,18.0,1.0,2.947019819756053,1.0,2.0,1.0,1.0,3671.0,1000.0
3672.0,0.568766,1.4714017096493113E-10,3672.0,18.0,1.0,2.9462172544456617,1.0,2.0,1.0,1.0,3672.0,1000.0
3673.0,0.568879,1.4716940414574546E-10,3673.0,18.0,1.0,2.945415126143335,1.0,2.0,1.0,1.0,3673.0,1000.0
3674.0,0.568988,1.471976025236991E-10,3674.0,18.0,1.0,2.9446134344922346,1.0,2.0,1.0,1.0,3674.0,1000.0
3675.0,0.569099,1.4722631830308309E-10,3675.0,18.0,1.0,2.94381217913591,1.0,2.0,1.0,1.0,3675.0,1000.0
3676.0,0.56921,1.4725503408246707E-10,3676.0,18.0,1.0,2.9430113597183,1.0,2.0,1.0,1.0,3676.0,1000.0
3677.0,0.56931,1.4728090415398416E-10,3677.0,18.0,1.0,2.9422109758837287,1.0,2.0,1.0,1.0,3677.0,1000.0
3678.0,0.569401,1.473044459190647E-10,3678.0,18.0,1.0,2.9414110272769087,1.0,2.0,1.0,1.0,3678.0,1000.0
3679.0,0.569493,1.4732824638486044E-10,3679.0,18.0,1.0,2.940611513542938,1.0,2.0,1.0,1.0,3679.0,1000.0
3680.0,0.569588,1.473528229528017E-10,3680.0,18.0,1.0,2.9398124343273015,1.0,2.0,1.0,1.0,3680.0,1000.0
3681.0,0.569685,1.4737791692217328E-10,3681.0,18.0,1.0,2.939013789275868,1.0,2.0,1.0,1.0,3681.0,1000.0
3682.0,0.569777,1.47401717387969E-10,3682.0,18.0,1.0,2.938215578034891,1.0,2.0,1.0,1.0,3682.0,1000.0
3683.0,0.56987,1.4742577655447991E-10,3683.0,18.0,1.0,2.93741780025101,1.0,2.0,1.0,1.0,3683.0,1000.0
3684.0,0.569963,1.4744983572099082E-10,3684.0,18.0,1.0,2.9366204555712456,1.0,2.0,1.0,1.0,3684.0,1000.0
3685.0,0.570054,1.4747337748607137E-10,3685.0,18.0,1.0,2.935823543643004,1.0,2.0,1.0,1.0,3685.0,1000.0
3686.0,0.570145,1.4749691925115193E-10,3686.0,18.0,1.0,2.935027064114072,1.0,2.0,1.0,1.0,3686.0,1000.0
3687.0,0.570237,1.4752071971694766E-10,3687.0,18.0,1.0,2.9342310166326198,1.0,2.0,1.0,1.0,3687.0,1000.0
3688.0,0.57033,1.4754477888345856E-10,3688.0,18.0,1.0,2.933435400847199,1.0,2.0,1.0,1.0,3688.0,1000.0
3689.0,0.570436,1.4757220115926668E-10,3689.0,18.0,1.0,2.9326402164067416,1.0,2.0,1.0,1.0,3689.0,1000.0
3690.0,0.570548,1.4760117563936584E-10,3690.0,18.0,1.0,2.931845462960561,1.0,2.0,1.0,1.0,3690.0,1000.0
3691.0,0.570662,1.4763066752089534E-10,3691.0,18.0,1.0,2.93105114015835,1.0,2.0,1.0,1.0,3691.0,1000.0
3692.0,0.570774,1.476596420009945E-10,3692.0,18.0,1.0,2.9302572476501814,1.0,2.0,1.0,1.0,3692.0,1000.0
3693.0,0.570868,1.4768395986822058E-10,3693.0,18.0,1.0,2.9294637850865066,1.0,2.0,1.0,1.0,3693.0,1000.0
3694.0,0.570959,1.4770750163330113E-10,3694.0,18.0,1.0,2.9286707521181565,1.0,2.0,1.0,1.0,3694.0,1000.0
3695.0,0.57105,1.477310433983817E-10,3695.0,18.0,1.0,2.927878148396338,1.0,2.0,1.0,1.0,3695.0,1000.0
3696.0,0.571144,1.4775536126560777E-10,3696.0,18.0,1.0,2.927085973572638,1.0,2.0,1.0,1.0,3696.0,1000.0
3697.0,0.571236,1.477791617314035E-10,3697.0,18.0,1.0,2.9262942272990182,1.0,2.0,1.0,1.0,3697.0,1000.0
3698.0,0.571327,1.4780270349648405E-10,3698.0,18.0,1.0,2.9255029092278177,1.0,2.0,1.0,1.0,3698.0,1000.0
3699.0,0.571418,1.478262452615646E-10,3699.0,18.0,1.0,2.9247120190117517,1.0,2.0,1.0,1.0,3699.0,1000.0
3700.0,0.57151,1.4785004572736034E-10,3700.0,18.0,1.0,2.923921556303911,1.0,2.0,1.0,1.0,3700.0,1000.0
3701.0,0.571605,1.4787462229530159E-10,3701.0,18.0,1.0,2.92313152075776,1.0,2.0,1.0,1.0,3701.0,1000.0
3702.0,0.571698,1.478986814618125E-10,3702.0,18.0,1.0,2.9223419120271394,1.0,2.0,1.0,1.0,3702.0,1000.0
3703.0,0.571789,1.4792222322689305E-10,3703.0,18.0,1.0,2.9215527297662622,1.0,2.0,1.0,1.0,3703.0,1000.0
3704.0,0.571883,1.4794654109411912E-10,3704.0,18.0,1.0,2.9207639736297164,1.0,2.0,1.0,1.0,3704.0,1000.0
3705.0,0.571996,1.4797577427493345E-10,3705.0,18.0,1.0,2.9199756432724615,1.0,2.0,1.0,1.0,3705.0,1000.0
3706.0,0.572109,1.4800500745574778E-10,3706.0,18.0,1.0,2.9191877383498297,1.0,2.0,1.0,1.0,3706.0,1000.0
3707.0,0.572217,1.4803294713298625E-10,3707.0,18.0,1.0,2.918400258517526,1.0,2.0,1.0,1.0,3707.0,1000.0
3708.0,0.572327,1.4806140421165506E-10,3708.0,18.0,1.0,2.917613203431626,1.0,2.0,1.0,1.0,3708.0,1000.0
3709.0,0.572418,1.4808494597673562E-10,3709.0,18.0,1.0,2.9168265727485765,1.0,2.0,1.0,1.0,3709.0,1000.0
3710.0,0.572511,1.4810900514324652E-10,3710.0,18.0,1.0,2.916040366125194,1.0,2.0,1.0,1.0,3710.0,1000.0
3711.0,0.572606,1.4813358171118777E-10,3711.0,18.0,1.0,2.915254583218666,1.0,2.0,1.0,1.0,3711.0,1000.0
3712.0,0.57271,1.4816048658556554E-10,3712.0,18.0,1.0,2.914469223686549,1.0,2.0,1.0,1.0,3712.0,1000.0
3713.0,0.5728,1.4818376964993093E-10,3713.0,18.0,1.0,2.913684287186768,1.0,2.0,1.0,1.0,3713.0,1000.0
3714.0,0.572892,1.4820757011572666E-10,3714.0,18.0,1.0,2.912899773377617,1.0,2.0,1.0,1.0,3714.0,1000.0
3715.0,0.572985,1.4823162928223756E-10,3715.0,18.0,1.0,2.912115681917758,1.0,2.0,1.0,1.0,3715.0,1000.0
3716.0,0.573076,1.4825517104731812E-10,3716.0,18.0,1.0,2.911332012466219,1.0,2.0,1.0,1.0,3716.0,1000.0
3717.0,0.573168,1.4827897151311385E-10,3717.0,18.0,1.0,2.910548764682397,1.0,2.0,1.0,1.0,3717.0,1000.0
3718.0,0.573259,1.483025132781944E-10,3718.0,18.0,1.0,2.9097659382260543,1.0,2.0,1.0,1.0,3718.0,1000.0
3719.0,0.573351,1.4832631374399013E-10,3719.0,18.0,1.0,2.9089835327573192,1.0,2.0,1.0,1.0,3719.0,1000.0
3720.0,0.573447,1.4835114901264655E-10,3720.0,18.0,1.0,2.9082015479366854,1.0,2.0,1.0,1.0,3720.0,1000.0
3721.0,0.573562,1.483808995948912E-10,3721.0,18.0,1.0,2.907419983425012,1.0,2.0,1.0,1.0,3721.0,1000.0
3722.0,0.573678,1.4841090887785102E-10,3722.0,18.0,1.0,2.9066388388835223,1.0,2.0,1.0,1.0,3722.0,1000.0
3723.0,0.57379,1.4843988335795018E-10,3723.0,18.0,1.0,2.905858113973803,1.0,2.0,1.0,1.0,3723.0,1000.0
3724.0,0.573897,1.4846756433447347E-10,3724.0,18.0,1.0,2.905077808357806,1.0,2.0,1.0,1.0,3724.0,1000.0
3725.0,0.573987,1.4849084739883886E-10,3725.0,18.0,1.0,2.9042979216978444,1.0,2.0,1.0,1.0,3725.0,1000.0
3726.0,0.574081,1.4851516526606493E-10,3726.0,18.0,1.0,2.903518453656594,1.0,2.0,1.0,1.0,3726.0,1000.0
3727.0,0.574174,1.4853922443257584E-10,3727.0,18.0,1.0,2.902739403897094,1.0,2.0,1.0,1.0,3727.0,1000.0
3728.0,0.574269,1.4856380100051708E-10,3728.0,18.0,1.0,2.901960772082744,1.0,2.0,1.0,1.0,3728.0,1000.0
3729.0,0.57436,1.4858734276559764E-10,3729.0,18.0,1.0,2.9011825578773047,1.0,2.0,1.0,1.0,3729.0,1000.0
3730.0,0.574452,1.4861114323139337E-10,3730.0,18.0,1.0,2.900404760944898,1.0,2.0,1.0,1.0,3730.0,1000.0
3731.0,0.574547,1.4863571979933462E-10,3731.0,18.0,1.0,2.899627380950005,1.0,2.0,1.0,1.0,3731.0,1000.0
3732.0,0.574639,1.4865952026513035E-10,3732.0,18.0,1.0,2.8988504175574676,1.0,2.0,1.0,1.0,3732.0,1000.0
3733.0,0.574732,1.4868357943164125E-10,3733.0,18.0,1.0,2.8980738704324858,1.0,2.0,1.0,1.0,3733.0,1000.0
3734.0,0.574823,1.487071211967218E-10,3734.0,18.0,1.0,2.8972977392406185,1.0,2.0,1.0,1.0,3734.0,1000.0
3735.0,0.574919,1.4873195646537823E-10,3735.0,18.0,1.0,2.896522023647783,1.0,2.0,1.0,1.0,3735.0,1000.0
3736.0,0.575019,1.487578265368953E-10,3736.0,18.0,1.0,2.8957467233202543,1.0,2.0,1.0,1.0,3736.0,1000.0
3737.0,0.575129,1.4878628361556412E-10,3737.0,18.0,1.0,2.8949718379246643,1.0,2.0,1.0,1.0,3737.0,1000.0
3738.0,0.575247,1.488168102999543E-10,3738.0,18.0,1.0,2.8941973671280015,1.0,2.0,1.0,1.0,3738.0,1000.0
3739.0,0.575362,1.4884656088219894E-10,3739.0,18.0,1.0,2.8934233105976115,1.0,2.0,1.0,1.0,3739.0,1000.0
3740.0,0.575463,1.488726896544312E-10,3740.0,18.0,1.0,2.8926496680011953,1.0,2.0,1.0,1.0,3740.0,1000.0
3741.0,0.575558,1.4889726622237245E-10,3741.0,18.0,1.0,2.891876439006808,1.0,2.0,1.0,1.0,3741.0,1000.0
3742.0,0.575649,1.48920807987453E-10,3742.0,18.0,1.0,2.891103623282862,1.0,2.0,1.0,1.0,3742.0,1000.0
3743.0,0.575741,1.4894460845324873E-10,3743.0,18.0,1.0,2.8903312204981217,1.0,2.0,1.0,1.0,3743.0,1000.0
3744.0,0.575831,1.4896789151761412E-10,3744.0,18.0,1.0,2.889559230321707,1.0,2.0,1.0,1.0,3744.0,1000.0
3745.0,0.575923,1.4899169198340985E-10,3745.0,18.0,1.0,2.8887876524230895,1.0,2.0,1.0,1.0,3745.0,1000.0
3746.0,0.576016,1.4901575114992075E-10,3746.0,18.0,1.0,2.8880164864720954,1.0,2.0,1.0,1.0,3746.0,1000.0
3747.0,0.576106,1.4903903421428613E-10,3747.0,18.0,1.0,2.887245732138903,1.0,2.0,1.0,1.0,3747.0,1000.0
3748.0,0.576196,1.4906231727865152E-10,3748.0,18.0,1.0,2.886475389094042,1.0,2.0,1.0,1.0,3748.0,1000.0
3749.0,0.576287,1.4908585904373208E-10,3749.0,18.0,1.0,2.885705457008394,1.0,2.0,1.0,1.0,3749.0,1000.0
3750.0,0.576377,1.4910914210809746E-10,3750.0,18.0,1.0,2.884935935553192,1.0,2.0,1.0,1.0,3750.0,1000.0
3751.0,0.576482,1.491363056831904E-10,3751.0,18.0,1.0,2.8841668244000185,1.0,2.0,1.0,1.0,3751.0,1000.0
3752.0,0.576591,1.4916450406114405E-10,3752.0,18.0,1.0,2.8833981232208075,1.0,2.0,1.0,1.0,3752.0,1000.0
3753.0,0.576702,1.4919321984052803E-10,3753.0,18.0,1.0,2.882629831687842,1.0,2.0,1.0,1.0,3753.0,1000.0
3754.0,0.576811,1.4922141821848167E-10,3754.0,18.0,1.0,2.881861949473753,1.0,2.0,1.0,1.0,3754.0,1000.0
3755.0,0.576918,1.4924909919500497E-10,3755.0,18.0,1.0,2.881094476251523,1.0,2.0,1.0,1.0,3755.0,1000.0
3756.0,0.577017,1.492747105658069E-10,3756.0,18.0,1.0,2.8803274116944806,1.0,2.0,1.0,1.0,3756.0,1000.0
3757.0,0.577112,1.4929928713374815E-10,3757.0,18.0,1.0,2.879560755476303,1.0,2.0,1.0,1.0,3757.0,1000.0
3758.0,0.577205,1.4932334630025905E-10,3758.0,18.0,1.0,2.8787945072710137,1.0,2.0,1.0,1.0,3758.0,1000.0
3759.0,0.577298,1.4934740546676996E-10,3759.0,18.0,1.0,2.878028666752985,1.0,2.0,1.0,1.0,3759.0,1000.0
3760.0,0.577389,1.4937094723185051E-10,3760.0,18.0,1.0,2.8772632335969335,1.0,2.0,1.0,1.0,3760.0,1000.0
3761.0,0.577485,1.4939578250050693E-10,3761.0,18.0,1.0,2.8764982074779235,1.0,2.0,1.0,1.0,3761.0,1000.0
3762.0,0.577577,1.4941958296630266E-10,3762.0,18.0,1.0,2.8757335880713635,1.0,2.0,1.0,1.0,3762.0,1000.0
3763.0,0.577668,1.4944312473138322E-10,3763.0,18.0,1.0,2.8749693750530083,1.0,2.0,1.0,1.0,3763.0,1000.0
3764.0,0.577761,1.4946718389789412E-10,3764.0,18.0,1.0,2.8742055680989558,1.0,2.0,1.0,1.0,3764.0,1000.0
3765.0,0.577858,1.4949227786726572E-10,3765.0,18.0,1.0,2.873442166885649,1.0,2.0,1.0,1.0,3765.0,1000.0
3766.0,0.577949,1.4951581963234627E-10,3766.0,18.0,1.0,2.872679171089875,1.0,2.0,1.0,1.0,3766.0,1000.0
3767.0,0.578041,1.49539620098142E-10,3767.0,18.0,1.0,2.871916580388763,1.0,2.0,1.0,1.0,3767.0,1000.0
3768.0,0.578146,1.4956678367323495E-10,3768.0,18.0,1.0,2.871154394459785,1.0,2.0,1.0,1.0,3768.0,1000.0
3769.0,0.578259,1.4959601685404928E-10,3769.0,18.0,1.0,2.870392612980756,1.0,2.0,1.0,1.0,3769.0,1000.0
3770.0,0.578372,1.496252500348636E-10,3770.0,18.0,1.0,2.869631235629833,1.0,2.0,1.0,1.0,3770.0,1000.0
3771.0,0.578485,1.4965448321567794E-10,3771.0,18.0,1.0,2.868870262085513,1.0,2.0,1.0,1.0,3771.0,1000.0
3772.0,0.578581,1.4967931848433436E-10,3772.0,18.0,1.0,2.8681096920266356,1.0,2.0,1.0,1.0,3772.0,1000.0
3773.0,0.578677,1.4970415375299078E-10,3773.0,18.0,1.0,2.86734952513238,1.0,2.0,1.0,1.0,3773.0,1000.0
3774.0,0.578769,1.497279542187865E-10,3774.0,18.0,1.0,2.8665897610822655,1.0,2.0,1.0,1.0,3774.0,1000.0
3775.0,0.578861,1.4975175468458224E-10,3775.0,18.0,1.0,2.8658303995561507,1.0,2.0,1.0,1.0,3775.0,1000.0
3776.0,0.578952,1.497752964496628E-10,3776.0,18.0,1.0,2.8650714402342348,1.0,2.0,1.0,1.0,3776.0,1000.0
3777.0,0.579046,1.4979961431688887E-10,3777.0,18.0,1.0,2.864312882797053,1.0,2.0,1.0,1.0,3777.0,1000.0
3778.0,0.579137,1.4982315608196943E-10,3778.0,18.0,1.0,2.8635547269254817,1.0,2.0,1.0,1.0,3778.0,1000.0
3779.0,0.579231,1.498474739491955E-10,3779.0,18.0,1.0,2.8627969723007327,1.0,2.0,1.0,1.0,3779.0,1000.0
3780.0,0.579321,1.498707570135609E-10,3780.0,18.0,1.0,2.862039618604357,1.0,2.0,1.0,1.0,3780.0,1000.0
3781.0,0.579418,1.4989585098293248E-10,3781.0,18.0,1.0,2.861282665518241,1.0,2.0,1.0,1.0,3781.0,1000.0
3782.0,0.579511,1.4991991014944338E-10,3782.0,18.0,1.0,2.8605261127246084,1.0,2.0,1.0,1.0,3782.0,1000.0
3783.0,0.579603,1.4994371061523911E-10,3783.0,18.0,1.0,2.859769959906019,1.0,2.0,1.0,1.0,3783.0,1000.0
3784.0,0.579713,1.4997216769390793E-10,3784.0,18.0,1.0,2.859014206745367,1.0,2.0,1.0,1.0,3784.0,1000.0
3785.0,0.579821,1.500001073711464E-10,3785.0,18.0,1.0,2.8582588529258834,1.0,2.0,1.0,1.0,3785.0,1000.0
3786.0,0.579936,1.5002985795339104E-10,3786.0,18.0,1.0,2.857503898131133,1.0,2.0,1.0,1.0,3786.0,1000.0
3787.0,0.580052,1.5005986723635086E-10,3787.0,18.0,1.0,2.8567493420450143,1.0,2.0,1.0,1.0,3787.0,1000.0
3788.0,0.580142,1.5008315030071625E-10,3788.0,18.0,1.0,2.8559951843517606,1.0,2.0,1.0,1.0,3788.0,1000.0
3789.0,0.580233,1.501066920657968E-10,3789.0,18.0,1.0,2.8552414247359383,1.0,2.0,1.0,1.0,3789.0,1000.0
3790.0,0.580325,1.5013049253159253E-10,3790.0,18.0,1.0,2.854488062882446,1.0,2.0,1.0,1.0,3790.0,1000.0
3791.0,0.580425,1.5015636260310962E-10,3791.0,18.0,1.0,2.8537350984765153,1.0,2.0,1.0,1.0,3791.0,1000.0
3792.0,0.580515,1.50179645667475E-10,3792.0,18.0,1.0,2.8529825312037103,1.0,2.0,1.0,1.0,3792.0,1000.0
3793.0,0.580609,1.5020396353470108E-10,3793.0,18.0,1.0,2.852230360749926,1.0,2.0,1.0,1.0,3793.0,1000.0
3794.0,0.580701,1.502277640004968E-10,3794.0,18.0,1.0,2.851478586801389,1.0,2.0,1.0,1.0,3794.0,1000.0
3795.0,0.580792,1.5025130576557737E-10,3795.0,18.0,1.0,2.850727209044656,1.0,2.0,1.0,1.0,3795.0,1000.0
3796.0,0.580883,1.5027484753065792E-10,3796.0,18.0,1.0,2.8499762271666147,1.0,2.0,1.0,1.0,3796.0,1000.0
3797.0,0.580978,1.5029942409859917E-10,3797.0,18.0,1.0,2.8492256408544825,1.0,2.0,1.0,1.0,3797.0,1000.0
3798.0,0.581071,1.5032348326511007E-10,3798.0,18.0,1.0,2.8484754497958056,1.0,2.0,1.0,1.0,3798.0,1000.0
3799.0,0.581167,1.503483185337665E-10,3799.0,18.0,1.0,2.84772565367846,1.0,2.0,1.0,1.0,3799.0,1000.0
3800.0,0.581278,1.5037703431315048E-10,3800.0,18.0,1.0,2.84697625219065,1.0,2.0,1.0,1.0,3800.0,1000.0
3801.0,0.581399,1.5040833709968616E-10,3801.0,18.0,1.0,2.8462272450209074,1.0,2.0,1.0,1.0,3801.0,1000.0
3802.0,0.58151,1.5043705287907015E-10,3802.0,18.0,1.0,2.845478631858093,1.0,2.0,1.0,1.0,3802.0,1000.0
3803.0,0.581614,1.5046395775344792E-10,3803.0,18.0,1.0,2.8447304123913937,1.0,2.0,1.0,1.0,3803.0,1000.0
3804.0,0.581705,1.5048749951852848E-10,3804.0,18.0,1.0,2.8439825863103234,1.0,2.0,1.0,1.0,3804.0,1000.0
3805.0,0.581797,1.505112999843242E-10,3805.0,18.0,1.0,2.8432351533047227,1.0,2.0,1.0,1.0,3805.0,1000.0
3806.0,0.581889,1.5053510045011994E-10,3806.0,18.0,1.0,2.8424881130647583,1.0,2.0,1.0,1.0,3806.0,1000.0
3807.0,0.581984,1.505596770180612E-10,3807.0,18.0,1.0,2.841741465280922,1.0,2.0,1.0,1.0,3807.0,1000.0
3808.0,0.582077,1.505837361845721E-10,3808.0,18.0,1.0,2.840995209644031,1.0,2.0,1.0,1.0,3808.0,1000.0
3809.0,0.582173,1.506085714532285E-10,3809.0,18.0,1.0,2.840249345845227,1.0,2.0,1.0,1.0,3809.0,1000.0
3810.0,0.582265,1.5063237191902424E-10,3810.0,18.0,1.0,2.839503873575976,1.0,2.0,1.0,1.0,3810.0,1000.0
3811.0,0.582358,1.5065643108553514E-10,3811.0,18.0,1.0,2.838758792528069,1.0,2.0,1.0,1.0,3811.0,1000.0
3812.0,0.582448,1.5067971414990053E-10,3812.0,18.0,1.0,2.8380141023936174,1.0,2.0,1.0,1.0,3812.0,1000.0
3813.0,0.582542,1.507040320171266E-10,3813.0,18.0,1.0,2.837269802865059,1.0,2.0,1.0,1.0,3813.0,1000.0
3814.0,0.582633,1.5072757378220716E-10,3814.0,18.0,1.0,2.836525893635152,1.0,2.0,1.0,1.0,3814.0,1000.0
3815.0,0.58273,1.5075266775157875E-10,3815.0,18.0,1.0,2.8357823743969774,1.0,2.0,1.0,1.0,3815.0,1000.0
3816.0,0.58284,1.5078112483024756E-10,3816.0,18.0,1.0,2.8350392448439385,1.0,2.0,1.0,1.0,3816.0,1000.0
3817.0,0.582954,1.5081061671177707E-10,3817.0,18.0,1.0,2.834296504669759,1.0,2.0,1.0,1.0,3817.0,1000.0
3818.0,0.583063,1.508388150897307E-10,3818.0,18.0,1.0,2.8335541535684836,1.0,2.0,1.0,1.0,3818.0,1000.0
3819.0,0.583174,1.508675308691147E-10,3819.0,18.0,1.0,2.8328121912344777,1.0,2.0,1.0,1.0,3819.0,1000.0
3820.0,0.583266,1.5089133133491042E-10,3820.0,18.0,1.0,2.832070617362427,1.0,2.0,1.0,1.0,3820.0,1000.0
3821.0,0.58336,1.509156492021365E-10,3821.0,18.0,1.0,2.831329431647336,1.0,2.0,1.0,1.0,3821.0,1000.0
3822.0,0.583451,1.5093919096721705E-10,3822.0,18.0,1.0,2.830588633784529,1.0,2.0,1.0,1.0,3822.0,1000.0
3823.0,0.583542,1.509627327322976E-10,3823.0,18.0,1.0,2.8298482234696496,1.0,2.0,1.0,1.0,3823.0,1000.0
3824.0,0.583634,1.5098653319809334E-10,3824.0,18.0,1.0,2.8291082003986583,1.0,2.0,1.0,1.0,3824.0,1000.0
3825.0,0.583728,1.5101085106531941E-10,3825.0,18.0,1.0,2.8283685642678353,1.0,2.0,1.0,1.0,3825.0,1000.0
3826.0,0.58382,1.5103465153111514E-10,3826.0,18.0,1.0,2.8276293147737768,1.0,2.0,1.0,1.0,3826.0,1000.0
3827.0,0.583911,1.510581932961957E-10,3827.0,18.0,1.0,2.826890451613397,1.0,2.0,1.0,1.0,3827.0,1000.0
3828.0,0.584001,1.5108147636056108E-10,3828.0,18.0,1.0,2.8261519744839263,1.0,2.0,1.0,1.0,3828.0,1000.0
3829.0,0.584094,1.5110553552707199E-10,3829.0,18.0,1.0,2.825413883082912,1.0,2.0,1.0,1.0,3829.0,1000.0
3830.0,0.584185,1.5112907729215254E-10,3830.0,18.0,1.0,2.8246761771082167,1.0,2.0,1.0,1.0,3830.0,1000.0
3831.0,0.584296,1.5115779307153653E-10,3831.0,18.0,1.0,2.8239388562580188,1.0,2.0,1.0,1.0,3831.0,1000.0
3832.0,0.584408,1.5118676755163569E-10,3832.0,18.0,1.0,2.8232019202308116,1.0,2.0,1.0,1.0,3832.0,1000.0
3833.0,0.584521,1.5121600073245002E-10,3833.0,18.0,1.0,2.822465368725403,1.0,2.0,1.0,1.0,3833.0,1000.0
3834.0,0.584639,1.5124652741684018E-10,3834.0,18.0,1.0,2.8217292014409154,1.0,2.0,1.0,1.0,3834.0,1000.0
3835.0,0.584738,1.5127213878764212E-10,3835.0,18.0,1.0,2.820993418076785,1.0,2.0,1.0,1.0,3835.0,1000.0
3836.0,0.584834,1.5129697405629854E-10,3836.0,18.0,1.0,2.8202580183327606,1.0,2.0,1.0,1.0,3836.0,1000.0
3837.0,0.584927,1.5132103322280944E-10,3837.0,18.0,1.0,2.8195230019089053,1.0,2.0,1.0,1.0,3837.0,1000.0
3838.0,0.585019,1.5134483368860517E-10,3838.0,18.0,1.0,2.818788368505594,1.0,2.0,1.0,1.0,3838.0,1000.0
3839.0,0.58511,1.5136837545368573E-10,3839.0,18.0,1.0,2.8180541178235137,1.0,2.0,1.0,1.0,3839.0,1000.0
3840.0,0.585216,1.5139579772949385E-10,3840.0,18.0,1.0,2.817320249563664,1.0,2.0,1.0,1.0,3840.0,1000.0
3841.0,0.585331,1.514255483117385E-10,3841.0,18.0,1.0,2.8165867634273547,1.0,2.0,1.0,1.0,3841.0,1000.0
3842.0,0.585423,1.5144934877753423E-10,3842.0,18.0,1.0,2.8158536591162076,1.0,2.0,1.0,1.0,3842.0,1000.0
3843.0,0.585516,1.5147340794404513E-10,3843.0,18.0,1.0,2.8151209363321543,1.0,2.0,1.0,1.0,3843.0,1000.0
3844.0,0.585607,1.514969497091257E-10,3844.0,18.0,1.0,2.8143885947774376,1.0,2.0,1.0,1.0,3844.0,1000.0
3845.0,0.585716,1.5152514808707933E-10,3845.0,18.0,1.0,2.8136566341546083,1.0,2.0,1.0,1.0,3845.0,1000.0
3846.0,0.585823,1.5155282906360262E-10,3846.0,18.0,1.0,2.812925054166529,1.0,2.0,1.0,1.0,3846.0,1000.0
3847.0,0.585936,1.5158206224441695E-10,3847.0,18.0,1.0,2.8121938545163685,1.0,2.0,1.0,1.0,3847.0,1000.0
3848.0,0.586047,1.5161077802380094E-10,3848.0,18.0,1.0,2.8114630349076064,1.0,2.0,1.0,1.0,3848.0,1000.0
3849.0,0.586143,1.5163561329245736E-10,3849.0,18.0,1.0,2.8107325950440294,1.0,2.0,1.0,1.0,3849.0,1000.0
3850.0,0.586235,1.5165941375825309E-10,3850.0,18.0,1.0,2.8100025346297324,1.0,2.0,1.0,1.0,3850.0,1000.0
3851.0,0.586329,1.5168373162547916E-10,3851.0,18.0,1.0,2.809272853369117,1.0,2.0,1.0,1.0,3851.0,1000.0
3852.0,0.58642,1.5170727339055972E-10,3852.0,18.0,1.0,2.8085435509668923,1.0,2.0,1.0,1.0,3852.0,1000.0
3853.0,0.586518,1.5173262606064648E-10,3853.0,18.0,1.0,2.807814627128074,1.0,2.0,1.0,1.0,3853.0,1000.0
3854.0,0.586609,1.5175616782572704E-10,3854.0,18.0,1.0,2.807086081557984,1.0,2.0,1.0,1.0,3854.0,1000.0
3855.0,0.586701,1.5177996829152277E-10,3855.0,18.0,1.0,2.8063579139622488,1.0,2.0,1.0,1.0,3855.0,1000.0
3856.0,0.586794,1.5180402745803367E-10,3856.0,18.0,1.0,2.8056301240468025,1.0,2.0,1.0,1.0,3856.0,1000.0
3857.0,0.586886,1.518278279238294E-10,3857.0,18.0,1.0,2.8049027115178817,1.0,2.0,1.0,1.0,3857.0,1000.0
3858.0,0.586978,1.5185162838962513E-10,3858.0,18.0,1.0,2.8041756760820293,1.0,2.0,1.0,1.0,3858.0,1000.0
3859.0,0.58707,1.5187542885542086E-10,3859.0,18.0,1.0,2.803449017446092,1.0,2.0,1.0,1.0,3859.0,1000.0
3860.0,0.587162,1.518992293212166E-10,3860.0,18.0,1.0,2.80272273531722,1.0,2.0,1.0,1.0,3860.0,1000.0
3861.0,0.587258,1.5192406458987301E-10,3861.0,18.0,1.0,2.801996829402867,1.0,2.0,1.0,1.0,3861.0,1000.0
3862.0,0.587349,1.5194760635495357E-10,3862.0,18.0,1.0,2.80127129941079,1.0,2.0,1.0,1.0,3862.0,1000.0
3863.0,0.587442,1.5197166552146447E-10,3863.0,18.0,1.0,2.800546145049047,1.0,2.0,1.0,1.0,3863.0,1000.0
3864.0,0.587533,1.5199520728654503E-10,3864.0,18.0,1.0,2.7998213660260016,1.0,2.0,1.0,1.0,3864.0,1000.0
3865.0,0.587625,1.5201900775234076E-10,3865.0,18.0,1.0,2.7990969620503154,1.0,2.0,1.0,1.0,3865.0,1000.0
3866.0,0.587718,1.5204306691885166E-10,3866.0,18.0,1.0,2.7983729328309543,1.0,2.0,1.0,1.0,3866.0,1000.0
3867.0,0.587808,1.5206634998321705E-10,3867.0,18.0,1.0,2.7976492780771838,1.0,2.0,1.0,1.0,3867.0,1000.0
3868.0,0.587899,1.520898917482976E-10,3868.0,18.0,1.0,2.7969259974985703,1.0,2.0,1.0,1.0,3868.0,1000.0
3869.0,0.587993,1.5211420961552368E-10,3869.0,18.0,1.0,2.7962030908049806,1.0,2.0,1.0,1.0,3869.0,1000.0
3870.0,0.588085,1.521380100813194E-10,3870.0,18.0,1.0,2.7954805577065813,1.0,2.0,1.0,1.0,3870.0,1000.0
3871.0,0.588188,1.52164656254982E-10,3871.0,18.0,1.0,2.7947583979138386,1.0,2.0,1.0,1.0,3871.0,1000.0
3872.0,0.58828,1.5218845672077774E-10,3872.0,18.0,1.0,2.794036611137518,1.0,2.0,1.0,1.0,3872.0,1000.0
3873.0,0.588373,1.5221251588728864E-10,3873.0,18.0,1.0,2.793315197088683,1.0,2.0,1.0,1.0,3873.0,1000.0
3874.0,0.588464,1.522360576523692E-10,3874.0,18.0,1.0,2.7925941554786964,1.0,2.0,1.0,1.0,3874.0,1000.0
3875.0,0.588558,1.5226037551959528E-10,3875.0,18.0,1.0,2.791873486019218,1.0,2.0,1.0,1.0,3875.0,1000.0
3876.0,0.588649,1.5228391728467583E-10,3876.0,18.0,1.0,2.791153188422206,1.0,2.0,1.0,1.0,3876.0,1000.0
3877.0,0.588743,1.523082351519019E-10,3877.0,18.0,1.0,2.790433262399915,1.0,2.0,1.0,1.0,3877.0,1000.0
3878.0,0.588834,1.5233177691698246E-10,3878.0,18.0,1.0,2.789713707664897,1.0,2.0,1.0,1.0,3878.0,1000.0
3879.0,0.58893,1.5235661218563888E-10,3879.0,18.0,1.0,2.78899452393,1.0,2.0,1.0,1.0,3879.0,1000.0
3880.0,0.589023,1.5238067135214979E-10,3880.0,18.0,1.0,2.7882757109083687,1.0,2.0,1.0,1.0,3880.0,1000.0
3881.0,0.589117,1.5240498921937586E-10,3881.0,18.0,1.0,2.787557268313442,1.0,2.0,1.0,1.0,3881.0,1000.0
3882.0,0.589212,1.524295657873171E-10,3882.0,18.0,1.0,2.7868391958589567,1.0,2.0,1.0,1.0,3882.0,1000.0
3883.0,0.589304,1.5245336625311284E-10,3883.0,18.0,1.0,2.7861214932589413,1.0,2.0,1.0,1.0,3883.0,1000.0
3884.0,0.589396,1.5247716671890857E-10,3884.0,18.0,1.0,2.7854041602277215,1.0,2.0,1.0,1.0,3884.0,1000.0
3885.0,0.589487,1.5250070848398913E-10,3885.0,18.0,1.0,2.784687196479915,1.0,2.0,1.0,1.0,3885.0,1000.0
3886.0,0.589579,1.5252450894978486E-10,3886.0,18.0,1.0,2.783970601730435,1.0,2.0,1.0,1.0,3886.0,1000.0
3887.0,0.589671,1.5254830941558059E-10,3887.0,18.0,1.0,2.7832543756944865,1.0,2.0,1.0,1.0,3887.0,1000.0
3888.0,0.589762,1.5257185118066114E-10,3888.0,18.0,1.0,2.7825385180875695,1.0,2.0,1.0,1.0,3888.0,1000.0
3889.0,0.589855,1.5259591034717205E-10,3889.0,18.0,1.0,2.781823028625474,1.0,2.0,1.0,1.0,3889.0,1000.0
3890.0,0.589949,1.5262022821439812E-10,3890.0,18.0,1.0,2.7811079070242855,1.0,2.0,1.0,1.0,3890.0,1000.0
3891.0,0.590044,1.5264480478233937E-10,3891.0,18.0,1.0,2.780393153000378,1.0,2.0,1.0,1.0,3891.0,1000.0
3892.0,0.590138,1.5266912264956544E-10,3892.0,18.0,1.0,2.7796787662704188,1.0,2.0,1.0,1.0,3892.0,1000.0
3893.0,0.590229,1.52692664414646E-10,3893.0,18.0,1.0,2.7789647465513663,1.0,2.0,1.0,1.0,3893.0,1000.0
3894.0,0.590321,1.5271646488044173E-10,3894.0,18.0,1.0,2.77825109356047,1.0,2.0,1.0,1.0,3894.0,1000.0
3895.0,0.590414,1.5274052404695263E-10,3895.0,18.0,1.0,2.777537807015268,1.0,2.0,1.0,1.0,3895.0,1000.0
3896.0,0.590507,1.5276458321346353E-10,3896.0,18.0,1.0,2.776824886633591,1.0,2.0,1.0,1.0,3896.0,1000.0
3897.0,0.590599,1.5278838367925926E-10,3897.0,18.0,1.0,2.7761123321335566,1.0,2.0,1.0,1.0,3897.0,1000.0
3898.0,0.590691,1.52812184145055E-10,3898.0,18.0,1.0,2.7754001432335738,1.0,2.0,1.0,1.0,3898.0,1000.0
3899.0,0.590783,1.5283598461085072E-10,3899.0,18.0,1.0,2.774688319652339,1.0,2.0,1.0,1.0,3899.0,1000.0
3900.0,0.590874,1.5285952637593128E-10,3900.0,18.0,1.0,2.7739768611088382,1.0,2.0,1.0,1.0,3900.0,1000.0
3901.0,0.590968,1.5288384424315736E-10,3901.0,18.0,1.0,2.7732657673223455,1.0,2.0,1.0,1.0,3901.0,1000.0
3902.0,0.59106,1.5290764470895309E-10,3902.0,18.0,1.0,2.7725550380124218,1.0,2.0,1.0,1.0,3902.0,1000.0
3903.0,0.591154,1.5293196257617916E-10,3903.0,18.0,1.0,2.7718446728989163,1.0,2.0,1.0,1.0,3903.0,1000.0
3904.0,0.591247,1.5295602174269006E-10,3904.0,18.0,1.0,2.7711346717019647,1.0,2.0,1.0,1.0,3904.0,1000.0
3905.0,0.591338,1.5297956350777062E-10,3905.0,18.0,1.0,2.7704250341419896,1.0,2.0,1.0,1.0,3905.0,1000.0
3906.0,0.591431,1.5300362267428152E-10,3906.0,18.0,1.0,2.7697157599397,1.0,2.0,1.0,1.0,3906.0,1000.0
3907.0,0.591522,1.5302716443936208E-10,3907.0,18.0,1.0,2.7690068488160917,1.0,2.0,1.0,1.0,3907.0,1000.0
3908.0,0.591614,1.530509649051578E-10,3908.0,18.0,1.0,2.7682983004924435,1.0,2.0,1.0,1.0,3908.0,1000.0
3909.0,0.591708,1.5307528277238388E-10,3909.0,18.0,1.0,2.7675901146903223,1.0,2.0,1.0,1.0,3909.0,1000.0
3910.0,0.591802,1.5309960063960996E-10,3910.0,18.0,1.0,2.766882291131578,1.0,2.0,1.0,1.0,3910.0,1000.0
3911.0,0.591901,1.531252120104119E-10,3911.0,18.0,1.0,2.7661748295383455,1.0,2.0,1.0,1.0,3911.0,1000.0
3912.0,0.591991,1.5314849507477728E-10,3912.0,18.0,1.0,2.7654677296330443,1.0,2.0,1.0,1.0,3912.0,1000.0
3913.0,0.592082,1.5317203683985784E-10,3913.0,18.0,1.0,2.764760991138377,1.0,2.0,1.0,1.0,3913.0,1000.0
3914.0,0.592175,1.5319609600636874E-10,3914.0,18.0,1.0,2.76405461377733,1.0,2.0,1.0,1.0,3914.0,1000.0
3915.0,0.592267,1.5321989647216447E-10,3915.0,18.0,1.0,2.7633485972731724,1.0,2.0,1.0,1.0,3915.0,1000.0
3916.0,0.592358,1.5324343823724503E-10,3916.0,18.0,1.0,2.762642941349456,1.0,2.0,1.0,1.0,3916.0,1000.0
3917.0,0.592449,1.5326698000232559E-10,3917.0,18.0,1.0,2.7619376457300153,1.0,2.0,1.0,1.0,3917.0,1000.0
3918.0,0.592542,1.532910391688365E-10,3918.0,18.0,1.0,2.7612327101389664,1.0,2.0,1.0,1.0,3918.0,1000.0
3919.0,0.592634,1.5331483963463222E-10,3919.0,18.0,1.0,2.760528134300707,1.0,2.0,1.0,1.0,3919.0,1000.0
3920.0,0.592725,1.5333838139971277E-10,3920.0,18.0,1.0,2.7598239179399155,1.0,2.0,1.0,1.0,3920.0,1000.0
3921.0,0.59282,1.5336295796765402E-10,3921.0,18.0,1.0,2.759120060781553,1.0,2.0,1.0,1.0,3921.0,1000.0
3922.0,0.592911,1.5338649973273458E-10,3922.0,18.0,1.0,2.758416562550859,1.0,2.0,1.0,1.0,3922.0,1000.0
3923.0,0.593004,1.5341055889924548E-10,3923.0,18.0,1.0,2.7577134229733544,1.0,2.0,1.0,1.0,3923.0,1000.0
3924.0,0.593094,1.5343384196361087E-10,3924.0,18.0,1.0,2.7570106417748392,1.0,2.0,1.0,1.0,3924.0,1000.0
3925.0,0.593186,1.534576424294066E-10,3925.0,18.0,1.0,2.7563082186813936,1.0,2.0,1.0,1.0,3925.0,1000.0
3926.0,0.593279,1.534817015959175E-10,3926.0,18.0,1.0,2.7556061534193756,1.0,2.0,1.0,1.0,3926.0,1000.0
3927.0,0.59337,1.5350524336099806E-10,3927.0,18.0,1.0,2.754904445715424,1.0,2.0,1.0,1.0,3927.0,1000.0
3928.0,0.593462,1.5352904382679378E-10,3928.0,18.0,1.0,2.754203095296454,1.0,2.0,1.0,1.0,3928.0,1000.0
3929.0,0.593553,1.5355258559187434E-10,3929.0,18.0,1.0,2.753502101889659,1.0,2.0,1.0,1.0,3929.0,1000.0
3930.0,0.593647,1.5357690345910042E-10,3930.0,18.0,1.0,2.7528014652225115,1.0,2.0,1.0,1.0,3930.0,1000.0
3931.0,0.593742,1.5360148002704166E-10,3931.0,18.0,1.0,2.75210118502276,1.0,2.0,1.0,1.0,3931.0,1000.0
3932.0,0.593832,1.5362476309140705E-10,3932.0,18.0,1.0,2.751401261018431,1.0,2.0,1.0,1.0,3932.0,1000.0
3933.0,0.593924,1.5364856355720278E-10,3933.0,18.0,1.0,2.750701692937826,1.0,2.0,1.0,1.0,3933.0,1000.0
3934.0,0.594018,1.5367288142442885E-10,3934.0,18.0,1.0,2.7500024805095244,1.0,2.0,1.0,1.0,3934.0,1000.0
3935.0,0.594108,1.5369616448879424E-10,3935.0,18.0,1.0,2.749303623462381,1.0,2.0,1.0,1.0,3935.0,1000.0
3936.0,0.5942,1.5371996495458997E-10,3936.0,18.0,1.0,2.7486051215255256,1.0,2.0,1.0,1.0,3936.0,1000.0
3937.0,0.594293,1.5374402412110087E-10,3937.0,18.0,1.0,2.747906974428364,1.0,2.0,1.0,1.0,3937.0,1000.0
3938.0,0.594387,1.5376834198832695E-10,3938.0,18.0,1.0,2.747209181900576,1.0,2.0,1.0,1.0,3938.0,1000.0
3939.0,0.59448,1.5379240115483785E-10,3939.0,18.0,1.0,2.746511743672117,1.0,2.0,1.0,1.0,3939.0,1000.0
3940.0,0.594572,1.5381620162063358E-10,3940.0,18.0,1.0,2.745814659473216,1.0,2.0,1.0,1.0,3940.0,1000.0
3941.0,0.594666,1.5384051948785965E-10,3941.0,18.0,1.0,2.7451179290343743,1.0,2.0,1.0,1.0,3941.0,1000.0
3942.0,0.594759,1.5386457865437055E-10,3942.0,18.0,1.0,2.74442155208637,1.0,2.0,1.0,1.0,3942.0,1000.0
3943.0,0.594849,1.5388786171873594E-10,3943.0,18.0,1.0,2.743725528360251,1.0,2.0,1.0,1.0,3943.0,1000.0
3944.0,0.59494,1.539114034838165E-10,3944.0,18.0,1.0,2.74302985758734,1.0,2.0,1.0,1.0,3944.0,1000.0
3945.0,0.595033,1.539354626503274E-10,3945.0,18.0,1.0,2.742334539499232,1.0,2.0,1.0,1.0,3945.0,1000.0
3946.0,0.595126,1.539595218168383E-10,3946.0,18.0,1.0,2.7416395738277926,1.0,2.0,1.0,1.0,3946.0,1000.0
3947.0,0.595217,1.5398306358191886E-10,3947.0,18.0,1.0,2.740944960305161,1.0,2.0,1.0,1.0,3947.0,1000.0
3948.0,0.595308,1.5400660534699942E-10,3948.0,18.0,1.0,2.740250698663746,1.0,2.0,1.0,1.0,3948.0,1000.0
3949.0,0.5954,1.5403040581279514E-10,3949.0,18.0,1.0,2.7395567886362295,1.0,2.0,1.0,1.0,3949.0,1000.0
3950.0,0.595496,1.5405524108145157E-10,3950.0,18.0,1.0,2.738863229955562,1.0,2.0,1.0,1.0,3950.0,1000.0
3951.0,0.595592,1.5408007635010799E-10,3951.0,18.0,1.0,2.7381700223549656,1.0,2.0,1.0,1.0,3951.0,1000.0
3952.0,0.595682,1.5410335941447337E-10,3952.0,18.0,1.0,2.7374771655679324,1.0,2.0,1.0,1.0,3952.0,1000.0
3953.0,0.595774,1.541271598802691E-10,3953.0,18.0,1.0,2.736784659328224,1.0,2.0,1.0,1.0,3953.0,1000.0
3954.0,0.59587,1.5415199514892552E-10,3954.0,18.0,1.0,2.736092503369871,1.0,2.0,1.0,1.0,3954.0,1000.0
3955.0,0.595962,1.5417579561472125E-10,3955.0,18.0,1.0,2.735400697427173,1.0,2.0,1.0,1.0,3955.0,1000.0
3956.0,0.596054,1.5419959608051698E-10,3956.0,18.0,1.0,2.734709241234699,1.0,2.0,1.0,1.0,3956.0,1000.0
3957.0,0.596145,1.5422313784559754E-10,3957.0,18.0,1.0,2.7340181345272856,1.0,2.0,1.0,1.0,3957.0,1000.0
3958.0,0.596237,1.5424693831139327E-10,3958.0,18.0,1.0,2.733327377040038,1.0,2.0,1.0,1.0,3958.0,1000.0
3959.0,0.596327,1.5427022137575865E-10,3959.0,18.0,1.0,2.7326369685083276,1.0,2.0,1.0,1.0,3959.0,1000.0
3960.0,0.596419,1.5429402184155438E-10,3960.0,18.0,1.0,2.7319469086677954,1.0,2.0,1.0,1.0,3960.0,1000.0
3961.0,0.596518,1.5431963321235632E-10,3961.0,18.0,1.0,2.7312571972543473,1.0,2.0,1.0,1.0,3961.0,1000.0
3962.0,0.59661,1.5434343367815205E-10,3962.0,18.0,1.0,2.730567834004157,1.0,2.0,1.0,1.0,3962.0,1000.0
3963.0,0.596703,1.5436749284466295E-10,3963.0,18.0,1.0,2.7298788186536638,1.0,2.0,1.0,1.0,3963.0,1000.0
3964.0,0.596793,1.5439077590902834E-10,3964.0,18.0,1.0,2.7291901509395737,1.0,2.0,1.0,1.0,3964.0,1000.0
3965.0,0.596885,1.5441457637482407E-10,3965.0,18.0,1.0,2.7285018305988573,1.0,2.0,1.0,1.0,3965.0,1000.0
3966.0,0.596978,1.5443863554133497E-10,3966.0,18.0,1.0,2.727813857368752,1.0,2.0,1.0,1.0,3966.0,1000.0
3967.0,0.597071,1.5446269470784587E-10,3967.0,18.0,1.0,2.7271262309867583,1.0,2.0,1.0,1.0,3967.0,1000.0
3968.0,0.597162,1.5448623647292643E-10,3968.0,18.0,1.0,2.7264389511906426,1.0,2.0,1.0,1.0,3968.0,1000.0
3969.0,0.597253,1.5450977823800698E-10,3969.0,18.0,1.0,2.725752017718435,1.0,2.0,1.0,1.0,3969.0,1000.0
3970.0,0.597348,1.5453435480594823E-10,3970.0,18.0,1.0,2.7250654303084305,1.0,2.0,1.0,1.0,3970.0,1000.0
3971.0,0.597443,1.5455893137388948E-10,3971.0,18.0,1.0,2.7243791886991864,1.0,2.0,1.0,1.0,3971.0,1000.0
3972.0,0.597533,1.5458221443825486E-10,3972.0,18.0,1.0,2.723693292629524,1.0,2.0,1.0,1.0,3972.0,1000.0
3973.0,0.597626,1.5460627360476577E-10,3973.0,18.0,1.0,2.7230077418385275,1.0,2.0,1.0,1.0,3973.0,1000.0
3974.0,0.597717,1.5462981536984632E-10,3974.0,18.0,1.0,2.7223225360655436,1.0,2.0,1.0,1.0,3974.0,1000.0
3975.0,0.597808,1.5465335713492688E-10,3975.0,18.0,1.0,2.721637675050181,1.0,2.0,1.0,1.0,3975.0,1000.0
3976.0,0.597899,1.5467689890000744E-10,3976.0,18.0,1.0,2.7209531585323115,1.0,2.0,1.0,1.0,3976.0,1000.0
3977.0,0.597991,1.5470069936580317E-10,3977.0,18.0,1.0,2.7202689862520666,1.0,2.0,1.0,1.0,3977.0,1000.0
3978.0,0.598083,1.547244998315989E-10,3978.0,18.0,1.0,2.7195851579498416,1.0,2.0,1.0,1.0,3978.0,1000.0
3979.0,0.598174,1.5474804159667945E-10,3979.0,18.0,1.0,2.7189016733662905,1.0,2.0,1.0,1.0,3979.0,1000.0
3980.0,0.598266,1.5477184206247518E-10,3980.0,18.0,1.0,2.718218532242329,1.0,2.0,1.0,1.0,3980.0,1000.0
3981.0,0.59836,1.5479615992970126E-10,3981.0,18.0,1.0,2.7175357343191333,1.0,2.0,1.0,1.0,3981.0,1000.0
3982.0,0.598452,1.54819960395497E-10,3982.0,18.0,1.0,2.7168532793381392,1.0,2.0,1.0,1.0,3982.0,1000.0
3983.0,0.598544,1.5484376086129272E-10,3983.0,18.0,1.0,2.716171167041042,1.0,2.0,1.0,1.0,3983.0,1000.0
3984.0,0.598635,1.5486730262637328E-10,3984.0,18.0,1.0,2.7154893971697964,1.0,2.0,1.0,1.0,3984.0,1000.0
3985.0,0.598725,1.5489058569073866E-10,3985.0,18.0,1.0,2.714807969466617,1.0,2.0,1.0,1.0,3985.0,1000.0
3986.0,0.598818,1.5491464485724956E-10,3986.0,18.0,1.0,2.7141268836739765,1.0,2.0,1.0,1.0,3986.0,1000.0
3987.0,0.598909,1.5493818662233012E-10,3987.0,18.0,1.0,2.713446139534605,1.0,2.0,1.0,1.0,3987.0,1000.0
3988.0,0.599,1.5496172838741068E-10,3988.0,18.0,1.0,2.712765736791492,1.0,2.0,1.0,1.0,3988.0,1000.0
3989.0,0.599091,1.5498527015249123E-10,3989.0,18.0,1.0,2.712085675187884,1.0,2.0,1.0,1.0,3989.0,1000.0
3990.0,0.599189,1.55010622822578E-10,3990.0,18.0,1.0,2.7114059544672857,1.0,2.0,1.0,1.0,3990.0,1000.0
3991.0,0.599283,1.5503494068980407E-10,3991.0,18.0,1.0,2.710726574373458,1.0,2.0,1.0,1.0,3991.0,1000.0
3992.0,0.599373,1.5505822375416946E-10,3992.0,18.0,1.0,2.710047534650418,1.0,2.0,1.0,1.0,3992.0,1000.0
3993.0,0.599465,1.550820242199652E-10,3993.0,18.0,1.0,2.709368835042442,1.0,2.0,1.0,1.0,3993.0,1000.0
3994.0,0.599568,1.551086703936278E-10,3994.0,18.0,1.0,2.7086904752940586,1.0,2.0,1.0,1.0,3994.0,1000.0
3995.0,0.599663,1.5513324696156904E-10,3995.0,18.0,1.0,2.708012455150055,1.0,2.0,1.0,1.0,3995.0,1000.0
3996.0,0.599754,1.551567887266496E-10,3996.0,18.0,1.0,2.707334774355473,1.0,2.0,1.0,1.0,3996.0,1000.0
3997.0,0.599845,1.5518033049173015E-10,3997.0,18.0,1.0,2.706657432655609,1.0,2.0,1.0,1.0,3997.0,1000.0
3998.0,0.599937,1.5520413095752588E-10,3998.0,18.0,1.0,2.7059804297960155,1.0,2.0,1.0,1.0,3998.0,1000.0
3999.0,0.60003,1.5522819012403678E-10,3999.0,18.0,1.0,2.705303765522498,1.0,2.0,1.0,1.0,3999.0,1000.0
4000.0,0.600121,1.5525173188911734E-10,4000.0,18.0,1.0,2.7046274395811176,1.0,2.0,1.0,1.0,4000.0,1000.0
4001.0,0.600214,1.5527579105562824E-10,4001.0,18.0,1.0,2.7039514517181877,1.0,2.0,1.0,1.0,4001.0,1000.0
4002.0,0.600306,1.5529959152142397E-10,4002.0,18.0,1.0,2.7032758016802774,1.0,2.0,1.0,1.0,4002.0,1000.0
4003.0,0.600397,1.5532313328650453E-10,4003.0,18.0,1.0,2.702600489214207,1.0,2.0,1.0,1.0,4003.0,1000.0
4004.0,0.60049,1.5534719245301543E-10,4004.0,18.0,1.0,2.7019255140670504,1.0,2.0,1.0,1.0,4004.0,1000.0
4005.0,0.60058,1.5537047551738082E-10,4005.0,18.0,1.0,2.7012508759861347,1.0,2.0,1.0,1.0,4005.0,1000.0
4006.0,0.600672,1.5539427598317655E-10,4006.0,18.0,1.0,2.700576574719039,1.0,2.0,1.0,1.0,4006.0,1000.0
4007.0,0.600764,1.5541807644897228E-10,4007.0,18.0,1.0,2.6999026100135937,1.0,2.0,1.0,1.0,4007.0,1000.0
4008.0,0.600855,1.5544161821405283E-10,4008.0,18.0,1.0,2.699228981617882,1.0,2.0,1.0,1.0,4008.0,1000.0
4009.0,0.600946,1.554651599791334E-10,4009.0,18.0,1.0,2.6985556892802367,1.0,2.0,1.0,1.0,4009.0,1000.0
4010.0,0.601038,1.5548896044492912E-10,4010.0,18.0,1.0,2.6978827327492443,1.0,2.0,1.0,1.0,4010.0,1000.0
4011.0,0.601133,1.5551353701287037E-10,4011.0,18.0,1.0,2.6972101117737397,1.0,2.0,1.0,1.0,4011.0,1000.0
4012.0,0.601236,1.5554018318653297E-10,4012.0,18.0,1.0,2.696537826102809,1.0,2.0,1.0,1.0,4012.0,1000.0
4013.0,0.601332,1.555650184551894E-10,4013.0,18.0,1.0,2.6958658754857887,1.0,2.0,1.0,1.0,4013.0,1000.0
4014.0,0.601425,1.555890776217003E-10,4014.0,18.0,1.0,2.6951942596722644,1.0,2.0,1.0,1.0,4014.0,1000.0
4015.0,0.601517,1.5561287808749602E-10,4015.0,18.0,1.0,2.6945229784120723,1.0,2.0,1.0,1.0,4015.0,1000.0
4016.0,0.601612,1.5563745465543727E-10,4016.0,18.0,1.0,2.6938520314552963,1.0,2.0,1.0,1.0,4016.0,1000.0
4017.0,0.601702,1.5566073771980266E-10,4017.0,18.0,1.0,2.6931814185522702,1.0,2.0,1.0,1.0,4017.0,1000.0
4018.0,0.601797,1.556853142877439E-10,4018.0,18.0,1.0,2.6925111394535763,1.0,2.0,1.0,1.0,4018.0,1000.0
4019.0,0.601889,1.5570911475353963E-10,4019.0,18.0,1.0,2.6918411939100446,1.0,2.0,1.0,1.0,4019.0,1000.0
4020.0,0.60198,1.557326565186202E-10,4020.0,18.0,1.0,2.6911715816727537,1.0,2.0,1.0,1.0,4020.0,1000.0
4021.0,0.602074,1.5575697438584627E-10,4021.0,18.0,1.0,2.690502302493029,1.0,2.0,1.0,1.0,4021.0,1000.0
4022.0,0.602166,1.55780774851642E-10,4022.0,18.0,1.0,2.689833356122444,1.0,2.0,1.0,1.0,4022.0,1000.0
4023.0,0.602257,1.5580431661672255E-10,4023.0,18.0,1.0,2.6891647423128187,1.0,2.0,1.0,1.0,4023.0,1000.0
4024.0,0.602349,1.5582811708251828E-10,4024.0,18.0,1.0,2.68849646081622,1.0,2.0,1.0,1.0,4024.0,1000.0
4025.0,0.60244,1.5585165884759884E-10,4025.0,18.0,1.0,2.6878285113849616,1.0,2.0,1.0,1.0,4025.0,1000.0
4026.0,0.602532,1.5587545931339457E-10,4026.0,18.0,1.0,2.687160893771602,1.0,2.0,1.0,1.0,4026.0,1000.0
4027.0,0.602623,1.5589900107847513E-10,4027.0,18.0,1.0,2.686493607728947,1.0,2.0,1.0,1.0,4027.0,1000.0
4028.0,0.602716,1.5592306024498603E-10,4028.0,18.0,1.0,2.685826653010047,1.0,2.0,1.0,1.0,4028.0,1000.0
4029.0,0.602809,1.5594711941149693E-10,4029.0,18.0,1.0,2.685160029368198,1.0,2.0,1.0,1.0,4029.0,1000.0
4030.0,0.602906,1.5597221338086852E-10,4030.0,18.0,1.0,2.6844937365569406,1.0,2.0,1.0,1.0,4030.0,1000.0
4031.0,0.603002,1.5599704864952494E-10,4031.0,18.0,1.0,2.6838277743300596,1.0,2.0,1.0,1.0,4031.0,1000.0
4032.0,0.603093,1.560205904146055E-10,4032.0,18.0,1.0,2.6831621424415846,1.0,2.0,1.0,1.0,4032.0,1000.0
4033.0,0.603186,1.560446495811164E-10,4033.0,18.0,1.0,2.68249684064579,1.0,2.0,1.0,1.0,4033.0,1000.0
4034.0,0.603279,1.560687087476273E-10,4034.0,18.0,1.0,2.6818318686971914,1.0,2.0,1.0,1.0,4034.0,1000.0
4035.0,0.603374,1.5609328531556855E-10,4035.0,18.0,1.0,2.68116722635055,1.0,2.0,1.0,1.0,4035.0,1000.0
4036.0,0.603468,1.5611760318279463E-10,4036.0,18.0,1.0,2.6805029133608698,1.0,2.0,1.0,1.0,4036.0,1000.0
4037.0,0.603558,1.5614088624716001E-10,4037.0,18.0,1.0,2.679838929483396,1.0,2.0,1.0,1.0,4037.0,1000.0
4038.0,0.603652,1.561652041143861E-10,4038.0,18.0,1.0,2.679175274473618,1.0,2.0,1.0,1.0,4038.0,1000.0
4039.0,0.603744,1.5618900458018182E-10,4039.0,18.0,1.0,2.678511948087267,1.0,2.0,1.0,1.0,4039.0,1000.0
4040.0,0.603836,1.5621280504597755E-10,4040.0,18.0,1.0,2.6778489500803144,1.0,2.0,1.0,1.0,4040.0,1000.0
4041.0,0.60393,1.5623712291320362E-10,4041.0,18.0,1.0,2.6771862802089754,1.0,2.0,1.0,1.0,4041.0,1000.0
4042.0,0.60402,1.56260405977569E-10,4042.0,18.0,1.0,2.6765239382297055,1.0,2.0,1.0,1.0,4042.0,1000.0
4043.0,0.604113,1.562844651440799E-10,4043.0,18.0,1.0,2.675861923899201,1.0,2.0,1.0,1.0,4043.0,1000.0
4044.0,0.604204,1.5630800690916047E-10,4044.0,18.0,1.0,2.675200236974399,1.0,2.0,1.0,1.0,4044.0,1000.0
4045.0,0.604295,1.5633154867424102E-10,4045.0,18.0,1.0,2.674538877212477,1.0,2.0,1.0,1.0,4045.0,1000.0
4046.0,0.604387,1.5635534914003675E-10,4046.0,18.0,1.0,2.6738778443708524,1.0,2.0,1.0,1.0,4046.0,1000.0
4047.0,0.604479,1.5637914960583248E-10,4047.0,18.0,1.0,2.673217138207183,1.0,2.0,1.0,1.0,4047.0,1000.0
4048.0,0.604573,1.5640346747305856E-10,4048.0,18.0,1.0,2.6725567584793652,1.0,2.0,1.0,1.0,4048.0,1000.0
4049.0,0.604668,1.564280440409998E-10,4049.0,18.0,1.0,2.6718967049455347,1.0,2.0,1.0,1.0,4049.0,1000.0
4050.0,0.604762,1.5645236190822588E-10,4050.0,18.0,1.0,2.6712369773640665,1.0,2.0,1.0,1.0,4050.0,1000.0
4051.0,0.604858,1.564771971768823E-10,4051.0,18.0,1.0,2.6705775754935743,1.0,2.0,1.0,1.0,4051.0,1000.0
4052.0,0.60495,1.5650099764267803E-10,4052.0,18.0,1.0,2.6699184990929097,1.0,2.0,1.0,1.0,4052.0,1000.0
4053.0,0.605042,1.5652479810847376E-10,4053.0,18.0,1.0,2.669259747921162,1.0,2.0,1.0,1.0,4053.0,1000.0
4054.0,0.605133,1.5654833987355432E-10,4054.0,18.0,1.0,2.668601321737659,1.0,2.0,1.0,1.0,4054.0,1000.0
4055.0,0.605227,1.565726577407804E-10,4055.0,18.0,1.0,2.6679432203019653,1.0,2.0,1.0,1.0,4055.0,1000.0
4056.0,0.605319,1.5659645820657612E-10,4056.0,18.0,1.0,2.667285443373883,1.0,2.0,1.0,1.0,4056.0,1000.0
4057.0,0.605412,1.5662051737308703E-10,4057.0,18.0,1.0,2.666627990713451,1.0,2.0,1.0,1.0,4057.0,1000.0
4058.0,0.605507,1.5664509394102827E-10,4058.0,18.0,1.0,2.6659708620809437,1.0,2.0,1.0,1.0,4058.0,1000.0
4059.0,0.6056,1.5666915310753918E-10,4059.0,18.0,1.0,2.6653140572368734,1.0,2.0,1.0,1.0,4059.0,1000.0
4060.0,0.605693,1.5669321227405008E-10,4060.0,18.0,1.0,2.6646575759419875,1.0,2.0,1.0,1.0,4060.0,1000.0
4061.0,0.60579,1.5671830624342167E-10,4061.0,18.0,1.0,2.664001417957269,1.0,2.0,1.0,1.0,4061.0,1000.0
4062.0,0.60588,1.5674158930778706E-10,4062.0,18.0,1.0,2.6633455830439363,1.0,2.0,1.0,1.0,4062.0,1000.0
4063.0,0.605976,1.5676642457644348E-10,4063.0,18.0,1.0,2.662690070963443,1.0,2.0,1.0,1.0,4063.0,1000.0
4064.0,0.606068,1.567902250422392E-10,4064.0,18.0,1.0,2.662034881477478,1.0,2.0,1.0,1.0,4064.0,1000.0
4065.0,0.60616,1.5681402550803494E-10,4065.0,18.0,1.0,2.661380014347963,1.0,2.0,1.0,1.0,4065.0,1000.0
4066.0,0.606253,1.5683808467454584E-10,4066.0,18.0,1.0,2.660725469337056,1.0,2.0,1.0,1.0,4066.0,1000.0
4067.0,0.606347,1.568624025417719E-10,4067.0,18.0,1.0,2.660071246207148,1.0,2.0,1.0,1.0,4067.0,1000.0
4068.0,0.606438,1.5688594430685247E-10,4068.0,18.0,1.0,2.659417344720863,1.0,2.0,1.0,1.0,4068.0,1000.0
4069.0,0.606534,1.569107795755089E-10,4069.0,18.0,1.0,2.6587637646410593,1.0,2.0,1.0,1.0,4069.0,1000.0
4070.0,0.606634,1.5693664964702598E-10,4070.0,18.0,1.0,2.658110505730828,1.0,2.0,1.0,1.0,4070.0,1000.0
4071.0,0.606729,1.5696122621496722E-10,4071.0,18.0,1.0,2.657457567753493,1.0,2.0,1.0,1.0,4071.0,1000.0
4072.0,0.606823,1.569855440821933E-10,4072.0,18.0,1.0,2.6568049504726106,1.0,2.0,1.0,1.0,4072.0,1000.0
4073.0,0.606915,1.5700934454798903E-10,4073.0,18.0,1.0,2.656152653651969,1.0,2.0,1.0,1.0,4073.0,1000.0
4074.0,0.607005,1.570326276123544E-10,4074.0,18.0,1.0,2.655500677055589,1.0,2.0,1.0,1.0,4074.0,1000.0
4075.0,0.607099,1.5705694547958049E-10,4075.0,18.0,1.0,2.6548490204477226,1.0,2.0,1.0,1.0,4075.0,1000.0
4076.0,0.607192,1.570810046460914E-10,4076.0,18.0,1.0,2.6541976835928534,1.0,2.0,1.0,1.0,4076.0,1000.0
4077.0,0.607283,1.5710454641117195E-10,4077.0,18.0,1.0,2.6535466662556955,1.0,2.0,1.0,1.0,4077.0,1000.0
4078.0,0.607374,1.571280881762525E-10,4078.0,18.0,1.0,2.6528959682011943,1.0,2.0,1.0,1.0,4078.0,1000.0
4079.0,0.607466,1.5715188864204823E-10,4079.0,18.0,1.0,2.6522455891945254,1.0,2.0,1.0,1.0,4079.0,1000.0
4080.0,0.607558,1.5717568910784396E-10,4080.0,18.0,1.0,2.6515955290010953,1.0,2.0,1.0,1.0,4080.0,1000.0
4081.0,0.607653,1.572002656757852E-10,4081.0,18.0,1.0,2.65094578738654,1.0,2.0,1.0,1.0,4081.0,1000.0
4082.0,0.607744,1.5722380744086577E-10,4082.0,18.0,1.0,2.6502963641167248,1.0,2.0,1.0,1.0,4082.0,1000.0
4083.0,0.607842,1.5724916011095253E-10,4083.0,18.0,1.0,2.649647258957744,1.0,2.0,1.0,1.0,4083.0,1000.0
4084.0,0.607934,1.5727296057674826E-10,4084.0,18.0,1.0,2.648998471675923,1.0,2.0,1.0,1.0,4084.0,1000.0
4085.0,0.608026,1.57296761042544E-10,4085.0,18.0,1.0,2.6483500020378137,1.0,2.0,1.0,1.0,4085.0,1000.0
4086.0,0.608117,1.5732030280762455E-10,4086.0,18.0,1.0,2.6477018498101983,1.0,2.0,1.0,1.0,4086.0,1000.0
4087.0,0.608209,1.5734410327342028E-10,4087.0,18.0,1.0,2.6470540147600854,1.0,2.0,1.0,1.0,4087.0,1000.0
4088.0,0.608302,1.5736816243993118E-10,4088.0,18.0,1.0,2.6464064966547136,1.0,2.0,1.0,1.0,4088.0,1000.0
4089.0,0.608393,1.5739170420501174E-10,4089.0,18.0,1.0,2.645759295261548,1.0,2.0,1.0,1.0,4089.0,1000.0
4090.0,0.608487,1.5741602207223781E-10,4090.0,18.0,1.0,2.6451124103482813,1.0,2.0,1.0,1.0,4090.0,1000.0
4091.0,0.608585,1.5744137474232458E-10,4091.0,18.0,1.0,2.644465841682833,1.0,2.0,1.0,1.0,4091.0,1000.0
4092.0,0.608677,1.574651752081203E-10,4092.0,18.0,1.0,2.6438195890333502,1.0,2.0,1.0,1.0,4092.0,1000.0
4093.0,0.608769,1.5748897567391604E-10,4093.0,18.0,1.0,2.6431736521682065,1.0,2.0,1.0,1.0,4093.0,1000.0
4094.0,0.608861,1.5751277613971177E-10,4094.0,18.0,1.0,2.6425280308560013,1.0,2.0,1.0,1.0,4094.0,1000.0
4095.0,0.608954,1.5753683530622267E-10,4095.0,18.0,1.0,2.6418827248655603,1.0,2.0,1.0,1.0,4095.0,1000.0
4096.0,0.609047,1.5756089447273357E-10,4096.0,18.0,1.0,2.641237733965935,1.0,2.0,1.0,1.0,4096.0,1000.0
4097.0,0.60914,1.5758495363924448E-10,4097.0,18.0,1.0,2.6405930579264023,1.0,2.0,1.0,1.0,4097.0,1000.0
4098.0,0.609232,1.576087541050402E-10,4098.0,18.0,1.0,2.639948696516464,1.0,2.0,1.0,1.0,4098.0,1000.0
4099.0,0.609325,1.576328132715511E-10,4099.0,18.0,1.0,2.639304649505848,1.0,2.0,1.0,1.0,4099.0,1000.0
4100.0,0.609416,1.5765635503663167E-10,4100.0,18.0,1.0,2.638660916664505,1.0,2.0,1.0,1.0,4100.0,1000.0
4101.0,0.609511,1.576809316045729E-10,4101.0,18.0,1.0,2.6380174977626116,1.0,2.0,1.0,1.0,4101.0,1000.0
4102.0,0.609604,1.5770499077108382E-10,4102.0,18.0,1.0,2.637374392570568,1.0,2.0,1.0,1.0,4102.0,1000.0
4103.0,0.609695,1.5772853253616437E-10,4103.0,18.0,1.0,2.6367316008589983,1.0,2.0,1.0,1.0,4103.0,1000.0
4104.0,0.609788,1.5775259170267527E-10,4104.0,18.0,1.0,2.63608912239875,1.0,2.0,1.0,1.0,4104.0,1000.0
4105.0,0.60988,1.57776392168471E-10,4105.0,18.0,1.0,2.635446956960894,1.0,2.0,1.0,1.0,4105.0,1000.0
4106.0,0.609973,1.578004513349819E-10,4106.0,18.0,1.0,2.634805104316724,1.0,2.0,1.0,1.0,4106.0,1000.0
4107.0,0.610068,1.5782502790292315E-10,4107.0,18.0,1.0,2.6341635642377574,1.0,2.0,1.0,1.0,4107.0,1000.0
4108.0,0.610161,1.5784908706943406E-10,4108.0,18.0,1.0,2.6335223364957328,1.0,2.0,1.0,1.0,4108.0,1000.0
4109.0,0.610257,1.5787392233809048E-10,4109.0,18.0,1.0,2.6328814208626112,1.0,2.0,1.0,1.0,4109.0,1000.0
4110.0,0.610348,1.5789746410317103E-10,4110.0,18.0,1.0,2.6322408171105764,1.0,2.0,1.0,1.0,4110.0,1000.0
4111.0,0.610442,1.579217819703971E-10,4111.0,18.0,1.0,2.6316005250120336,1.0,2.0,1.0,1.0,4111.0,1000.0
4112.0,0.610534,1.5794558243619284E-10,4112.0,18.0,1.0,2.6309605443396085,1.0,2.0,1.0,1.0,4112.0,1000.0
4113.0,0.610633,1.5797119380699478E-10,4113.0,18.0,1.0,2.6303208748661486,1.0,2.0,1.0,1.0,4113.0,1000.0
4114.0,0.610726,1.5799525297350568E-10,4114.0,18.0,1.0,2.6296815163647227,1.0,2.0,1.0,1.0,4114.0,1000.0
4115.0,0.610818,1.580190534393014E-10,4115.0,18.0,1.0,2.6290424686086196,1.0,2.0,1.0,1.0,4115.0,1000.0
4116.0,0.610911,1.580431126058123E-10,4116.0,18.0,1.0,2.6284037313713484,1.0,2.0,1.0,1.0,4116.0,1000.0
4117.0,0.611003,1.5806691307160804E-10,4117.0,18.0,1.0,2.6277653044266382,1.0,2.0,1.0,1.0,4117.0,1000.0
4118.0,0.611096,1.5809097223811894E-10,4118.0,18.0,1.0,2.6271271875484383,1.0,2.0,1.0,1.0,4118.0,1000.0
4119.0,0.611189,1.5811503140462985E-10,4119.0,18.0,1.0,2.6264893805109177,1.0,2.0,1.0,1.0,4119.0,1000.0
4120.0,0.611281,1.5813883187042558E-10,4120.0,18.0,1.0,2.6258518830884636,1.0,2.0,1.0,1.0,4120.0,1000.0
4121.0,0.611375,1.5816314973765165E-10,4121.0,18.0,1.0,2.625214695055683,1.0,2.0,1.0,1.0,4121.0,1000.0
4122.0,0.611466,1.581866915027322E-10,4122.0,18.0,1.0,2.6245778161874016,1.0,2.0,1.0,1.0,4122.0,1000.0
4123.0,0.611561,1.5821126807067346E-10,4123.0,18.0,1.0,2.6239412462586635,1.0,2.0,1.0,1.0,4123.0,1000.0
4124.0,0.611652,1.5823480983575401E-10,4124.0,18.0,1.0,2.6233049850447308,1.0,2.0,1.0,1.0,4124.0,1000.0
4125.0,0.611744,1.5825861030154974E-10,4125.0,18.0,1.0,2.6226690323210837,1.0,2.0,1.0,1.0,4125.0,1000.0
4126.0,0.611835,1.582821520666303E-10,4126.0,18.0,1.0,2.6220333878634197,1.0,2.0,1.0,1.0,4126.0,1000.0
4127.0,0.611926,1.5830569383171086E-10,4127.0,18.0,1.0,2.6213980514476543,1.0,2.0,1.0,1.0,4127.0,1000.0
4128.0,0.612019,1.5832975299822176E-10,4128.0,18.0,1.0,2.62076302284992,1.0,2.0,1.0,1.0,4128.0,1000.0
4129.0,0.612111,1.583535534640175E-10,4129.0,18.0,1.0,2.6201283018465658,1.0,2.0,1.0,1.0,4129.0,1000.0
4130.0,0.612203,1.5837735392981322E-10,4130.0,18.0,1.0,2.619493888214157,1.0,2.0,1.0,1.0,4130.0,1000.0
4131.0,0.612299,1.5840218919846964E-10,4131.0,18.0,1.0,2.618859781729477,1.0,2.0,1.0,1.0,4131.0,1000.0
4132.0,0.61239,1.584257309635502E-10,4132.0,18.0,1.0,2.6182259821695233,1.0,2.0,1.0,1.0,4132.0,1000.0
4133.0,0.612483,1.584497901300611E-10,4133.0,18.0,1.0,2.6175924893115097,1.0,2.0,1.0,1.0,4133.0,1000.0
4134.0,0.612573,1.5847307319442648E-10,4134.0,18.0,1.0,2.6169593029328664,1.0,2.0,1.0,1.0,4134.0,1000.0
4135.0,0.612666,1.5849713236093739E-10,4135.0,18.0,1.0,2.616326422811238,1.0,2.0,1.0,1.0,4135.0,1000.0
4136.0,0.612757,1.5852067412601794E-10,4136.0,18.0,1.0,2.6156938487244847,1.0,2.0,1.0,1.0,4136.0,1000.0
4137.0,0.612849,1.5854447459181367E-10,4137.0,18.0,1.0,2.6150615804506816,1.0,2.0,1.0,1.0,4137.0,1000.0
4138.0,0.61294,1.5856801635689423E-10,4138.0,18.0,1.0,2.6144296177681174,1.0,2.0,1.0,1.0,4138.0,1000.0
4139.0,0.613036,1.5859285162555065E-10,4139.0,18.0,1.0,2.6137979604552957,1.0,2.0,1.0,1.0,4139.0,1000.0
4140.0,0.613129,1.5861691079206155E-10,4140.0,18.0,1.0,2.6131666082909346,1.0,2.0,1.0,1.0,4140.0,1000.0
4141.0,0.613223,1.5864122865928763E-10,4141.0,18.0,1.0,2.6125355610539653,1.0,2.0,1.0,1.0,4141.0,1000.0
4142.0,0.613313,1.58664511723653E-10,4142.0,18.0,1.0,2.611904818523532,1.0,2.0,1.0,1.0,4142.0,1000.0
4143.0,0.613405,1.5868831218944874E-10,4143.0,18.0,1.0,2.6112743804789935,1.0,2.0,1.0,1.0,4143.0,1000.0
4144.0,0.613496,1.587118539545293E-10,4144.0,18.0,1.0,2.6106442466999202,1.0,2.0,1.0,1.0,4144.0,1000.0
4145.0,0.613587,1.5873539571960986E-10,4145.0,18.0,1.0,2.6100144169660964,1.0,2.0,1.0,1.0,4145.0,1000.0
4146.0,0.613679,1.5875919618540558E-10,4146.0,18.0,1.0,2.609384891057518,1.0,2.0,1.0,1.0,4146.0,1000.0
4147.0,0.613774,1.5878377275334683E-10,4147.0,18.0,1.0,2.6087556687543936,1.0,2.0,1.0,1.0,4147.0,1000.0
4148.0,0.613866,1.5880757321914256E-10,4148.0,18.0,1.0,2.608126749837143,1.0,2.0,1.0,1.0,4148.0,1000.0
4149.0,0.613963,1.5883266718851416E-10,4149.0,18.0,1.0,2.607498134086399,1.0,2.0,1.0,1.0,4149.0,1000.0
4150.0,0.614054,1.588562089535947E-10,4150.0,18.0,1.0,2.606869821283005,1.0,2.0,1.0,1.0,4150.0,1000.0
4151.0,0.614152,1.5888156162368148E-10,4151.0,18.0,1.0,2.606241811208015,1.0,2.0,1.0,1.0,4151.0,1000.0
4152.0,0.614242,1.5890484468804686E-10,4152.0,18.0,1.0,2.605614103642695,1.0,2.0,1.0,1.0,4152.0,1000.0
4153.0,0.614342,1.5893071475956395E-10,4153.0,18.0,1.0,2.6049866983685215,1.0,2.0,1.0,1.0,4153.0,1000.0
4154.0,0.614434,1.5895451522535968E-10,4154.0,18.0,1.0,2.604359595167181,1.0,2.0,1.0,1.0,4154.0,1000.0
4155.0,0.614528,1.5897883309258575E-10,4155.0,18.0,1.0,2.60373279382057,1.0,2.0,1.0,1.0,4155.0,1000.0
4156.0,0.614619,1.590023748576663E-10,4156.0,18.0,1.0,2.6031062941107965,1.0,2.0,1.0,1.0,4156.0,1000.0
4157.0,0.614712,1.590264340241772E-10,4157.0,18.0,1.0,2.6024800958201757,1.0,2.0,1.0,1.0,4157.0,1000.0
4158.0,0.614803,1.5904997578925777E-10,4158.0,18.0,1.0,2.6018541987312336,1.0,2.0,1.0,1.0,4158.0,1000.0
4159.0,0.614895,1.590737762550535E-10,4159.0,18.0,1.0,2.6012286026267057,1.0,2.0,1.0,1.0,4159.0,1000.0
4160.0,0.614986,1.5909731802013406E-10,4160.0,18.0,1.0,2.600603307289536,1.0,2.0,1.0,1.0,4160.0,1000.0
4161.0,0.615082,1.5912215328879048E-10,4161.0,18.0,1.0,2.5999783125028766,1.0,2.0,1.0,1.0,4161.0,1000.0
4162.0,0.615173,1.5914569505387103E-10,4162.0,18.0,1.0,2.5993536180500887,1.0,2.0,1.0,1.0,4162.0,1000.0
4163.0,0.615268,1.5917027162181228E-10,4163.0,18.0,1.0,2.598729223714742,1.0,2.0,1.0,1.0,4163.0,1000.0
4164.0,0.61536,1.59194072087608E-10,4164.0,18.0,1.0,2.5981051292806123,1.0,2.0,1.0,1.0,4164.0,1000.0
4165.0,0.615454,1.5921838995483409E-10,4165.0,18.0,1.0,2.597481334531685,1.0,2.0,1.0,1.0,4165.0,1000.0
4166.0,0.61555,1.592432252234905E-10,4166.0,18.0,1.0,2.596857839252153,1.0,2.0,1.0,1.0,4166.0,1000.0
4167.0,0.615643,1.592672843900014E-10,4167.0,18.0,1.0,2.5962346432264147,1.0,2.0,1.0,1.0,4167.0,1000.0
4168.0,0.615736,1.592913435565123E-10,4168.0,18.0,1.0,2.595611746239076,1.0,2.0,1.0,1.0,4168.0,1000.0
4169.0,0.615829,1.5931540272302321E-10,4169.0,18.0,1.0,2.594989148074951,1.0,2.0,1.0,1.0,4169.0,1000.0
4170.0,0.615923,1.593397205902493E-10,4170.0,18.0,1.0,2.5943668485190576,1.0,2.0,1.0,1.0,4170.0,1000.0
4171.0,0.616022,1.5936533196105123E-10,4171.0,18.0,1.0,2.593744847356622,1.0,2.0,1.0,1.0,4171.0,1000.0
4172.0,0.616113,1.5938887372613178E-10,4172.0,18.0,1.0,2.593123144373075,1.0,2.0,1.0,1.0,4172.0,1000.0
4173.0,0.616206,1.5941293289264269E-10,4173.0,18.0,1.0,2.5925017393540544,1.0,2.0,1.0,1.0,4173.0,1000.0
4174.0,0.616298,1.5943673335843842E-10,4174.0,18.0,1.0,2.5918806320854024,1.0,2.0,1.0,1.0,4174.0,1000.0
4175.0,0.61639,1.5946053382423415E-10,4175.0,18.0,1.0,2.5912598223531664,1.0,2.0,1.0,1.0,4175.0,1000.0
4176.0,0.616483,1.5948459299074505E-10,4176.0,18.0,1.0,2.590639309943599,1.0,2.0,1.0,1.0,4176.0,1000.0
4177.0,0.616576,1.5950865215725595E-10,4177.0,18.0,1.0,2.5900190946431576,1.0,2.0,1.0,1.0,4177.0,1000.0
4178.0,0.616668,1.5953245262305168E-10,4178.0,18.0,1.0,2.589399176238504,1.0,2.0,1.0,1.0,4178.0,1000.0
4179.0,0.616759,1.5955599438813224E-10,4179.0,18.0,1.0,2.588779554516504,1.0,2.0,1.0,1.0,4179.0,1000.0
4180.0,0.616851,1.5957979485392797E-10,4180.0,18.0,1.0,2.5881602292642274,1.0,2.0,1.0,1.0,4180.0,1000.0
4181.0,0.616946,1.5960437142186921E-10,4181.0,18.0,1.0,2.5875412002689475,1.0,2.0,1.0,1.0,4181.0,1000.0
4182.0,0.617039,1.5962843058838012E-10,4182.0,18.0,1.0,2.586922467318142,1.0,2.0,1.0,1.0,4182.0,1000.0
4183.0,0.617132,1.5965248975489102E-10,4183.0,18.0,1.0,2.5863040301994906,1.0,2.0,1.0,1.0,4183.0,1000.0
4184.0,0.617233,1.5967861852712328E-10,4184.0,18.0,1.0,2.585685888700877,1.0,2.0,1.0,1.0,4184.0,1000.0
4185.0,0.617326,1.5970267769363418E-10,4185.0,18.0,1.0,2.585068042610387,1.0,2.0,1.0,1.0,4185.0,1000.0
4186.0,0.617416,1.5972596075799956E-10,4186.0,18.0,1.0,2.584450491716309,1.0,2.0,1.0,1.0,4186.0,1000.0
4187.0,0.617509,1.5975001992451047E-10,4187.0,18.0,1.0,2.583833235807134,1.0,2.0,1.0,1.0,4187.0,1000.0
4188.0,0.617603,1.5977433779173654E-10,4188.0,18.0,1.0,2.5832162746715546,1.0,2.0,1.0,1.0,4188.0,1000.0
4189.0,0.617705,1.5980072526468397E-10,4189.0,18.0,1.0,2.582599608098465,1.0,2.0,1.0,1.0,4189.0,1000.0
4190.0,0.6178,1.5982530183262522E-10,4190.0,18.0,1.0,2.5819832358769617,1.0,2.0,1.0,1.0,4190.0,1000.0
4191.0,0.617897,1.598503958019968E-10,4191.0,18.0,1.0,2.581367157796342,1.0,2.0,1.0,1.0,4191.0,1000.0
4192.0,0.617989,1.5987419626779254E-10,4192.0,18.0,1.0,2.5807513736461045,1.0,2.0,1.0,1.0,4192.0,1000.0
4193.0,0.618081,1.5989799673358827E-10,4193.0,18.0,1.0,2.580135883215948,1.0,2.0,1.0,1.0,4193.0,1000.0
4194.0,0.618173,1.59921797199384E-10,4194.0,18.0,1.0,2.5795206862957722,1.0,2.0,1.0,1.0,4194.0,1000.0
4195.0,0.618266,1.599458563658949E-10,4195.0,18.0,1.0,2.5789057826756783,1.0,2.0,1.0,1.0,4195.0,1000.0
4196.0,0.618358,1.5996965683169063E-10,4196.0,18.0,1.0,2.578291172145965,1.0,2.0,1.0,1.0,4196.0,1000.0
4197.0,0.618449,1.599931985967712E-10,4197.0,18.0,1.0,2.577676854497134,1.0,2.0,1.0,1.0,4197.0,1000.0
4198.0,0.61854,1.6001674036185175E-10,4198.0,18.0,1.0,2.577062829519883,1.0,2.0,1.0,1.0,4198.0,1000.0
4199.0,0.618632,1.6004054082764748E-10,4199.0,18.0,1.0,2.576449097005113,1.0,2.0,1.0,1.0,4199.0,1000.0
4200.0,0.618723,1.6006408259272803E-10,4200.0,18.0,1.0,2.5758356567439216,1.0,2.0,1.0,1.0,4200.0,1000.0
4201.0,0.618817,1.600884004599541E-10,4201.0,18.0,1.0,2.575222508527605,1.0,2.0,1.0,1.0,4201.0,1000.0
4202.0,0.618907,1.601116835243195E-10,4202.0,18.0,1.0,2.5746096521476605,1.0,2.0,1.0,1.0,4202.0,1000.0
4203.0,0.618999,1.6013548399011522E-10,4203.0,18.0,1.0,2.5739970873957816,1.0,2.0,1.0,1.0,4203.0,1000.0
4204.0,0.619095,1.6016031925877164E-10,4204.0,18.0,1.0,2.5733848140638607,1.0,2.0,1.0,1.0,4204.0,1000.0
4205.0,0.619187,1.6018411972456737E-10,4205.0,18.0,1.0,2.572772831943988,1.0,2.0,1.0,1.0,4205.0,1000.0
4206.0,0.619278,1.6020766148964793E-10,4206.0,18.0,1.0,2.572161140828452,1.0,2.0,1.0,1.0,4206.0,1000.0
4207.0,0.61937,1.6023146195544366E-10,4207.0,18.0,1.0,2.5715497405097385,1.0,2.0,1.0,1.0,4207.0,1000.0
4208.0,0.619462,1.602552624212394E-10,4208.0,18.0,1.0,2.57093863078053,1.0,2.0,1.0,1.0,4208.0,1000.0
4209.0,0.619553,1.6027880418631995E-10,4209.0,18.0,1.0,2.5703278114337063,1.0,2.0,1.0,1.0,4209.0,1000.0
4210.0,0.619645,1.6030260465211568E-10,4210.0,18.0,1.0,2.5697172822623444,1.0,2.0,1.0,1.0,4210.0,1000.0
4211.0,0.619741,1.603274399207721E-10,4211.0,18.0,1.0,2.5691070430597174,1.0,2.0,1.0,1.0,4211.0,1000.0
4212.0,0.619834,1.60351499087283E-10,4212.0,18.0,1.0,2.568497093619295,1.0,2.0,1.0,1.0,4212.0,1000.0
4213.0,0.619926,1.6037529955307873E-10,4213.0,18.0,1.0,2.5678874337347426,1.0,2.0,1.0,1.0,4213.0,1000.0
4214.0,0.620017,1.6039884131815929E-10,4214.0,18.0,1.0,2.5672780631999217,1.0,2.0,1.0,1.0,4214.0,1000.0
4215.0,0.620108,1.6042238308323984E-10,4215.0,18.0,1.0,2.5666689818088897,1.0,2.0,1.0,1.0,4215.0,1000.0
4216.0,0.620201,1.6044644224975075E-10,4216.0,18.0,1.0,2.5660601893558987,1.0,2.0,1.0,1.0,4216.0,1000.0
4217.0,0.620292,1.604699840148313E-10,4217.0,18.0,1.0,2.5654516856353973,1.0,2.0,1.0,1.0,4217.0,1000.0
4218.0,0.620385,1.604940431813422E-10,4218.0,18.0,1.0,2.564843470442027,1.0,2.0,1.0,1.0,4218.0,1000.0
4219.0,0.620477,1.6051784364713794E-10,4219.0,18.0,1.0,2.5642355435706254,1.0,2.0,1.0,1.0,4219.0,1000.0
4220.0,0.620573,1.6054267891579436E-10,4220.0,18.0,1.0,2.563627904816225,1.0,2.0,1.0,1.0,4220.0,1000.0
4221.0,0.620671,1.6056803158588112E-10,4221.0,18.0,1.0,2.563020553974051,1.0,2.0,1.0,1.0,4221.0,1000.0
4222.0,0.620763,1.6059183205167685E-10,4222.0,18.0,1.0,2.562413490839524,1.0,2.0,1.0,1.0,4222.0,1000.0
4223.0,0.620855,1.6061563251747258E-10,4223.0,18.0,1.0,2.561806715208257,1.0,2.0,1.0,1.0,4223.0,1000.0
4224.0,0.620948,1.6063969168398348E-10,4224.0,18.0,1.0,2.5612002268760583,1.0,2.0,1.0,1.0,4224.0,1000.0
4225.0,0.62104,1.606634921497792E-10,4225.0,18.0,1.0,2.560594025638928,1.0,2.0,1.0,1.0,4225.0,1000.0
4226.0,0.621132,1.6068729261557494E-10,4226.0,18.0,1.0,2.5599881112930594,1.0,2.0,1.0,1.0,4226.0,1000.0
4227.0,0.621223,1.607108343806555E-10,4227.0,18.0,1.0,2.5593824836348404,1.0,2.0,1.0,1.0,4227.0,1000.0
4228.0,0.621322,1.6073644575145744E-10,4228.0,18.0,1.0,2.558777142460849,1.0,2.0,1.0,1.0,4228.0,1000.0
4229.0,0.621414,1.6076024621725317E-10,4229.0,18.0,1.0,2.5581720875678577,1.0,2.0,1.0,1.0,4229.0,1000.0
4230.0,0.621506,1.607840466830489E-10,4230.0,18.0,1.0,2.5575673187528296,1.0,2.0,1.0,1.0,4230.0,1000.0
4231.0,0.621601,1.6080862325099015E-10,4231.0,18.0,1.0,2.556962835812921,1.0,2.0,1.0,1.0,4231.0,1000.0
4232.0,0.621694,1.6083268241750105E-10,4232.0,18.0,1.0,2.5563586385454795,1.0,2.0,1.0,1.0,4232.0,1000.0
4233.0,0.621787,1.6085674158401195E-10,4233.0,18.0,1.0,2.555754726748044,1.0,2.0,1.0,1.0,4233.0,1000.0
4234.0,0.621879,1.6088054204980768E-10,4234.0,18.0,1.0,2.5551511002183442,1.0,2.0,1.0,1.0,4234.0,1000.0
4235.0,0.621969,1.6090382511417306E-10,4235.0,18.0,1.0,2.554547758754302,1.0,2.0,1.0,1.0,4235.0,1000.0
4236.0,0.622063,1.6092814298139914E-10,4236.0,18.0,1.0,2.5539447021540296,1.0,2.0,1.0,1.0,4236.0,1000.0
4237.0,0.622154,1.609516847464797E-10,4237.0,18.0,1.0,2.5533419302158293,1.0,2.0,1.0,1.0,4237.0,1000.0
4238.0,0.622246,1.6097548521227543E-10,4238.0,18.0,1.0,2.552739442738195,1.0,2.0,1.0,1.0,4238.0,1000.0
4239.0,0.622337,1.6099902697735598E-10,4239.0,18.0,1.0,2.552137239519809,1.0,2.0,1.0,1.0,4239.0,1000.0
4240.0,0.622431,1.6102334484458206E-10,4240.0,18.0,1.0,2.5515353203595446,1.0,2.0,1.0,1.0,4240.0,1000.0
4241.0,0.622525,1.6104766271180813E-10,4241.0,18.0,1.0,2.5509336850564654,1.0,2.0,1.0,1.0,4241.0,1000.0
4242.0,0.622615,1.6107094577617352E-10,4242.0,18.0,1.0,2.550332333409823,1.0,2.0,1.0,1.0,4242.0,1000.0
4243.0,0.622708,1.6109500494268442E-10,4243.0,18.0,1.0,2.5497312652190596,1.0,2.0,1.0,1.0,4243.0,1000.0
4244.0,0.622801,1.6111906410919532E-10,4244.0,18.0,1.0,2.5491304802838055,1.0,2.0,1.0,1.0,4244.0,1000.0
4245.0,0.622892,1.6114260587427588E-10,4245.0,18.0,1.0,2.54852997840388,1.0,2.0,1.0,1.0,4245.0,1000.0
4246.0,0.622983,1.6116614763935644E-10,4246.0,18.0,1.0,2.547929759379291,1.0,2.0,1.0,1.0,4246.0,1000.0
4247.0,0.623075,1.6118994810515217E-10,4247.0,18.0,1.0,2.5473298230102355,1.0,2.0,1.0,1.0,4247.0,1000.0
4248.0,0.623165,1.6121323116951755E-10,4248.0,18.0,1.0,2.5467301690970974,1.0,2.0,1.0,1.0,4248.0,1000.0
4249.0,0.623257,1.6123703163531328E-10,4249.0,18.0,1.0,2.5461307974404495,1.0,2.0,1.0,1.0,4249.0,1000.0
4250.0,0.623348,1.6126057340039384E-10,4250.0,18.0,1.0,2.5455317078410515,1.0,2.0,1.0,1.0,4250.0,1000.0
4251.0,0.623443,1.6128514996833508E-10,4251.0,18.0,1.0,2.5449329000998517,1.0,2.0,1.0,1.0,4251.0,1000.0
4252.0,0.623535,1.6130895043413081E-10,4252.0,18.0,1.0,2.5443343740179842,1.0,2.0,1.0,1.0,4252.0,1000.0
4253.0,0.623626,1.6133249219921137E-10,4253.0,18.0,1.0,2.5437361293967715,1.0,2.0,1.0,1.0,4253.0,1000.0
4254.0,0.623717,1.6135603396429193E-10,4254.0,18.0,1.0,2.543138166037722,1.0,2.0,1.0,1.0,4254.0,1000.0
4255.0,0.623809,1.6137983443008766E-10,4255.0,18.0,1.0,2.542540483742531,1.0,2.0,1.0,1.0,4255.0,1000.0
4256.0,0.623902,1.6140389359659856E-10,4256.0,18.0,1.0,2.54194308231308,1.0,2.0,1.0,1.0,4256.0,1000.0
4257.0,0.623994,1.614276940623943E-10,4257.0,18.0,1.0,2.5413459615514378,1.0,2.0,1.0,1.0,4257.0,1000.0
4258.0,0.624085,1.6145123582747485E-10,4258.0,18.0,1.0,2.5407491212598567,1.0,2.0,1.0,1.0,4258.0,1000.0
4259.0,0.624176,1.614747775925554E-10,4259.0,18.0,1.0,2.540152561240777,1.0,2.0,1.0,1.0,4259.0,1000.0
4260.0,0.62427,1.6149909545978148E-10,4260.0,18.0,1.0,2.5395562812968238,1.0,2.0,1.0,1.0,4260.0,1000.0
4261.0,0.624365,1.6152367202772273E-10,4261.0,18.0,1.0,2.5389602812308074,1.0,2.0,1.0,1.0,4261.0,1000.0
4262.0,0.624458,1.6154773119423363E-10,4262.0,18.0,1.0,2.5383645608457224,1.0,2.0,1.0,1.0,4262.0,1000.0
4263.0,0.624552,1.615720490614597E-10,4263.0,18.0,1.0,2.53776911994475,1.0,2.0,1.0,1.0,4263.0,1000.0
4264.0,0.624645,1.615961082279706E-10,4264.0,18.0,1.0,2.5371739583312545,1.0,2.0,1.0,1.0,4264.0,1000.0
4265.0,0.624737,1.6161990869376634E-10,4265.0,18.0,1.0,2.536579075808785,1.0,2.0,1.0,1.0,4265.0,1000.0
4266.0,0.624828,1.616434504588469E-10,4266.0,18.0,1.0,2.535984472181076,1.0,2.0,1.0,1.0,4266.0,1000.0
4267.0,0.624919,1.6166699222392745E-10,4267.0,18.0,1.0,2.5353901472520435,1.0,2.0,1.0,1.0,4267.0,1000.0
4268.0,0.625017,1.6169234489401422E-10,4268.0,18.0,1.0,2.5347961008257895,1.0,2.0,1.0,1.0,4268.0,1000.0
4269.0,0.62511,1.6171640406052512E-10,4269.0,18.0,1.0,2.534202332706599,1.0,2.0,1.0,1.0,4269.0,1000.0
4270.0,0.625202,1.6174020452632085E-10,4270.0,18.0,1.0,2.533608842698939,1.0,2.0,1.0,1.0,4270.0,1000.0
4271.0,0.625301,1.6176581589712279E-10,4271.0,18.0,1.0,2.533015630607462,1.0,2.0,1.0,1.0,4271.0,1000.0
4272.0,0.625395,1.6179013376434886E-10,4272.0,18.0,1.0,2.5324226962370013,1.0,2.0,1.0,1.0,4272.0,1000.0
4273.0,0.625486,1.6181367552942942E-10,4273.0,18.0,1.0,2.5318300393925743,1.0,2.0,1.0,1.0,4273.0,1000.0
4274.0,0.625577,1.6183721729450998E-10,4274.0,18.0,1.0,2.53123765987938,1.0,2.0,1.0,1.0,4274.0,1000.0
4275.0,0.625667,1.6186050035887536E-10,4275.0,18.0,1.0,2.5306455575027997,1.0,2.0,1.0,1.0,4275.0,1000.0
4276.0,0.625759,1.618843008246711E-10,4276.0,18.0,1.0,2.530053732068398,1.0,2.0,1.0,1.0,4276.0,1000.0
4277.0,0.625851,1.6190810129046682E-10,4277.0,18.0,1.0,2.5294621833819195,1.0,2.0,1.0,1.0,4277.0,1000.0
4278.0,0.625943,1.6193190175626255E-10,4278.0,18.0,1.0,2.5288709112492915,1.0,2.0,1.0,1.0,4278.0,1000.0
4279.0,0.626035,1.6195570222205828E-10,4279.0,18.0,1.0,2.528279915476623,1.0,2.0,1.0,1.0,4279.0,1000.0
4280.0,0.626127,1.61979502687854E-10,4280.0,18.0,1.0,2.5276891958702032,1.0,2.0,1.0,1.0,4280.0,1000.0
4281.0,0.626221,1.6200382055508008E-10,4281.0,18.0,1.0,2.527098752236503,1.0,2.0,1.0,1.0,4281.0,1000.0
4282.0,0.626311,1.6202710361944547E-10,4282.0,18.0,1.0,2.526508584382174,1.0,2.0,1.0,1.0,4282.0,1000.0
4283.0,0.626402,1.6205064538452603E-10,4283.0,18.0,1.0,2.5259186921140486,1.0,2.0,1.0,1.0,4283.0,1000.0
4284.0,0.626497,1.6207522195246727E-10,4284.0,18.0,1.0,2.5253290752391386,1.0,2.0,1.0,1.0,4284.0,1000.0
4285.0,0.626591,1.6209953981969335E-10,4285.0,18.0,1.0,2.524739733564637,1.0,2.0,1.0,1.0,4285.0,1000.0
4286.0,0.626682,1.621230815847739E-10,4286.0,18.0,1.0,2.5241506668979166,1.0,2.0,1.0,1.0,4286.0,1000.0
4287.0,0.626774,1.6214688205056964E-10,4287.0,18.0,1.0,2.523561875046529,1.0,2.0,1.0,1.0,4287.0,1000.0
4288.0,0.626866,1.6217068251636536E-10,4288.0,18.0,1.0,2.5229733578182065,1.0,2.0,1.0,1.0,4288.0,1000.0
4289.0,0.626958,1.621944829821611E-10,4289.0,18.0,1.0,2.5223851150208603,1.0,2.0,1.0,1.0,4289.0,1000.0
4290.0,0.627052,1.6221880084938717E-10,4290.0,18.0,1.0,2.52179714646258,1.0,2.0,1.0,1.0,4290.0,1000.0
4291.0,0.627147,1.6224337741732842E-10,4291.0,18.0,1.0,2.521209451951636,1.0,2.0,1.0,1.0,4291.0,1000.0
4292.0,0.627242,1.6226795398526967E-10,4292.0,18.0,1.0,2.5206220312964747,1.0,2.0,1.0,1.0,4292.0,1000.0
4293.0,0.627348,1.6229537626107779E-10,4293.0,18.0,1.0,2.520034884305723,1.0,2.0,1.0,1.0,4293.0,1000.0
4294.0,0.627442,1.6231969412830386E-10,4294.0,18.0,1.0,2.5194480107881856,1.0,2.0,1.0,1.0,4294.0,1000.0
4295.0,0.627535,1.6234375329481476E-10,4295.0,18.0,1.0,2.5188614105528453,1.0,2.0,1.0,1.0,4295.0,1000.0
4296.0,0.627628,1.6236781246132567E-10,4296.0,18.0,1.0,2.5182750834088616,1.0,2.0,1.0,1.0,4296.0,1000.0
4297.0,0.627721,1.6239187162783657E-10,4297.0,18.0,1.0,2.5176890291655734,1.0,2.0,1.0,1.0,4297.0,1000.0
4298.0,0.627813,1.624156720936323E-10,4298.0,18.0,1.0,2.5171032476324964,1.0,2.0,1.0,1.0,4298.0,1000.0
4299.0,0.627906,1.624397312601432E-10,4299.0,18.0,1.0,2.516517738619323,1.0,2.0,1.0,1.0,4299.0,1000.0
4300.0,0.627999,1.624637904266541E-10,4300.0,18.0,1.0,2.5159325019359233,1.0,2.0,1.0,1.0,4300.0,1000.0
4301.0,0.628093,1.6248810829388018E-10,4301.0,18.0,1.0,2.5153475373923437,1.0,2.0,1.0,1.0,4301.0,1000.0
4302.0,0.628185,1.625119087596759E-10,4302.0,18.0,1.0,2.5147628447988075,1.0,2.0,1.0,1.0,4302.0,1000.0
4303.0,0.628276,1.6253545052475646E-10,4303.0,18.0,1.0,2.5141784239657143,1.0,2.0,1.0,1.0,4303.0,1000.0
4304.0,0.628368,1.625592509905522E-10,4304.0,18.0,1.0,2.5135942747036406,1.0,2.0,1.0,1.0,4304.0,1000.0
4305.0,0.628461,1.625833101570631E-10,4305.0,18.0,1.0,2.5130103968233377,1.0,2.0,1.0,1.0,4305.0,1000.0
4306.0,0.628553,1.6260711062285883E-10,4306.0,18.0,1.0,2.512426790135734,1.0,2.0,1.0,1.0,4306.0,1000.0
4307.0,0.628644,1.6263065238793938E-10,4307.0,18.0,1.0,2.5118434544519315,1.0,2.0,1.0,1.0,4307.0,1000.0
4308.0,0.62874,1.626554876565958E-10,4308.0,18.0,1.0,2.51126038958321,1.0,2.0,1.0,1.0,4308.0,1000.0
4309.0,0.628831,1.6267902942167636E-10,4309.0,18.0,1.0,2.5106775953410234,1.0,2.0,1.0,1.0,4309.0,1000.0
4310.0,0.628924,1.6270308858818726E-10,4310.0,18.0,1.0,2.510095071537,1.0,2.0,1.0,1.0,4310.0,1000.0
4311.0,0.629018,1.6272740645541334E-10,4311.0,18.0,1.0,2.5095128179829436,1.0,2.0,1.0,1.0,4311.0,1000.0
4312.0,0.62911,1.6275120692120907E-10,4312.0,18.0,1.0,2.5089308344908323,1.0,2.0,1.0,1.0,4312.0,1000.0
4313.0,0.629202,1.627750073870048E-10,4313.0,18.0,1.0,2.5083491208728192,1.0,2.0,1.0,1.0,4313.0,1000.0
4314.0,0.629293,1.6279854915208535E-10,4314.0,18.0,1.0,2.507767676941231,1.0,2.0,1.0,1.0,4314.0,1000.0
4315.0,0.629382,1.6282157351573557E-10,4315.0,18.0,1.0,2.5071865025085676,1.0,2.0,1.0,1.0,4315.0,1000.0
4316.0,0.629475,1.6284563268224647E-10,4316.0,18.0,1.0,2.5066055973875048,1.0,2.0,1.0,1.0,4316.0,1000.0
4317.0,0.629566,1.6286917444732703E-10,4317.0,18.0,1.0,2.5060249613908896,1.0,2.0,1.0,1.0,4317.0,1000.0
4318.0,0.629658,1.6289297491312276E-10,4318.0,18.0,1.0,2.5054445943317436,1.0,2.0,1.0,1.0,4318.0,1000.0
4319.0,0.62975,1.6291677537891849E-10,4319.0,18.0,1.0,2.5048644960232624,1.0,2.0,1.0,1.0,4319.0,1000.0
4320.0,0.629843,1.629408345454294E-10,4320.0,18.0,1.0,2.5042846662788123,1.0,2.0,1.0,1.0,4320.0,1000.0
4321.0,0.629936,1.629648937119403E-10,4321.0,18.0,1.0,2.5037051049119348,1.0,2.0,1.0,1.0,4321.0,1000.0
4322.0,0.630028,1.6298869417773602E-10,4322.0,18.0,1.0,2.503125811736342,1.0,2.0,1.0,1.0,4322.0,1000.0
4323.0,0.630119,1.6301223594281658E-10,4323.0,18.0,1.0,2.5025467865659192,1.0,2.0,1.0,1.0,4323.0,1000.0
4324.0,0.63021,1.6303577770789713E-10,4324.0,18.0,1.0,2.5019680292147246,1.0,2.0,1.0,1.0,4324.0,1000.0
4325.0,0.630302,1.6305957817369286E-10,4325.0,18.0,1.0,2.501389539496987,1.0,2.0,1.0,1.0,4325.0,1000.0
4326.0,0.630394,1.630833786394886E-10,4326.0,18.0,1.0,2.5008113172271083,1.0,2.0,1.0,1.0,4326.0,1000.0
4327.0,0.630485,1.6310692040456915E-10,4327.0,18.0,1.0,2.50023336221966,1.0,2.0,1.0,1.0,4327.0,1000.0
4328.0,0.630576,1.631304621696497E-10,4328.0,18.0,1.0,2.4996556742893876,1.0,2.0,1.0,1.0,4328.0,1000.0
4329.0,0.630669,1.631545213361606E-10,4329.0,18.0,1.0,2.4990782532512057,1.0,2.0,1.0,1.0,4329.0,1000.0
4330.0,0.630763,1.6317883920338669E-10,4330.0,18.0,1.0,2.498501098920201,1.0,2.0,1.0,1.0,4330.0,1000.0
4331.0,0.630857,1.6320315707061276E-10,4331.0,18.0,1.0,2.49792421111163,1.0,2.0,1.0,1.0,4331.0,1000.0
4332.0,0.63095,1.6322721623712366E-10,4332.0,18.0,1.0,2.497347589640921,1.0,2.0,1.0,1.0,4332.0,1000.0
4333.0,0.631044,1.6325153410434974E-10,4333.0,18.0,1.0,2.496771234323672,1.0,2.0,1.0,1.0,4333.0,1000.0
4334.0,0.631134,1.6327481716871512E-10,4334.0,18.0,1.0,2.4961951449756508,1.0,2.0,1.0,1.0,4334.0,1000.0
4335.0,0.631225,1.6329835893379568E-10,4335.0,18.0,1.0,2.495619321412796,1.0,2.0,1.0,1.0,4335.0,1000.0
4336.0,0.631316,1.6332190069887624E-10,4336.0,18.0,1.0,2.4950437634512155,1.0,2.0,1.0,1.0,4336.0,1000.0
4337.0,0.631408,1.6334570116467197E-10,4337.0,18.0,1.0,2.494468470907187,1.0,2.0,1.0,1.0,4337.0,1000.0
4338.0,0.631499,1.6336924292975252E-10,4338.0,18.0,1.0,2.4938934435971576,1.0,2.0,1.0,1.0,4338.0,1000.0
4339.0,0.63159,1.6339278469483308E-10,4339.0,18.0,1.0,2.4933186813377435,1.0,2.0,1.0,1.0,4339.0,1000.0
4340.0,0.631682,1.634165851606288E-10,4340.0,18.0,1.0,2.4927441839457303,1.0,2.0,1.0,1.0,4340.0,1000.0
4341.0,0.631779,1.634416791300004E-10,4341.0,18.0,1.0,2.492169951238072,1.0,2.0,1.0,1.0,4341.0,1000.0
4342.0,0.631871,1.6346547959579613E-10,4342.0,18.0,1.0,2.491595983031891,1.0,2.0,1.0,1.0,4342.0,1000.0
4343.0,0.631964,1.6348953876230703E-10,4343.0,18.0,1.0,2.4910222791444783,1.0,2.0,1.0,1.0,4343.0,1000.0
4344.0,0.632055,1.635130805273876E-10,4344.0,18.0,1.0,2.490448839393294,1.0,2.0,1.0,1.0,4344.0,1000.0
4345.0,0.632147,1.6353688099318332E-10,4345.0,18.0,1.0,2.4898756635959653,1.0,2.0,1.0,1.0,4345.0,1000.0
4346.0,0.632239,1.6356068145897905E-10,4346.0,18.0,1.0,2.4893027515702877,1.0,2.0,1.0,1.0,4346.0,1000.0
4347.0,0.632338,1.63586292829781E-10,4347.0,18.0,1.0,2.4887301031342237,1.0,2.0,1.0,1.0,4347.0,1000.0
4348.0,0.632431,1.636103519962919E-10,4348.0,18.0,1.0,2.488157718105904,1.0,2.0,1.0,1.0,4348.0,1000.0
4349.0,0.632524,1.636344111628028E-10,4349.0,18.0,1.0,2.487585596303626,1.0,2.0,1.0,1.0,4349.0,1000.0
4350.0,0.632617,1.636584703293137E-10,4350.0,18.0,1.0,2.487013737545855,1.0,2.0,1.0,1.0,4350.0,1000.0
4351.0,0.632711,1.6368278819653977E-10,4351.0,18.0,1.0,2.4864421416512226,1.0,2.0,1.0,1.0,4351.0,1000.0
4352.0,0.632803,1.637065886623355E-10,4352.0,18.0,1.0,2.485870808438527,1.0,2.0,1.0,1.0,4352.0,1000.0
4353.0,0.632894,1.6373013042741606E-10,4353.0,18.0,1.0,2.4852997377267334,1.0,2.0,1.0,1.0,4353.0,1000.0
4354.0,0.632987,1.6375418959392696E-10,4354.0,18.0,1.0,2.4847289293349726,1.0,2.0,1.0,1.0,4354.0,1000.0
4355.0,0.63308,1.6377824876043786E-10,4355.0,18.0,1.0,2.484158383082542,1.0,2.0,1.0,1.0,4355.0,1000.0
4356.0,0.633182,1.638046362333853E-10,4356.0,18.0,1.0,2.4835880987889047,1.0,2.0,1.0,1.0,4356.0,1000.0
4357.0,0.63328,1.6382998890347206E-10,4357.0,18.0,1.0,2.4830180762736904,1.0,2.0,1.0,1.0,4357.0,1000.0
4358.0,0.633374,1.6385430677069813E-10,4358.0,18.0,1.0,2.4824483153566934,1.0,2.0,1.0,1.0,4358.0,1000.0
4359.0,0.633464,1.6387758983506352E-10,4359.0,18.0,1.0,2.4818788158578733,1.0,2.0,1.0,1.0,4359.0,1000.0
4360.0,0.633557,1.6390164900157442E-10,4360.0,18.0,1.0,2.4813095775973553,1.0,2.0,1.0,1.0,4360.0,1000.0
4361.0,0.633654,1.6392674297094601E-10,4361.0,18.0,1.0,2.4807406003954298,1.0,2.0,1.0,1.0,4361.0,1000.0
4362.0,0.633744,1.639500260353114E-10,4362.0,18.0,1.0,2.4801718840725515,1.0,2.0,1.0,1.0,4362.0,1000.0
4363.0,0.633837,1.639740852018223E-10,4363.0,18.0,1.0,2.47960342844934,1.0,2.0,1.0,1.0,4363.0,1000.0
4364.0,0.633929,1.6399788566761803E-10,4364.0,18.0,1.0,2.4790352333465786,1.0,2.0,1.0,1.0,4364.0,1000.0
4365.0,0.634021,1.6402168613341376E-10,4365.0,18.0,1.0,2.4784672985852163,1.0,2.0,1.0,1.0,4365.0,1000.0
4366.0,0.634112,1.6404522789849432E-10,4366.0,18.0,1.0,2.477899623986365,1.0,2.0,1.0,1.0,4366.0,1000.0
4367.0,0.634205,1.6406928706500522E-10,4367.0,18.0,1.0,2.4773322093713004,1.0,2.0,1.0,1.0,4367.0,1000.0
4368.0,0.634295,1.640925701293706E-10,4368.0,18.0,1.0,2.476765054561463,1.0,2.0,1.0,1.0,4368.0,1000.0
4369.0,0.634387,1.6411637059516633E-10,4369.0,18.0,1.0,2.476198159378455,1.0,2.0,1.0,1.0,4369.0,1000.0
4370.0,0.63448,1.6414042976167724E-10,4370.0,18.0,1.0,2.4756315236440436,1.0,2.0,1.0,1.0,4370.0,1000.0
4371.0,0.634574,1.641647476289033E-10,4371.0,18.0,1.0,2.4750651471801577,1.0,2.0,1.0,1.0,4371.0,1000.0
4372.0,0.634667,1.6418880679541421E-10,4372.0,18.0,1.0,2.4744990298088907,1.0,2.0,1.0,1.0,4372.0,1000.0
4373.0,0.63476,1.6421286596192512E-10,4373.0,18.0,1.0,2.4739331713524972,1.0,2.0,1.0,1.0,4373.0,1000.0
4374.0,0.634852,1.6423666642772085E-10,4374.0,18.0,1.0,2.473367571633395,1.0,2.0,1.0,1.0,4374.0,1000.0
4375.0,0.634955,1.6426331260138345E-10,4375.0,18.0,1.0,2.4728022304741644,1.0,2.0,1.0,1.0,4375.0,1000.0
4376.0,0.635047,1.6428711306717918E-10,4376.0,18.0,1.0,2.4722371476975478,1.0,2.0,1.0,1.0,4376.0,1000.0
4377.0,0.63514,1.6431117223369008E-10,4377.0,18.0,1.0,2.4716723231264495,1.0,2.0,1.0,1.0,4377.0,1000.0
4378.0,0.635231,1.6433471399877064E-10,4378.0,18.0,1.0,2.4711077565839354,1.0,2.0,1.0,1.0,4378.0,1000.0
4379.0,0.635322,1.643582557638512E-10,4379.0,18.0,1.0,2.4705434478932333,1.0,2.0,1.0,1.0,4379.0,1000.0
4380.0,0.635414,1.6438205622964693E-10,4380.0,18.0,1.0,2.469979396877733,1.0,2.0,1.0,1.0,4380.0,1000.0
4381.0,0.635511,1.6440715019901852E-10,4381.0,18.0,1.0,2.4694156033609835,1.0,2.0,1.0,1.0,4381.0,1000.0
4382.0,0.635601,1.644304332633839E-10,4382.0,18.0,1.0,2.4688520671666976,1.0,2.0,1.0,1.0,4382.0,1000.0
4383.0,0.635696,1.6445500983132515E-10,4383.0,18.0,1.0,2.4682887881187474,1.0,2.0,1.0,1.0,4383.0,1000.0
4384.0,0.635786,1.6447829289569053E-10,4384.0,18.0,1.0,2.4677257660411653,1.0,2.0,1.0,1.0,4384.0,1000.0
4385.0,0.63588,1.645026107629166E-10,4385.0,18.0,1.0,2.4671630007581458,1.0,2.0,1.0,1.0,4385.0,1000.0
4386.0,0.635971,1.6452615252799717E-10,4386.0,18.0,1.0,2.4666004920940425,1.0,2.0,1.0,1.0,4386.0,1000.0
4387.0,0.636068,1.6455124649736876E-10,4387.0,18.0,1.0,2.466038239873369,1.0,2.0,1.0,1.0,4387.0,1000.0
4388.0,0.636158,1.6457452956173414E-10,4388.0,18.0,1.0,2.4654762439208,1.0,2.0,1.0,1.0,4388.0,1000.0
4389.0,0.636252,1.6459884742896022E-10,4389.0,18.0,1.0,2.4649145040611686,1.0,2.0,1.0,1.0,4389.0,1000.0
4390.0,0.636344,1.6462264789475595E-10,4390.0,18.0,1.0,2.464353020119469,1.0,2.0,1.0,1.0,4390.0,1000.0
4391.0,0.636438,1.6464696576198202E-10,4391.0,18.0,1.0,2.463791791920854,1.0,2.0,1.0,1.0,4391.0,1000.0
4392.0,0.636534,1.6467180103063844E-10,4392.0,18.0,1.0,2.463230819290635,1.0,2.0,1.0,1.0,4392.0,1000.0
4393.0,0.636627,1.6469586019714935E-10,4393.0,18.0,1.0,2.462670102054284,1.0,2.0,1.0,1.0,4393.0,1000.0
4394.0,0.636718,1.647194019622299E-10,4394.0,18.0,1.0,2.4621096400374305,1.0,2.0,1.0,1.0,4394.0,1000.0
4395.0,0.63681,1.6474320242802563E-10,4395.0,18.0,1.0,2.4615494330658634,1.0,2.0,1.0,1.0,4395.0,1000.0
4396.0,0.636901,1.647667441931062E-10,4396.0,18.0,1.0,2.46098948096553,1.0,2.0,1.0,1.0,4396.0,1000.0
4397.0,0.636993,1.6479054465890192E-10,4397.0,18.0,1.0,2.4604297835625357,1.0,2.0,1.0,1.0,4397.0,1000.0
4398.0,0.637083,1.648138277232673E-10,4398.0,18.0,1.0,2.4598703406831444,1.0,2.0,1.0,1.0,4398.0,1000.0
4399.0,0.637174,1.6483736948834786E-10,4399.0,18.0,1.0,2.459311152153778,1.0,2.0,1.0,1.0,4399.0,1000.0
4400.0,0.637265,1.6486091125342842E-10,4400.0,18.0,1.0,2.458752217801016,1.0,2.0,1.0,1.0,4400.0,1000.0
4401.0,0.637368,1.6488755742709102E-10,4401.0,18.0,1.0,2.458193537451595,1.0,2.0,1.0,1.0,4401.0,1000.0
4402.0,0.637462,1.649118752943171E-10,4402.0,18.0,1.0,2.45763511093241,1.0,2.0,1.0,1.0,4402.0,1000.0
4403.0,0.637554,1.6493567576011283E-10,4403.0,18.0,1.0,2.457076938070513,1.0,2.0,1.0,1.0,4403.0,1000.0
4404.0,0.637646,1.6495947622590856E-10,4404.0,18.0,1.0,2.456519018693113,1.0,2.0,1.0,1.0,4404.0,1000.0
4405.0,0.637797,1.6499854003389937E-10,4405.0,18.0,1.0,2.4559613526275754,1.0,2.0,1.0,1.0,4405.0,1000.0
4406.0,0.637897,1.6502441010541646E-10,4406.0,18.0,1.0,2.455403939701423,1.0,2.0,1.0,1.0,4406.0,1000.0
4407.0,0.637992,1.650489866733577E-10,4407.0,18.0,1.0,2.454846779742335,1.0,2.0,1.0,1.0,4407.0,1000.0
4408.0,0.638086,1.6507330454058378E-10,4408.0,18.0,1.0,2.4542898725781463,1.0,2.0,1.0,1.0,4408.0,1000.0
4409.0,0.638181,1.6509788110852503E-10,4409.0,18.0,1.0,2.4537332180368496,1.0,2.0,1.0,1.0,4409.0,1000.0
4410.0,0.638273,1.6512168157432076E-10,4410.0,18.0,1.0,2.4531768159465916,1.0,2.0,1.0,1.0,4410.0,1000.0
4411.0,0.63837,1.6514677554369235E-10,4411.0,18.0,1.0,2.4526206661356764,1.0,2.0,1.0,1.0,4411.0,1000.0
4412.0,0.638463,1.6517083471020325E-10,4412.0,18.0,1.0,2.4520647684325634,1.0,2.0,1.0,1.0,4412.0,1000.0
4413.0,0.638557,1.6519515257742933E-10,4413.0,18.0,1.0,2.4515091226658665,1.0,2.0,1.0,1.0,4413.0,1000.0
4414.0,0.638649,1.6521895304322506E-10,4414.0,18.0,1.0,2.4509537286643566,1.0,2.0,1.0,1.0,4414.0,1000.0
4415.0,0.638741,1.6524275350902079E-10,4415.0,18.0,1.0,2.450398586256958,1.0,2.0,1.0,1.0,4415.0,1000.0
4416.0,0.638832,1.6526629527410134E-10,4416.0,18.0,1.0,2.4498436952727514,1.0,2.0,1.0,1.0,4416.0,1000.0
4417.0,0.638927,1.652908718420426E-10,4417.0,18.0,1.0,2.449289055540971,1.0,2.0,1.0,1.0,4417.0,1000.0
4418.0,0.639018,1.6531441360712315E-10,4418.0,18.0,1.0,2.4487346668910073,1.0,2.0,1.0,1.0,4418.0,1000.0
4419.0,0.63911,1.6533821407291888E-10,4419.0,18.0,1.0,2.448180529152403,1.0,2.0,1.0,1.0,4419.0,1000.0
4420.0,0.639201,1.6536175583799943E-10,4420.0,18.0,1.0,2.4476266421548574,1.0,2.0,1.0,1.0,4420.0,1000.0
4421.0,0.639296,1.6538633240594068E-10,4421.0,18.0,1.0,2.447073005728222,1.0,2.0,1.0,1.0,4421.0,1000.0
4422.0,0.639397,1.6541246117817294E-10,4422.0,18.0,1.0,2.4465196197025034,1.0,2.0,1.0,1.0,4422.0,1000.0
4423.0,0.639488,1.654360029432535E-10,4423.0,18.0,1.0,2.445966483907861,1.0,2.0,1.0,1.0,4423.0,1000.0
4424.0,0.639579,1.6545954470833405E-10,4424.0,18.0,1.0,2.445413598174609,1.0,2.0,1.0,1.0,4424.0,1000.0
4425.0,0.639673,1.6548386257556013E-10,4425.0,18.0,1.0,2.4448609623332134,1.0,2.0,1.0,1.0,4425.0,1000.0
4426.0,0.639766,1.6550792174207103E-10,4426.0,18.0,1.0,2.444308576214295,1.0,2.0,1.0,1.0,4426.0,1000.0
4427.0,0.639866,1.6553379181358812E-10,4427.0,18.0,1.0,2.4437564396486264,1.0,2.0,1.0,1.0,4427.0,1000.0
4428.0,0.639959,1.6555785098009902E-10,4428.0,18.0,1.0,2.443204552467134,1.0,2.0,1.0,1.0,4428.0,1000.0
4429.0,0.640053,1.655821688473251E-10,4429.0,18.0,1.0,2.442652914500896,1.0,2.0,1.0,1.0,4429.0,1000.0
4430.0,0.640145,1.6560596931312082E-10,4430.0,18.0,1.0,2.4421015255811445,1.0,2.0,1.0,1.0,4430.0,1000.0
4431.0,0.640238,1.6563002847963173E-10,4431.0,18.0,1.0,2.4415503855392617,1.0,2.0,1.0,1.0,4431.0,1000.0
4432.0,0.640329,1.6565357024471228E-10,4432.0,18.0,1.0,2.4409994942067845,1.0,2.0,1.0,1.0,4432.0,1000.0
4433.0,0.640423,1.6567788811193836E-10,4433.0,18.0,1.0,2.4404488514154004,1.0,2.0,1.0,1.0,4433.0,1000.0
4434.0,0.640515,1.657016885777341E-10,4434.0,18.0,1.0,2.4398984569969486,1.0,2.0,1.0,1.0,4434.0,1000.0
4435.0,0.640605,1.6572497164209947E-10,4435.0,18.0,1.0,2.4393483107834206,1.0,2.0,1.0,1.0,4435.0,1000.0
4436.0,0.640703,1.6575032431218624E-10,4436.0,18.0,1.0,2.438798412606959,1.0,2.0,1.0,1.0,4436.0,1000.0
4437.0,0.640797,1.657746421794123E-10,4437.0,18.0,1.0,2.438248762299858,1.0,2.0,1.0,1.0,4437.0,1000.0
4438.0,0.640889,1.6579844264520804E-10,4438.0,18.0,1.0,2.437699359694563,1.0,2.0,1.0,1.0,4438.0,1000.0
4439.0,0.64098,1.658219844102886E-10,4439.0,18.0,1.0,2.4371502046236695,1.0,2.0,1.0,1.0,4439.0,1000.0
4440.0,0.641089,1.6585018278824224E-10,4440.0,18.0,1.0,2.4366012969199256,1.0,2.0,1.0,1.0,4440.0,1000.0
4441.0,0.641195,1.6587760506405036E-10,4441.0,18.0,1.0,2.4360526364162283,1.0,2.0,1.0,1.0,4441.0,1000.0
4442.0,0.641287,1.659014055298461E-10,4442.0,18.0,1.0,2.435504222945626,1.0,2.0,1.0,1.0,4442.0,1000.0
4443.0,0.641378,1.6592494729492665E-10,4443.0,18.0,1.0,2.4349560563413166,1.0,2.0,1.0,1.0,4443.0,1000.0
4444.0,0.641469,1.659484890600072E-10,4444.0,18.0,1.0,2.4344081364366494,1.0,2.0,1.0,1.0,4444.0,1000.0
4445.0,0.64158,1.659772048393912E-10,4445.0,18.0,1.0,2.4338604630651224,1.0,2.0,1.0,1.0,4445.0,1000.0
4446.0,0.641684,1.6600410971376896E-10,4446.0,18.0,1.0,2.4333130360603845,1.0,2.0,1.0,1.0,4446.0,1000.0
4447.0,0.641785,1.6603023848600122E-10,4447.0,18.0,1.0,2.4327658552562332,1.0,2.0,1.0,1.0,4447.0,1000.0
4448.0,0.641884,1.6605584985680316E-10,4448.0,18.0,1.0,2.4322189204866165,1.0,2.0,1.0,1.0,4448.0,1000.0
4449.0,0.641978,1.6608016772402923E-10,4449.0,18.0,1.0,2.4316722315856305,1.0,2.0,1.0,1.0,4449.0,1000.0
4450.0,0.64207,1.6610396818982496E-10,4450.0,18.0,1.0,2.4311257883875212,1.0,2.0,1.0,1.0,4450.0,1000.0
4451.0,0.642165,1.661285447577662E-10,4451.0,18.0,1.0,2.430579590726684,1.0,2.0,1.0,1.0,4451.0,1000.0
4452.0,0.642256,1.6615208652284677E-10,4452.0,18.0,1.0,2.4300336384376617,1.0,2.0,1.0,1.0,4452.0,1000.0
4453.0,0.642349,1.6617614568935767E-10,4453.0,18.0,1.0,2.429487931355147,1.0,2.0,1.0,1.0,4453.0,1000.0
4454.0,0.64244,1.6619968745443823E-10,4454.0,18.0,1.0,2.4289424693139807,1.0,2.0,1.0,1.0,4454.0,1000.0
4455.0,0.642531,1.6622322921951879E-10,4455.0,18.0,1.0,2.4283972521491513,1.0,2.0,1.0,1.0,4455.0,1000.0
4456.0,0.642621,1.6624651228388417E-10,4456.0,18.0,1.0,2.4278522796957964,1.0,2.0,1.0,1.0,4456.0,1000.0
4457.0,0.642713,1.662703127496799E-10,4457.0,18.0,1.0,2.4273075517892013,1.0,2.0,1.0,1.0,4457.0,1000.0
4458.0,0.642805,1.6629411321547563E-10,4458.0,18.0,1.0,2.426763068264798,1.0,2.0,1.0,1.0,4458.0,1000.0
4459.0,0.642895,1.6631739627984101E-10,4459.0,18.0,1.0,2.426218828958168,1.0,2.0,1.0,1.0,4459.0,1000.0
4460.0,0.642985,1.663406793442064E-10,4460.0,18.0,1.0,2.4256748337050382,1.0,2.0,1.0,1.0,4460.0,1000.0
4461.0,0.64308,1.6636525591214765E-10,4461.0,18.0,1.0,2.4251310823412844,1.0,2.0,1.0,1.0,4461.0,1000.0
4462.0,0.643171,1.663887976772282E-10,4462.0,18.0,1.0,2.424587574702929,1.0,2.0,1.0,1.0,4462.0,1000.0
4463.0,0.643262,1.6641233944230876E-10,4463.0,18.0,1.0,2.4240443106261416,1.0,2.0,1.0,1.0,4463.0,1000.0
4464.0,0.643352,1.6643562250667414E-10,4464.0,18.0,1.0,2.4235012899472377,1.0,2.0,1.0,1.0,4464.0,1000.0
4465.0,0.643444,1.6645942297246987E-10,4465.0,18.0,1.0,2.4229585125026807,1.0,2.0,1.0,1.0,4465.0,1000.0
4466.0,0.64354,1.664842582411263E-10,4466.0,18.0,1.0,2.4224159781290795,1.0,2.0,1.0,1.0,4466.0,1000.0
4467.0,0.643631,1.6650780000620685E-10,4467.0,18.0,1.0,2.42187368666319,1.0,2.0,1.0,1.0,4467.0,1000.0
4468.0,0.64372,1.6653082436985706E-10,4468.0,18.0,1.0,2.4213316379419134,1.0,2.0,1.0,1.0,4468.0,1000.0
4469.0,0.643812,1.665546248356528E-10,4469.0,18.0,1.0,2.420789831802298,1.0,2.0,1.0,1.0,4469.0,1000.0
4470.0,0.643902,1.6657790790001818E-10,4470.0,18.0,1.0,2.420248268081537,1.0,2.0,1.0,1.0,4470.0,1000.0
4471.0,0.643995,1.6660196706652908E-10,4471.0,18.0,1.0,2.4197069466169694,1.0,2.0,1.0,1.0,4471.0,1000.0
4472.0,0.644086,1.6662550883160964E-10,4472.0,18.0,1.0,2.41916586724608,1.0,2.0,1.0,1.0,4472.0,1000.0
4473.0,0.644177,1.666490505966902E-10,4473.0,18.0,1.0,2.418625029806499,1.0,2.0,1.0,1.0,4473.0,1000.0
4474.0,0.644265,1.6667181625962523E-10,4474.0,18.0,1.0,2.4180844341360013,1.0,2.0,1.0,1.0,4474.0,1000.0
4475.0,0.644355,1.6669509932399062E-10,4475.0,18.0,1.0,2.417544080072507,1.0,2.0,1.0,1.0,4475.0,1000.0
4476.0,0.644445,1.66718382388356E-10,4476.0,18.0,1.0,2.4170039674540815,1.0,2.0,1.0,1.0,4476.0,1000.0
4477.0,0.644543,1.6674373505844277E-10,4477.0,18.0,1.0,2.4164640961189345,1.0,2.0,1.0,1.0,4477.0,1000.0
4478.0,0.644634,1.6676727682352332E-10,4478.0,18.0,1.0,2.4159244659054195,1.0,2.0,1.0,1.0,4478.0,1000.0
4479.0,0.644724,1.667905598878887E-10,4479.0,18.0,1.0,2.415385076652036,1.0,2.0,1.0,1.0,4479.0,1000.0
4480.0,0.644815,1.6681410165296927E-10,4480.0,18.0,1.0,2.414845928197426,1.0,2.0,1.0,1.0,4480.0,1000.0
4481.0,0.644909,1.6683841952019534E-10,4481.0,18.0,1.0,2.414307020380377,1.0,2.0,1.0,1.0,4481.0,1000.0
4482.0,0.644999,1.6686170258456073E-10,4482.0,18.0,1.0,2.4137683530398193,1.0,2.0,1.0,1.0,4482.0,1000.0
4483.0,0.64509,1.6688524434964128E-10,4483.0,18.0,1.0,2.413229926014827,1.0,2.0,1.0,1.0,4483.0,1000.0
4484.0,0.645181,1.6690878611472184E-10,4484.0,18.0,1.0,2.4126917391446185,1.0,2.0,1.0,1.0,4484.0,1000.0
4485.0,0.645271,1.6693206917908722E-10,4485.0,18.0,1.0,2.412153792268555,1.0,2.0,1.0,1.0,4485.0,1000.0
4486.0,0.645362,1.6695561094416778E-10,4486.0,18.0,1.0,2.4116160852261412,1.0,2.0,1.0,1.0,4486.0,1000.0
4487.0,0.645452,1.6697889400853317E-10,4487.0,18.0,1.0,2.4110786178570245,1.0,2.0,1.0,1.0,4487.0,1000.0
4488.0,0.645541,1.6700191837218338E-10,4488.0,18.0,1.0,2.4105413900009958,1.0,2.0,1.0,1.0,4488.0,1000.0
4489.0,0.645631,1.6702520143654876E-10,4489.0,18.0,1.0,2.4100044014979884,1.0,2.0,1.0,1.0,4489.0,1000.0
4490.0,0.645727,1.6705003670520518E-10,4490.0,18.0,1.0,2.409467652188078,1.0,2.0,1.0,1.0,4490.0,1000.0
4491.0,0.645819,1.670738371710009E-10,4491.0,18.0,1.0,2.408931141911483,1.0,2.0,1.0,1.0,4491.0,1000.0
4492.0,0.645909,1.670971202353663E-10,4492.0,18.0,1.0,2.408394870508564,1.0,2.0,1.0,1.0,4492.0,1000.0
4493.0,0.645998,1.671201445990165E-10,4493.0,18.0,1.0,2.4078588378198242,1.0,2.0,1.0,1.0,4493.0,1000.0
4494.0,0.646093,1.6714472116695776E-10,4494.0,18.0,1.0,2.4073230436859077,1.0,2.0,1.0,1.0,4494.0,1000.0
4495.0,0.646184,1.671682629320383E-10,4495.0,18.0,1.0,2.406787487947602,1.0,2.0,1.0,1.0,4495.0,1000.0
4496.0,0.646287,1.6719490910570092E-10,4496.0,18.0,1.0,2.406252170445834,1.0,2.0,1.0,1.0,4496.0,1000.0
4497.0,0.646389,1.6722129657864835E-10,4497.0,18.0,1.0,2.4057170910216743,1.0,2.0,1.0,1.0,4497.0,1000.0
4498.0,0.646484,1.672458731465896E-10,4498.0,18.0,1.0,2.4051822495163337,1.0,2.0,1.0,1.0,4498.0,1000.0
4499.0,0.646575,1.6726941491167015E-10,4499.0,18.0,1.0,2.4046476457711647,1.0,2.0,1.0,1.0,4499.0,1000.0
4500.0,0.646666,1.672929566767507E-10,4500.0,18.0,1.0,2.40411327962766,1.0,2.0,1.0,1.0,4500.0,1000.0
4501.0,0.646759,1.673170158432616E-10,4501.0,18.0,1.0,2.403579150927454,1.0,2.0,1.0,1.0,4501.0,1000.0
4502.0,0.646851,1.6734081630905734E-10,4502.0,18.0,1.0,2.403045259512321,1.0,2.0,1.0,1.0,4502.0,1000.0
4503.0,0.64694,1.6736384067270755E-10,4503.0,18.0,1.0,2.402511605224177,1.0,2.0,1.0,1.0,4503.0,1000.0
4504.0,0.647029,1.6738686503635776E-10,4504.0,18.0,1.0,2.4019781879050774,1.0,2.0,1.0,1.0,4504.0,1000.0
4505.0,0.647119,1.6741014810072315E-10,4505.0,18.0,1.0,2.4014450073972187,1.0,2.0,1.0,1.0,4505.0,1000.0
4506.0,0.647217,1.6743550077080991E-10,4506.0,18.0,1.0,2.400912063542936,1.0,2.0,1.0,1.0,4506.0,1000.0
4507.0,0.647307,1.674587838351753E-10,4507.0,18.0,1.0,2.4003793561847058,1.0,2.0,1.0,1.0,4507.0,1000.0
4508.0,0.647397,1.6748206689954068E-10,4508.0,18.0,1.0,2.399846885165144,1.0,2.0,1.0,1.0,4508.0,1000.0
4509.0,0.647487,1.6750534996390607E-10,4509.0,18.0,1.0,2.399314650327006,1.0,2.0,1.0,1.0,4509.0,1000.0
4510.0,0.647579,1.675291504297018E-10,4510.0,18.0,1.0,2.3987826515131863,1.0,2.0,1.0,1.0,4510.0,1000.0
4511.0,0.647672,1.675532095962127E-10,4511.0,18.0,1.0,2.398250888566719,1.0,2.0,1.0,1.0,4511.0,1000.0
4512.0,0.647764,1.6757701006200843E-10,4512.0,18.0,1.0,2.3977193613307777,1.0,2.0,1.0,1.0,4512.0,1000.0
4513.0,0.647854,1.6760029312637381E-10,4513.0,18.0,1.0,2.3971880696486747,1.0,2.0,1.0,1.0,4513.0,1000.0
4514.0,0.647944,1.676235761907392E-10,4514.0,18.0,1.0,2.3966570133638614,1.0,2.0,1.0,1.0,4514.0,1000.0
4515.0,0.648036,1.6764737665653493E-10,4515.0,18.0,1.0,2.396126192319927,1.0,2.0,1.0,1.0,4515.0,1000.0
4516.0,0.648127,1.6767091842161548E-10,4516.0,18.0,1.0,2.3955956063606,1.0,2.0,1.0,1.0,4516.0,1000.0
4517.0,0.648216,1.676939427852657E-10,4517.0,18.0,1.0,2.3950652553297473,1.0,2.0,1.0,1.0,4517.0,1000.0
4518.0,0.648306,1.6771722584963108E-10,4518.0,18.0,1.0,2.3945351390713743,1.0,2.0,1.0,1.0,4518.0,1000.0
4519.0,0.648398,1.677410263154268E-10,4519.0,18.0,1.0,2.394005257429624,1.0,2.0,1.0,1.0,4519.0,1000.0
4520.0,0.648488,1.677643093797922E-10,4520.0,18.0,1.0,2.3934756102487764,1.0,2.0,1.0,1.0,4520.0,1000.0
4521.0,0.648583,1.6778888594773344E-10,4521.0,18.0,1.0,2.3929461973732513,1.0,2.0,1.0,1.0,4521.0,1000.0
4522.0,0.648674,1.67812427712814E-10,4522.0,18.0,1.0,2.392417018647605,1.0,2.0,1.0,1.0,4522.0,1000.0
4523.0,0.648765,1.6783596947789456E-10,4523.0,18.0,1.0,2.391888073916531,1.0,2.0,1.0,1.0,4523.0,1000.0
4524.0,0.648855,1.6785925254225994E-10,4524.0,18.0,1.0,2.391359363024861,1.0,2.0,1.0,1.0,4524.0,1000.0
4525.0,0.648944,1.6788227690591015E-10,4525.0,18.0,1.0,2.390830885817562,1.0,2.0,1.0,1.0,4525.0,1000.0
4526.0,0.649036,1.6790607737170588E-10,4526.0,18.0,1.0,2.3903026421397415,1.0,2.0,1.0,1.0,4526.0,1000.0
4527.0,0.649126,1.6792936043607127E-10,4527.0,18.0,1.0,2.38977463183664,1.0,2.0,1.0,1.0,4527.0,1000.0
4528.0,0.649217,1.6795290220115182E-10,4528.0,18.0,1.0,2.389246854753637,1.0,2.0,1.0,1.0,4528.0,1000.0
4529.0,0.649306,1.6797592656480204E-10,4529.0,18.0,1.0,2.3887193107362483,1.0,2.0,1.0,1.0,4529.0,1000.0
4530.0,0.649398,1.6799972703059777E-10,4530.0,18.0,1.0,2.3881919996301257,1.0,2.0,1.0,1.0,4530.0,1000.0
4531.0,0.649503,1.6802689060569071E-10,4531.0,18.0,1.0,2.3876649212810572,1.0,2.0,1.0,1.0,4531.0,1000.0
4532.0,0.6496,1.680519845750623E-10,4532.0,18.0,1.0,2.387138075534967,1.0,2.0,1.0,1.0,4532.0,1000.0
4533.0,0.649689,1.6807500893871252E-10,4533.0,18.0,1.0,2.3866114622379153,1.0,2.0,1.0,1.0,4533.0,1000.0
4534.0,0.649781,1.6809880940450825E-10,4534.0,18.0,1.0,2.3860850812360983,1.0,2.0,1.0,1.0,4534.0,1000.0
4535.0,0.64987,1.6812183376815846E-10,4535.0,18.0,1.0,2.3855589323758477,1.0,2.0,1.0,1.0,4535.0,1000.0
4536.0,0.64996,1.6814511683252384E-10,4536.0,18.0,1.0,2.385033015503631,1.0,2.0,1.0,1.0,4536.0,1000.0
4537.0,0.65005,1.6816839989688923E-10,4537.0,18.0,1.0,2.3845073304660502,1.0,2.0,1.0,1.0,4537.0,1000.0
4538.0,0.650141,1.6819194166196979E-10,4538.0,18.0,1.0,2.3839818771098433,1.0,2.0,1.0,1.0,4538.0,1000.0
4539.0,0.650232,1.6821548342705034E-10,4539.0,18.0,1.0,2.3834566552818837,1.0,2.0,1.0,1.0,4539.0,1000.0
4540.0,0.650323,1.682390251921309E-10,4540.0,18.0,1.0,2.3829316648291785,1.0,2.0,1.0,1.0,4540.0,1000.0
4541.0,0.650415,1.6826282565792663E-10,4541.0,18.0,1.0,2.38240690559887,1.0,2.0,1.0,1.0,4541.0,1000.0
4542.0,0.650507,1.6828662612372236E-10,4542.0,18.0,1.0,2.3818823774382363,1.0,2.0,1.0,1.0,4542.0,1000.0
4543.0,0.650597,1.6830990918808774E-10,4543.0,18.0,1.0,2.3813580801946883,1.0,2.0,1.0,1.0,4543.0,1000.0
4544.0,0.650711,1.6833940106961725E-10,4544.0,18.0,1.0,2.380834013715772,1.0,2.0,1.0,1.0,4544.0,1000.0
4545.0,0.650812,1.683655298418495E-10,4545.0,18.0,1.0,2.3803101778491684,1.0,2.0,1.0,1.0,4545.0,1000.0
4546.0,0.65092,1.6839346951908797E-10,4546.0,18.0,1.0,2.3797865724426903,1.0,2.0,1.0,1.0,4546.0,1000.0
4547.0,0.651027,1.6842115049561126E-10,4547.0,18.0,1.0,2.379263197344286,1.0,2.0,1.0,1.0,4547.0,1000.0
4548.0,0.651122,1.684457270635525E-10,4548.0,18.0,1.0,2.3787400524020383,1.0,2.0,1.0,1.0,4548.0,1000.0
4549.0,0.651212,1.684690101279179E-10,4549.0,18.0,1.0,2.378217137464161,1.0,2.0,1.0,1.0,4549.0,1000.0
4550.0,0.651305,1.684930692944288E-10,4550.0,18.0,1.0,2.3776944523790045,1.0,2.0,1.0,1.0,4550.0,1000.0
4551.0,0.651397,1.6851686976022453E-10,4551.0,18.0,1.0,2.3771719969950493,1.0,2.0,1.0,1.0,4551.0,1000.0
4552.0,0.651492,1.6854144632816578E-10,4552.0,18.0,1.0,2.3766497711609116,1.0,2.0,1.0,1.0,4552.0,1000.0
4553.0,0.651585,1.6856550549467668E-10,4553.0,18.0,1.0,2.3761277747253393,1.0,2.0,1.0,1.0,4553.0,1000.0
4554.0,0.651675,1.6858878855904206E-10,4554.0,18.0,1.0,2.3756060075372134,1.0,2.0,1.0,1.0,4554.0,1000.0
4555.0,0.651765,1.6861207162340745E-10,4555.0,18.0,1.0,2.3750844694455475,1.0,2.0,1.0,1.0,4555.0,1000.0
4556.0,0.651855,1.6863535468777283E-10,4556.0,18.0,1.0,2.3745631602994886,1.0,2.0,1.0,1.0,4556.0,1000.0
4557.0,0.651947,1.6865915515356856E-10,4557.0,18.0,1.0,2.3740420799483144,1.0,2.0,1.0,1.0,4557.0,1000.0
4558.0,0.652064,1.6868942313724356E-10,4558.0,18.0,1.0,2.373521228241437,1.0,2.0,1.0,1.0,4558.0,1000.0
4559.0,0.652157,1.6871348230375446E-10,4559.0,18.0,1.0,2.3730006050283987,1.0,2.0,1.0,1.0,4559.0,1000.0
4560.0,0.652248,1.6873702406883502E-10,4560.0,18.0,1.0,2.372480210158875,1.0,2.0,1.0,1.0,4560.0,1000.0
4561.0,0.652352,1.687639289432128E-10,4561.0,18.0,1.0,2.3719600434826726,1.0,2.0,1.0,1.0,4561.0,1000.0
4562.0,0.65245,1.6878928161329956E-10,4562.0,18.0,1.0,2.3714401048497304,1.0,2.0,1.0,1.0,4562.0,1000.0
4563.0,0.652546,1.6881411688195598E-10,4563.0,18.0,1.0,2.3709203941101182,1.0,2.0,1.0,1.0,4563.0,1000.0
4564.0,0.652637,1.6883765864703653E-10,4564.0,18.0,1.0,2.370400911114038,1.0,2.0,1.0,1.0,4564.0,1000.0
4565.0,0.652727,1.6886094171140192E-10,4565.0,18.0,1.0,2.3698816557118225,1.0,2.0,1.0,1.0,4565.0,1000.0
4566.0,0.652819,1.6888474217719765E-10,4566.0,18.0,1.0,2.3693626277539357,1.0,2.0,1.0,1.0,4566.0,1000.0
4567.0,0.652909,1.6890802524156303E-10,4567.0,18.0,1.0,2.368843827090972,1.0,2.0,1.0,1.0,4567.0,1000.0
4568.0,0.652999,1.6893130830592842E-10,4568.0,18.0,1.0,2.368325253573658,1.0,2.0,1.0,1.0,4568.0,1000.0
4569.0,0.653089,1.689545913702938E-10,4569.0,18.0,1.0,2.3678069070528496,1.0,2.0,1.0,1.0,4569.0,1000.0
4570.0,0.653181,1.6897839183608953E-10,4570.0,18.0,1.0,2.367288787379534,1.0,2.0,1.0,1.0,4570.0,1000.0
4571.0,0.653273,1.6900219230188526E-10,4571.0,18.0,1.0,2.3667708944048282,1.0,2.0,1.0,1.0,4571.0,1000.0
4572.0,0.653367,1.6902651016911134E-10,4572.0,18.0,1.0,2.36625322797998,1.0,2.0,1.0,1.0,4572.0,1000.0
4573.0,0.653458,1.690500519341919E-10,4573.0,18.0,1.0,2.3657357879563676,1.0,2.0,1.0,1.0,4573.0,1000.0
4574.0,0.653549,1.6907359369927245E-10,4574.0,18.0,1.0,2.3652185741854983,1.0,2.0,1.0,1.0,4574.0,1000.0
4575.0,0.653644,1.690981702672137E-10,4575.0,18.0,1.0,2.36470158651901,1.0,2.0,1.0,1.0,4575.0,1000.0
4576.0,0.653733,1.691211946308639E-10,4576.0,18.0,1.0,2.364184824808669,1.0,2.0,1.0,1.0,4576.0,1000.0
4577.0,0.653823,1.691444776952293E-10,4577.0,18.0,1.0,2.363668288906373,1.0,2.0,1.0,1.0,4577.0,1000.0
4578.0,0.653914,1.6916801946030985E-10,4578.0,18.0,1.0,2.363151978664148,1.0,2.0,1.0,1.0,4578.0,1000.0
4579.0,0.654005,1.691915612253904E-10,4579.0,18.0,1.0,2.3626358939341494,1.0,2.0,1.0,1.0,4579.0,1000.0
4580.0,0.654094,1.6921458558904062E-10,4580.0,18.0,1.0,2.3621200345686617,1.0,2.0,1.0,1.0,4580.0,1000.0
4581.0,0.654187,1.6923864475555152E-10,4581.0,18.0,1.0,2.3616044004200982,1.0,2.0,1.0,1.0,4581.0,1000.0
4582.0,0.654278,1.6926218652063208E-10,4582.0,18.0,1.0,2.361088991341002,1.0,2.0,1.0,1.0,4582.0,1000.0
4583.0,0.654368,1.6928546958499746E-10,4583.0,18.0,1.0,2.360573807184043,1.0,2.0,1.0,1.0,4583.0,1000.0
4584.0,0.654459,1.6930901135007802E-10,4584.0,18.0,1.0,2.3600588478020224,1.0,2.0,1.0,1.0,4584.0,1000.0
4585.0,0.654549,1.693322944144434E-10,4585.0,18.0,1.0,2.3595441130478667,1.0,2.0,1.0,1.0,4585.0,1000.0
4586.0,0.654655,1.6935971669025153E-10,4586.0,18.0,1.0,2.359029602774634,1.0,2.0,1.0,1.0,4586.0,1000.0
4587.0,0.654745,1.693829997546169E-10,4587.0,18.0,1.0,2.358515316835507,1.0,2.0,1.0,1.0,4587.0,1000.0
4588.0,0.654835,1.694062828189823E-10,4588.0,18.0,1.0,2.3580012550837988,1.0,2.0,1.0,1.0,4588.0,1000.0
4589.0,0.654925,1.6942956588334768E-10,4589.0,18.0,1.0,2.3574874173729503,1.0,2.0,1.0,1.0,4589.0,1000.0
4590.0,0.655017,1.694533663491434E-10,4590.0,18.0,1.0,2.3569738035565293,1.0,2.0,1.0,1.0,4590.0,1000.0
4591.0,0.655111,1.6947768421636948E-10,4591.0,18.0,1.0,2.3564604134882314,1.0,2.0,1.0,1.0,4591.0,1000.0
4592.0,0.655199,1.6950044987930452E-10,4592.0,18.0,1.0,2.3559472470218794,1.0,2.0,1.0,1.0,4592.0,1000.0
4593.0,0.655293,1.695247677465306E-10,4593.0,18.0,1.0,2.355434304011424,1.0,2.0,1.0,1.0,4593.0,1000.0
4594.0,0.655384,1.6954830951161116E-10,4594.0,18.0,1.0,2.3549215843109423,1.0,2.0,1.0,1.0,4594.0,1000.0
4595.0,0.655477,1.6957236867812206E-10,4595.0,18.0,1.0,2.3544090877746395,1.0,2.0,1.0,1.0,4595.0,1000.0
4596.0,0.655567,1.6959565174248744E-10,4596.0,18.0,1.0,2.353896814256847,1.0,2.0,1.0,1.0,4596.0,1000.0
4597.0,0.655658,1.69619193507568E-10,4597.0,18.0,1.0,2.353384763612023,1.0,2.0,1.0,1.0,4597.0,1000.0
4598.0,0.655749,1.6964273527264856E-10,4598.0,18.0,1.0,2.352872935694752,1.0,2.0,1.0,1.0,4598.0,1000.0
4599.0,0.655839,1.6966601833701394E-10,4599.0,18.0,1.0,2.3523613303597455,1.0,2.0,1.0,1.0,4599.0,1000.0
4600.0,0.655929,1.6968930140137933E-10,4600.0,18.0,1.0,2.351849947461841,1.0,2.0,1.0,1.0,4600.0,1000.0
4601.0,0.65603,1.6971543017361158E-10,4601.0,18.0,1.0,2.351338786856003,1.0,2.0,1.0,1.0,4601.0,1000.0
4602.0,0.656122,1.697392306394073E-10,4602.0,18.0,1.0,2.3508278483973206,1.0,2.0,1.0,1.0,4602.0,1000.0
4603.0,0.656213,1.6976277240448787E-10,4603.0,18.0,1.0,2.35031713194101,1.0,2.0,1.0,1.0,4603.0,1000.0
4604.0,0.656303,1.6978605546885325E-10,4604.0,18.0,1.0,2.349806637342413,1.0,2.0,1.0,1.0,4604.0,1000.0
4605.0,0.656394,1.698095972339338E-10,4605.0,18.0,1.0,2.349296364456997,1.0,2.0,1.0,1.0,4605.0,1000.0
4606.0,0.656493,1.6983520860473575E-10,4606.0,18.0,1.0,2.3487863131403537,1.0,2.0,1.0,1.0,4606.0,1000.0
4607.0,0.656583,1.6985849166910113E-10,4607.0,18.0,1.0,2.3482764832482026,1.0,2.0,1.0,1.0,4607.0,1000.0
4608.0,0.656674,1.698820334341817E-10,4608.0,18.0,1.0,2.3477668746363864,1.0,2.0,1.0,1.0,4608.0,1000.0
4609.0,0.656765,1.6990557519926225E-10,4609.0,18.0,1.0,2.3472574871608742,1.0,2.0,1.0,1.0,4609.0,1000.0
4610.0,0.656857,1.6992937566505798E-10,4610.0,18.0,1.0,2.3467483206777593,1.0,2.0,1.0,1.0,4610.0,1000.0
4611.0,0.656949,1.699531761308537E-10,4611.0,18.0,1.0,2.3462393750432593,1.0,2.0,1.0,1.0,4611.0,1000.0
4612.0,0.657046,1.699782701002253E-10,4612.0,18.0,1.0,2.3457306501137185,1.0,2.0,1.0,1.0,4612.0,1000.0
4613.0,0.65714,1.7000258796745138E-10,4613.0,18.0,1.0,2.3452221457456037,1.0,2.0,1.0,1.0,4613.0,1000.0
4614.0,0.657233,1.7002664713396228E-10,4614.0,18.0,1.0,2.344713861795507,1.0,2.0,1.0,1.0,4614.0,1000.0
4615.0,0.657324,1.7005018889904284E-10,4615.0,18.0,1.0,2.344205798120145,1.0,2.0,1.0,1.0,4615.0,1000.0
4616.0,0.657415,1.700737306641234E-10,4616.0,18.0,1.0,2.343697954576358,1.0,2.0,1.0,1.0,4616.0,1000.0
4617.0,0.657504,1.700967550277736E-10,4617.0,18.0,1.0,2.343190331021111,1.0,2.0,1.0,1.0,4617.0,1000.0
4618.0,0.657594,1.70120038092139E-10,4618.0,18.0,1.0,2.342682927311492,1.0,2.0,1.0,1.0,4618.0,1000.0
4619.0,0.657685,1.7014357985721955E-10,4619.0,18.0,1.0,2.342175743304713,1.0,2.0,1.0,1.0,4619.0,1000.0
4620.0,0.657779,1.7016789772444562E-10,4620.0,18.0,1.0,2.3416687788581103,1.0,2.0,1.0,1.0,4620.0,1000.0
4621.0,0.657872,1.7019195689095652E-10,4621.0,18.0,1.0,2.341162033829143,1.0,2.0,1.0,1.0,4621.0,1000.0
4622.0,0.657963,1.7021549865603708E-10,4622.0,18.0,1.0,2.3406555080753937,1.0,2.0,1.0,1.0,4622.0,1000.0
4623.0,0.658054,1.7023904042111764E-10,4623.0,18.0,1.0,2.3401492014545684,1.0,2.0,1.0,1.0,4623.0,1000.0
4624.0,0.658148,1.702633582883437E-10,4624.0,18.0,1.0,2.339643113824496,1.0,2.0,1.0,1.0,4624.0,1000.0
4625.0,0.658241,1.7028741745485461E-10,4625.0,18.0,1.0,2.3391372450431285,1.0,2.0,1.0,1.0,4625.0,1000.0
4626.0,0.658333,1.7031121792065034E-10,4626.0,18.0,1.0,2.3386315949685406,1.0,2.0,1.0,1.0,4626.0,1000.0
4627.0,0.658425,1.7033501838644607E-10,4627.0,18.0,1.0,2.3381261634589303,1.0,2.0,1.0,1.0,4627.0,1000.0
4628.0,0.658515,1.7035830145081146E-10,4628.0,18.0,1.0,2.3376209503726164,1.0,2.0,1.0,1.0,4628.0,1000.0
4629.0,0.658606,1.7038184321589202E-10,4629.0,18.0,1.0,2.3371159555680427,1.0,2.0,1.0,1.0,4629.0,1000.0
4630.0,0.658695,1.7040486757954223E-10,4630.0,18.0,1.0,2.336611178903773,1.0,2.0,1.0,1.0,4630.0,1000.0
4631.0,0.65879,1.7042944414748347E-10,4631.0,18.0,1.0,2.336106620238495,1.0,2.0,1.0,1.0,4631.0,1000.0
4632.0,0.658878,1.7045220981041851E-10,4632.0,18.0,1.0,2.3356022794310167,1.0,2.0,1.0,1.0,4632.0,1000.0
4633.0,0.658968,1.704754928747839E-10,4633.0,18.0,1.0,2.3350981563402695,1.0,2.0,1.0,1.0,4633.0,1000.0
4634.0,0.659058,1.7049877593914928E-10,4634.0,18.0,1.0,2.3345942508253064,1.0,2.0,1.0,1.0,4634.0,1000.0
4635.0,0.659147,1.705218003027995E-10,4635.0,18.0,1.0,2.334090562745301,1.0,2.0,1.0,1.0,4635.0,1000.0
4636.0,0.659238,1.7054534206788005E-10,4636.0,18.0,1.0,2.333587091959549,1.0,2.0,1.0,1.0,4636.0,1000.0
4637.0,0.659331,1.7056940123439095E-10,4637.0,18.0,1.0,2.333083838327468,1.0,2.0,1.0,1.0,4637.0,1000.0
4638.0,0.659421,1.7059268429875634E-10,4638.0,18.0,1.0,2.3325808017085965,1.0,2.0,1.0,1.0,4638.0,1000.0
4639.0,0.659512,1.706162260638369E-10,4639.0,18.0,1.0,2.332077981962593,1.0,2.0,1.0,1.0,4639.0,1000.0
4640.0,0.659604,1.7064002652963262E-10,4640.0,18.0,1.0,2.331575378949239,1.0,2.0,1.0,1.0,4640.0,1000.0
4641.0,0.659698,1.706643443968587E-10,4641.0,18.0,1.0,2.3310729925284357,1.0,2.0,1.0,1.0,4641.0,1000.0
4642.0,0.659788,1.7068762746122408E-10,4642.0,18.0,1.0,2.3305708225602046,1.0,2.0,1.0,1.0,4642.0,1000.0
4643.0,0.659879,1.7071116922630464E-10,4643.0,18.0,1.0,2.330068868904689,1.0,2.0,1.0,1.0,4643.0,1000.0
4644.0,0.659969,1.7073445229067003E-10,4644.0,18.0,1.0,2.329567131422151,1.0,2.0,1.0,1.0,4644.0,1000.0
4645.0,0.660061,1.7075825275646576E-10,4645.0,18.0,1.0,2.329065609972975,1.0,2.0,1.0,1.0,4645.0,1000.0
4646.0,0.660151,1.7078153582083114E-10,4646.0,18.0,1.0,2.3285643044176645,1.0,2.0,1.0,1.0,4646.0,1000.0
4647.0,0.660242,1.708050775859117E-10,4647.0,18.0,1.0,2.328063214616843,1.0,2.0,1.0,1.0,4647.0,1000.0
4648.0,0.660332,1.7082836065027708E-10,4648.0,18.0,1.0,2.327562340431254,1.0,2.0,1.0,1.0,4648.0,1000.0
4649.0,0.660423,1.7085190241535764E-10,4649.0,18.0,1.0,2.3270616817217618,1.0,2.0,1.0,1.0,4649.0,1000.0
4650.0,0.660513,1.7087518547972302E-10,4650.0,18.0,1.0,2.326561238349348,1.0,2.0,1.0,1.0,4650.0,1000.0
4651.0,0.660608,1.7089976204766427E-10,4651.0,18.0,1.0,2.326061010175117,1.0,2.0,1.0,1.0,4651.0,1000.0
4652.0,0.6607,1.7092356251346E-10,4652.0,18.0,1.0,2.32556099706029,1.0,2.0,1.0,1.0,4652.0,1000.0
4653.0,0.660792,1.7094736297925573E-10,4653.0,18.0,1.0,2.3250611988662087,1.0,2.0,1.0,1.0,4653.0,1000.0
4654.0,0.660884,1.7097116344505146E-10,4654.0,18.0,1.0,2.324561615454334,1.0,2.0,1.0,1.0,4654.0,1000.0
4655.0,0.660976,1.709949639108472E-10,4655.0,18.0,1.0,2.324062246686245,1.0,2.0,1.0,1.0,4655.0,1000.0
4656.0,0.661067,1.7101850567592775E-10,4656.0,18.0,1.0,2.3235630924236403,1.0,2.0,1.0,1.0,4656.0,1000.0
4657.0,0.661162,1.71043082243869E-10,4657.0,18.0,1.0,2.323064152528338,1.0,2.0,1.0,1.0,4657.0,1000.0
4658.0,0.661253,1.7106662400894955E-10,4658.0,18.0,1.0,2.3225654268622735,1.0,2.0,1.0,1.0,4658.0,1000.0
4659.0,0.661344,1.710901657740301E-10,4659.0,18.0,1.0,2.3220669152875018,1.0,2.0,1.0,1.0,4659.0,1000.0
4660.0,0.661436,1.7111396623982584E-10,4660.0,18.0,1.0,2.321568617666195,1.0,2.0,1.0,1.0,4660.0,1000.0
4661.0,0.661531,1.7113854280776709E-10,4661.0,18.0,1.0,2.3210705338606457,1.0,2.0,1.0,1.0,4661.0,1000.0
4662.0,0.661621,1.7116182587213247E-10,4662.0,18.0,1.0,2.3205726637332624,1.0,2.0,1.0,1.0,4662.0,1000.0
4663.0,0.661713,1.711856263379282E-10,4663.0,18.0,1.0,2.3200750071465728,1.0,2.0,1.0,1.0,4663.0,1000.0
4664.0,0.661803,1.7120890940229358E-10,4664.0,18.0,1.0,2.3195775639632226,1.0,2.0,1.0,1.0,4664.0,1000.0
4665.0,0.661903,1.7123477947381067E-10,4665.0,18.0,1.0,2.319080334045974,1.0,2.0,1.0,1.0,4665.0,1000.0
4666.0,0.661994,1.7125832123889123E-10,4666.0,18.0,1.0,2.318583317257709,1.0,2.0,1.0,1.0,4666.0,1000.0
4667.0,0.662085,1.7128186300397178E-10,4667.0,18.0,1.0,2.318086513461425,1.0,2.0,1.0,1.0,4667.0,1000.0
4668.0,0.662175,1.7130514606833717E-10,4668.0,18.0,1.0,2.317589922520238,1.0,2.0,1.0,1.0,4668.0,1000.0
4669.0,0.662265,1.7132842913270255E-10,4669.0,18.0,1.0,2.3170935442973803,1.0,2.0,1.0,1.0,4669.0,1000.0
4670.0,0.662356,1.713519708977831E-10,4670.0,18.0,1.0,2.3165973786562035,1.0,2.0,1.0,1.0,4670.0,1000.0
4671.0,0.662451,1.7137654746572436E-10,4671.0,18.0,1.0,2.3161014254601735,1.0,2.0,1.0,1.0,4671.0,1000.0
4672.0,0.662541,1.7139983053008974E-10,4672.0,18.0,1.0,2.3156056845728745,1.0,2.0,1.0,1.0,4672.0,1000.0
4673.0,0.662632,1.714233722951703E-10,4673.0,18.0,1.0,2.3151101558580076,1.0,2.0,1.0,1.0,4673.0,1000.0
4674.0,0.662723,1.7144691406025086E-10,4674.0,18.0,1.0,2.31461483917939,1.0,2.0,1.0,1.0,4674.0,1000.0
4675.0,0.662816,1.7147097322676176E-10,4675.0,18.0,1.0,2.314119734400956,1.0,2.0,1.0,1.0,4675.0,1000.0
4676.0,0.662907,1.7149451499184232E-10,4676.0,18.0,1.0,2.3136248413867557,1.0,2.0,1.0,1.0,4676.0,1000.0
4677.0,0.662999,1.7151831545763804E-10,4677.0,18.0,1.0,2.3131301600009557,1.0,2.0,1.0,1.0,4677.0,1000.0
4678.0,0.66309,1.715418572227186E-10,4678.0,18.0,1.0,2.3126356901078386,1.0,2.0,1.0,1.0,4678.0,1000.0
4679.0,0.663189,1.7156746859352054E-10,4679.0,18.0,1.0,2.3121414315718036,1.0,2.0,1.0,1.0,4679.0,1000.0
4680.0,0.663279,1.7159075165788592E-10,4680.0,18.0,1.0,2.3116473842573653,1.0,2.0,1.0,1.0,4680.0,1000.0
4681.0,0.663374,1.7161532822582717E-10,4681.0,18.0,1.0,2.311153548029154,1.0,2.0,1.0,1.0,4681.0,1000.0
4682.0,0.663466,1.716391286916229E-10,4682.0,18.0,1.0,2.3106599227519156,1.0,2.0,1.0,1.0,4682.0,1000.0
4683.0,0.663558,1.7166292915741863E-10,4683.0,18.0,1.0,2.3101665082905125,1.0,2.0,1.0,1.0,4683.0,1000.0
4684.0,0.663649,1.716864709224992E-10,4684.0,18.0,1.0,2.309673304509921,1.0,2.0,1.0,1.0,4684.0,1000.0
4685.0,0.663743,1.7171078878972526E-10,4685.0,18.0,1.0,2.3091803112752336,1.0,2.0,1.0,1.0,4685.0,1000.0
4686.0,0.663833,1.7173407185409065E-10,4686.0,18.0,1.0,2.308687528451658,1.0,2.0,1.0,1.0,4686.0,1000.0
4687.0,0.663924,1.717576136191712E-10,4687.0,18.0,1.0,2.3081949559045167,1.0,2.0,1.0,1.0,4687.0,1000.0
4688.0,0.664014,1.717808966835366E-10,4688.0,18.0,1.0,2.307702593499247,1.0,2.0,1.0,1.0,4688.0,1000.0
4689.0,0.664105,1.7180443844861715E-10,4689.0,18.0,1.0,2.307210441101401,1.0,2.0,1.0,1.0,4689.0,1000.0
4690.0,0.664197,1.7182823891441288E-10,4690.0,18.0,1.0,2.306718498576646,1.0,2.0,1.0,1.0,4690.0,1000.0
4691.0,0.664291,1.7185255678163895E-10,4691.0,18.0,1.0,2.306226765790763,1.0,2.0,1.0,1.0,4691.0,1000.0
4692.0,0.664382,1.718760985467195E-10,4692.0,18.0,1.0,2.3057352426096482,1.0,2.0,1.0,1.0,4692.0,1000.0
4693.0,0.664476,1.7190041641394558E-10,4693.0,18.0,1.0,2.3052439288993116,1.0,2.0,1.0,1.0,4693.0,1000.0
4694.0,0.664581,1.7192757998903853E-10,4694.0,18.0,1.0,2.3047528245258775,1.0,2.0,1.0,1.0,4694.0,1000.0
4695.0,0.664684,1.7195422616270114E-10,4695.0,18.0,1.0,2.3042619293555844,1.0,2.0,1.0,1.0,4695.0,1000.0
4696.0,0.664786,1.7198061363564857E-10,4696.0,18.0,1.0,2.303771243254785,1.0,2.0,1.0,1.0,4696.0,1000.0
4697.0,0.664885,1.720062250064505E-10,4697.0,18.0,1.0,2.3032807660899444,1.0,2.0,1.0,1.0,4697.0,1000.0
4698.0,0.664974,1.7202924937010072E-10,4698.0,18.0,1.0,2.3027904977276434,1.0,2.0,1.0,1.0,4698.0,1000.0
4699.0,0.665065,1.7205279113518127E-10,4699.0,18.0,1.0,2.3023004380345755,1.0,2.0,1.0,1.0,4699.0,1000.0
4700.0,0.665165,1.7207866120669836E-10,4700.0,18.0,1.0,2.3018105868775467,1.0,2.0,1.0,1.0,4700.0,1000.0
4701.0,0.665264,1.721042725775003E-10,4701.0,18.0,1.0,2.301320944123478,1.0,2.0,1.0,1.0,4701.0,1000.0
4702.0,0.665352,1.7212703824043534E-10,4702.0,18.0,1.0,2.3008315096394023,1.0,2.0,1.0,1.0,4702.0,1000.0
4703.0,0.66545,1.721523909105221E-10,4703.0,18.0,1.0,2.3003422832924665,1.0,2.0,1.0,1.0,4703.0,1000.0
4704.0,0.66554,1.7217567397488749E-10,4704.0,18.0,1.0,2.2998532649499297,1.0,2.0,1.0,1.0,4704.0,1000.0
4705.0,0.665638,1.7220102664497425E-10,4705.0,18.0,1.0,2.2993644544791647,1.0,2.0,1.0,1.0,4705.0,1000.0
4706.0,0.665728,1.7222430970933964E-10,4706.0,18.0,1.0,2.298875851747656,1.0,2.0,1.0,1.0,4706.0,1000.0
4707.0,0.665819,1.722478514744202E-10,4707.0,18.0,1.0,2.298387456623002,1.0,2.0,1.0,1.0,4707.0,1000.0
4708.0,0.665909,1.7227113453878558E-10,4708.0,18.0,1.0,2.297899268972912,1.0,2.0,1.0,1.0,4708.0,1000.0
4709.0,0.666,1.7229467630386613E-10,4709.0,18.0,1.0,2.297411288665209,1.0,2.0,1.0,1.0,4709.0,1000.0
4710.0,0.666095,1.7231925287180738E-10,4710.0,18.0,1.0,2.296923515567828,1.0,2.0,1.0,1.0,4710.0,1000.0
4711.0,0.666188,1.7234331203831828E-10,4711.0,18.0,1.0,2.2964359495488154,1.0,2.0,1.0,1.0,4711.0,1000.0
4712.0,0.666277,1.723663364019685E-10,4712.0,18.0,1.0,2.2959485904763306,1.0,2.0,1.0,1.0,4712.0,1000.0
4713.0,0.666366,1.723893607656187E-10,4713.0,18.0,1.0,2.295461438218644,1.0,2.0,1.0,1.0,4713.0,1000.0
4714.0,0.666455,1.7241238512926892E-10,4714.0,18.0,1.0,2.2949744926441387,1.0,2.0,1.0,1.0,4714.0,1000.0
4715.0,0.666546,1.7243592689434948E-10,4715.0,18.0,1.0,2.2944877536213086,1.0,2.0,1.0,1.0,4715.0,1000.0
4716.0,0.666637,1.7245946865943003E-10,4716.0,18.0,1.0,2.2940012210187595,1.0,2.0,1.0,1.0,4716.0,1000.0
4717.0,0.666725,1.7248223432236507E-10,4717.0,18.0,1.0,2.2935148947052086,1.0,2.0,1.0,1.0,4717.0,1000.0
4718.0,0.666815,1.7250551738673046E-10,4718.0,18.0,1.0,2.293028774549485,1.0,2.0,1.0,1.0,4718.0,1000.0
4719.0,0.666908,1.7252957655324136E-10,4719.0,18.0,1.0,2.292542860420528,1.0,2.0,1.0,1.0,4719.0,1000.0
4720.0,0.666998,1.7255285961760674E-10,4720.0,18.0,1.0,2.292057152187388,1.0,2.0,1.0,1.0,4720.0,1000.0
4721.0,0.667092,1.7257717748483282E-10,4721.0,18.0,1.0,2.2915716497192267,1.0,2.0,1.0,1.0,4721.0,1000.0
4722.0,0.667181,1.7260020184848303E-10,4722.0,18.0,1.0,2.2910863528853174,1.0,2.0,1.0,1.0,4722.0,1000.0
4723.0,0.667271,1.7262348491284841E-10,4723.0,18.0,1.0,2.2906012615550435,1.0,2.0,1.0,1.0,4723.0,1000.0
4724.0,0.667361,1.726467679772138E-10,4724.0,18.0,1.0,2.290116375597898,1.0,2.0,1.0,1.0,4724.0,1000.0
4725.0,0.667449,1.7266953364014884E-10,4725.0,18.0,1.0,2.289631694883486,1.0,2.0,1.0,1.0,4725.0,1000.0
4726.0,0.66754,1.726930754052294E-10,4726.0,18.0,1.0,2.289147219281521,1.0,2.0,1.0,1.0,4726.0,1000.0
4727.0,0.667632,1.7271687587102513E-10,4727.0,18.0,1.0,2.28866294866183,1.0,2.0,1.0,1.0,4727.0,1000.0
4728.0,0.667734,1.7274326334397256E-10,4728.0,18.0,1.0,2.2881788828943463,1.0,2.0,1.0,1.0,4728.0,1000.0
4729.0,0.667825,1.727668051090531E-10,4729.0,18.0,1.0,2.287695021849116,1.0,2.0,1.0,1.0,4729.0,1000.0
4730.0,0.667915,1.727900881734185E-10,4730.0,18.0,1.0,2.2872113653962938,1.0,2.0,1.0,1.0,4730.0,1000.0
4731.0,0.668016,1.7281621694565075E-10,4731.0,18.0,1.0,2.2867279134061445,1.0,2.0,1.0,1.0,4731.0,1000.0
4732.0,0.668115,1.728418283164527E-10,4732.0,18.0,1.0,2.2862446657490425,1.0,2.0,1.0,1.0,4732.0,1000.0
4733.0,0.668211,1.7286666358510911E-10,4733.0,18.0,1.0,2.285761622295472,1.0,2.0,1.0,1.0,4733.0,1000.0
4734.0,0.668306,1.7289124015305036E-10,4734.0,18.0,1.0,2.2852787829160266,1.0,2.0,1.0,1.0,4734.0,1000.0
4735.0,0.668405,1.729168515238523E-10,4735.0,18.0,1.0,2.2847961474814085,1.0,2.0,1.0,1.0,4735.0,1000.0
4736.0,0.668495,1.7294013458821768E-10,4736.0,18.0,1.0,2.2843137158624303,1.0,2.0,1.0,1.0,4736.0,1000.0
4737.0,0.668587,1.7296393505401341E-10,4737.0,18.0,1.0,2.2838314879300126,1.0,2.0,1.0,1.0,4737.0,1000.0
4738.0,0.668677,1.729872181183788E-10,4738.0,18.0,1.0,2.2833494635551856,1.0,2.0,1.0,1.0,4738.0,1000.0
4739.0,0.668767,1.7301050118274418E-10,4739.0,18.0,1.0,2.282867642609088,1.0,2.0,1.0,1.0,4739.0,1000.0
4740.0,0.668855,1.7303326684567922E-10,4740.0,18.0,1.0,2.2823860249629684,1.0,2.0,1.0,1.0,4740.0,1000.0
4741.0,0.668948,1.7305732601219012E-10,4741.0,18.0,1.0,2.2819046104881817,1.0,2.0,1.0,1.0,4741.0,1000.0
4742.0,0.669038,1.730806090765555E-10,4742.0,18.0,1.0,2.2814233990561936,1.0,2.0,1.0,1.0,4742.0,1000.0
4743.0,0.669136,1.7310596174664227E-10,4743.0,18.0,1.0,2.2809423905385766,1.0,2.0,1.0,1.0,4743.0,1000.0
4744.0,0.669232,1.731307970152987E-10,4744.0,18.0,1.0,2.280461584807013,1.0,2.0,1.0,1.0,4744.0,1000.0
4745.0,0.669326,1.7315511488252477E-10,4745.0,18.0,1.0,2.2799809817332917,1.0,2.0,1.0,1.0,4745.0,1000.0
4746.0,0.669417,1.7317865664760533E-10,4746.0,18.0,1.0,2.279500581189311,1.0,2.0,1.0,1.0,4746.0,1000.0
4747.0,0.669511,1.732029745148314E-10,4747.0,18.0,1.0,2.279020383047076,1.0,2.0,1.0,1.0,4747.0,1000.0
4748.0,0.669612,1.7322910328706366E-10,4748.0,18.0,1.0,2.2785403871787,1.0,2.0,1.0,1.0,4748.0,1000.0
4749.0,0.669703,1.7325264505214422E-10,4749.0,18.0,1.0,2.2780605934564053,1.0,2.0,1.0,1.0,4749.0,1000.0
4750.0,0.669793,1.732759281165096E-10,4750.0,18.0,1.0,2.27758100175252,1.0,2.0,1.0,1.0,4750.0,1000.0
4751.0,0.669887,1.7330024598373568E-10,4751.0,18.0,1.0,2.27710161193948,1.0,2.0,1.0,1.0,4751.0,1000.0
4752.0,0.669979,1.733240464495314E-10,4752.0,18.0,1.0,2.2766224238898296,1.0,2.0,1.0,1.0,4752.0,1000.0
4753.0,0.670068,1.7334707081318162E-10,4753.0,18.0,1.0,2.276143437476219,1.0,2.0,1.0,1.0,4753.0,1000.0
4754.0,0.670158,1.73370353877547E-10,4754.0,18.0,1.0,2.275664652571407,1.0,2.0,1.0,1.0,4754.0,1000.0
4755.0,0.670253,1.7339493044548825E-10,4755.0,18.0,1.0,2.275186069048259,1.0,2.0,1.0,1.0,4755.0,1000.0
4756.0,0.670344,1.734184722105688E-10,4756.0,18.0,1.0,2.2747076867797453,1.0,2.0,1.0,1.0,4756.0,1000.0
4757.0,0.670434,1.734417552749342E-10,4757.0,18.0,1.0,2.2742295056389468,1.0,2.0,1.0,1.0,4757.0,1000.0
4758.0,0.670524,1.7346503833929958E-10,4758.0,18.0,1.0,2.2737515254990477,1.0,2.0,1.0,1.0,4758.0,1000.0
4759.0,0.670615,1.7348858010438013E-10,4759.0,18.0,1.0,2.273273746233341,1.0,2.0,1.0,1.0,4759.0,1000.0
4760.0,0.670705,1.7351186316874552E-10,4760.0,18.0,1.0,2.272796167715225,1.0,2.0,1.0,1.0,4760.0,1000.0
4761.0,0.670801,1.7353669843740194E-10,4761.0,18.0,1.0,2.272318789818204,1.0,2.0,1.0,1.0,4761.0,1000.0
4762.0,0.670891,1.7355998150176732E-10,4762.0,18.0,1.0,2.27184161241589,1.0,2.0,1.0,1.0,4762.0,1000.0
4763.0,0.670981,1.735832645661327E-10,4763.0,18.0,1.0,2.271364635382001,1.0,2.0,1.0,1.0,4763.0,1000.0
4764.0,0.671077,1.7360809983478913E-10,4764.0,18.0,1.0,2.270887858590359,1.0,2.0,1.0,1.0,4764.0,1000.0
4765.0,0.671167,1.736313828991545E-10,4765.0,18.0,1.0,2.270411281914894,1.0,2.0,1.0,1.0,4765.0,1000.0
4766.0,0.671257,1.736546659635199E-10,4766.0,18.0,1.0,2.269934905229641,1.0,2.0,1.0,1.0,4766.0,1000.0
4767.0,0.671348,1.7367820772860045E-10,4767.0,18.0,1.0,2.269458728408741,1.0,2.0,1.0,1.0,4767.0,1000.0
4768.0,0.671439,1.73701749493681E-10,4768.0,18.0,1.0,2.268982751326441,1.0,2.0,1.0,1.0,4768.0,1000.0
4769.0,0.671529,1.737250325580464E-10,4769.0,18.0,1.0,2.2685069738570918,1.0,2.0,1.0,1.0,4769.0,1000.0
4770.0,0.671621,1.7374883302384212E-10,4770.0,18.0,1.0,2.268031395875151,1.0,2.0,1.0,1.0,4770.0,1000.0
4771.0,0.671714,1.7377289219035303E-10,4771.0,18.0,1.0,2.267556017255181,1.0,2.0,1.0,1.0,4771.0,1000.0
4772.0,0.671804,1.737961752547184E-10,4772.0,18.0,1.0,2.26708083787185,1.0,2.0,1.0,1.0,4772.0,1000.0
4773.0,0.671894,1.738194583190838E-10,4773.0,18.0,1.0,2.266605857599931,1.0,2.0,1.0,1.0,4773.0,1000.0
4774.0,0.671983,1.73842482682734E-10,4774.0,18.0,1.0,2.2661310763143003,1.0,2.0,1.0,1.0,4774.0,1000.0
4775.0,0.672073,1.738657657470994E-10,4775.0,18.0,1.0,2.2656564938899413,1.0,2.0,1.0,1.0,4775.0,1000.0
4776.0,0.672165,1.7388956621289512E-10,4776.0,18.0,1.0,2.2651821102019407,1.0,2.0,1.0,1.0,4776.0,1000.0
4777.0,0.672254,1.7391259057654533E-10,4777.0,18.0,1.0,2.264707925125491,1.0,2.0,1.0,1.0,4777.0,1000.0
4778.0,0.672345,1.739361323416259E-10,4778.0,18.0,1.0,2.264233938535887,1.0,2.0,1.0,1.0,4778.0,1000.0
4779.0,0.672434,1.739591567052761E-10,4779.0,18.0,1.0,2.263760150308531,1.0,2.0,1.0,1.0,4779.0,1000.0
4780.0,0.672525,1.7398269847035666E-10,4780.0,18.0,1.0,2.2632865603189267,1.0,2.0,1.0,1.0,4780.0,1000.0
4781.0,0.672621,1.7400753373901308E-10,4781.0,18.0,1.0,2.2628131684426833,1.0,2.0,1.0,1.0,4781.0,1000.0
4782.0,0.67271,1.740305581026633E-10,4782.0,18.0,1.0,2.2623399745555144,1.0,2.0,1.0,1.0,4782.0,1000.0
4783.0,0.672802,1.7405435856845902E-10,4783.0,18.0,1.0,2.2618669785332366,1.0,2.0,1.0,1.0,4783.0,1000.0
4784.0,0.672898,1.7407919383711544E-10,4784.0,18.0,1.0,2.2613941802517705,1.0,2.0,1.0,1.0,4784.0,1000.0
4785.0,0.672989,1.74102735602196E-10,4785.0,18.0,1.0,2.260921579587141,1.0,2.0,1.0,1.0,4785.0,1000.0
4786.0,0.673079,1.7412601866656138E-10,4786.0,18.0,1.0,2.2604491764154764,1.0,2.0,1.0,1.0,4786.0,1000.0
4787.0,0.673169,1.7414930173092677E-10,4787.0,18.0,1.0,2.259976970613008,1.0,2.0,1.0,1.0,4787.0,1000.0
4788.0,0.673259,1.7417258479529215E-10,4788.0,18.0,1.0,2.2595049620560714,1.0,2.0,1.0,1.0,4788.0,1000.0
4789.0,0.673351,1.7419638526108788E-10,4789.0,18.0,1.0,2.2590331506211045,1.0,2.0,1.0,1.0,4789.0,1000.0
4790.0,0.673441,1.7421966832545326E-10,4790.0,18.0,1.0,2.2585615361846494,1.0,2.0,1.0,1.0,4790.0,1000.0
4791.0,0.673538,1.7424476229482486E-10,4791.0,18.0,1.0,2.25809011862335,1.0,2.0,1.0,1.0,4791.0,1000.0
4792.0,0.673634,1.7426959756348128E-10,4792.0,18.0,1.0,2.2576188978139546,1.0,2.0,1.0,1.0,4792.0,1000.0
4793.0,0.673724,1.7429288062784666E-10,4793.0,18.0,1.0,2.257147873633313,1.0,2.0,1.0,1.0,4793.0,1000.0
4794.0,0.673814,1.7431616369221205E-10,4794.0,18.0,1.0,2.256677045958379,1.0,2.0,1.0,1.0,4794.0,1000.0
4795.0,0.673903,1.7433918805586226E-10,4795.0,18.0,1.0,2.2562064146662086,1.0,2.0,1.0,1.0,4795.0,1000.0
4796.0,0.673995,1.74362988521658E-10,4796.0,18.0,1.0,2.2557359796339593,1.0,2.0,1.0,1.0,4796.0,1000.0
4797.0,0.674086,1.7438653028673855E-10,4797.0,18.0,1.0,2.255265740738893,1.0,2.0,1.0,1.0,4797.0,1000.0
4798.0,0.674176,1.7440981335110393E-10,4798.0,18.0,1.0,2.254795697858372,1.0,2.0,1.0,1.0,4798.0,1000.0
4799.0,0.674266,1.7443309641546931E-10,4799.0,18.0,1.0,2.2543258508698623,1.0,2.0,1.0,1.0,4799.0,1000.0
4800.0,0.674357,1.7445663818054987E-10,4800.0,18.0,1.0,2.253856199650931,1.0,2.0,1.0,1.0,4800.0,1000.0
4801.0,0.674449,1.744804386463456E-10,4801.0,18.0,1.0,2.253386744079248,1.0,2.0,1.0,1.0,4801.0,1000.0
4802.0,0.67454,1.7450398041142616E-10,4802.0,18.0,1.0,2.2529174840325843,1.0,2.0,1.0,1.0,4802.0,1000.0
4803.0,0.674631,1.7452752217650672E-10,4803.0,18.0,1.0,2.2524484193888132,1.0,2.0,1.0,1.0,4803.0,1000.0
4804.0,0.674721,1.745508052408721E-10,4804.0,18.0,1.0,2.2519795500259097,1.0,2.0,1.0,1.0,4804.0,1000.0
4805.0,0.674811,1.7457408830523748E-10,4805.0,18.0,1.0,2.25151087582195,1.0,2.0,1.0,1.0,4805.0,1000.0
4806.0,0.674901,1.7459737136960287E-10,4806.0,18.0,1.0,2.2510423966551123,1.0,2.0,1.0,1.0,4806.0,1000.0
4807.0,0.674991,1.7462065443396825E-10,4807.0,18.0,1.0,2.250574112403676,1.0,2.0,1.0,1.0,4807.0,1000.0
4808.0,0.675083,1.7464445489976398E-10,4808.0,18.0,1.0,2.2501060229460212,1.0,2.0,1.0,1.0,4808.0,1000.0
4809.0,0.675172,1.746674792634142E-10,4809.0,18.0,1.0,2.24963812816063,1.0,2.0,1.0,1.0,4809.0,1000.0
4810.0,0.675262,1.7469076232777958E-10,4810.0,18.0,1.0,2.249170427926085,1.0,2.0,1.0,1.0,4810.0,1000.0
4811.0,0.675354,1.747145627935753E-10,4811.0,18.0,1.0,2.2487029221210704,1.0,2.0,1.0,1.0,4811.0,1000.0
4812.0,0.675445,1.7473810455865587E-10,4812.0,18.0,1.0,2.2482356106243704,1.0,2.0,1.0,1.0,4812.0,1000.0
4813.0,0.675535,1.7476138762302125E-10,4813.0,18.0,1.0,2.24776849331487,1.0,2.0,1.0,1.0,4813.0,1000.0
4814.0,0.675623,1.747841532859563E-10,4814.0,18.0,1.0,2.247301570071556,1.0,2.0,1.0,1.0,4814.0,1000.0
4815.0,0.675715,1.7480795375175202E-10,4815.0,18.0,1.0,2.246834840773514,1.0,2.0,1.0,1.0,4815.0,1000.0
4816.0,0.675807,1.7483175421754775E-10,4816.0,18.0,1.0,2.2463683052999315,1.0,2.0,1.0,1.0,4816.0,1000.0
4817.0,0.675896,1.7485477858119796E-10,4817.0,18.0,1.0,2.2459019635300956,1.0,2.0,1.0,1.0,4817.0,1000.0
4818.0,0.675986,1.7487806164556334E-10,4818.0,18.0,1.0,2.2454358153433933,1.0,2.0,1.0,1.0,4818.0,1000.0
4819.0,0.676077,1.749016034106439E-10,4819.0,18.0,1.0,2.244969860619313,1.0,2.0,1.0,1.0,4819.0,1000.0
4820.0,0.676168,1.7492514517572446E-10,4820.0,18.0,1.0,2.244504099237442,1.0,2.0,1.0,1.0,4820.0,1000.0
4821.0,0.676261,1.7494920434223536E-10,4821.0,18.0,1.0,2.244038531077467,1.0,2.0,1.0,1.0,4821.0,1000.0
4822.0,0.676351,1.7497248740660075E-10,4822.0,18.0,1.0,2.2435731560191767,1.0,2.0,1.0,1.0,4822.0,1000.0
4823.0,0.676442,1.749960291716813E-10,4823.0,18.0,1.0,2.243107973942457,1.0,2.0,1.0,1.0,4823.0,1000.0
4824.0,0.676539,1.750211231410529E-10,4824.0,18.0,1.0,2.242642984727295,1.0,2.0,1.0,1.0,4824.0,1000.0
4825.0,0.676629,1.7504440620541828E-10,4825.0,18.0,1.0,2.242178188253776,1.0,2.0,1.0,1.0,4825.0,1000.0
4826.0,0.676718,1.750674305690685E-10,4826.0,18.0,1.0,2.2417135844020866,1.0,2.0,1.0,1.0,4826.0,1000.0
4827.0,0.676808,1.7509071363343388E-10,4827.0,18.0,1.0,2.241249173052511,1.0,2.0,1.0,1.0,4827.0,1000.0
4828.0,0.676899,1.7511425539851443E-10,4828.0,18.0,1.0,2.240784954085433,1.0,2.0,1.0,1.0,4828.0,1000.0
4829.0,0.67699,1.75137797163595E-10,4829.0,18.0,1.0,2.240320927381336,1.0,2.0,1.0,1.0,4829.0,1000.0
4830.0,0.677079,1.751608215272452E-10,4830.0,18.0,1.0,2.239857092820801,1.0,2.0,1.0,1.0,4830.0,1000.0
4831.0,0.677171,1.7518462199304093E-10,4831.0,18.0,1.0,2.2393934502845103,1.0,2.0,1.0,1.0,4831.0,1000.0
4832.0,0.677266,1.7520919856098218E-10,4832.0,18.0,1.0,2.238929999653243,1.0,2.0,1.0,1.0,4832.0,1000.0
4833.0,0.677357,1.7523274032606274E-10,4833.0,18.0,1.0,2.238466740807877,1.0,2.0,1.0,1.0,4833.0,1000.0
4834.0,0.677447,1.7525602339042812E-10,4834.0,18.0,1.0,2.2380036736293896,1.0,2.0,1.0,1.0,4834.0,1000.0
4835.0,0.677536,1.7527904775407833E-10,4835.0,18.0,1.0,2.237540797998856,1.0,2.0,1.0,1.0,4835.0,1000.0
4836.0,0.677627,1.753025895191589E-10,4836.0,18.0,1.0,2.2370781137974505,1.0,2.0,1.0,1.0,4836.0,1000.0
4837.0,0.677719,1.7532638998495462E-10,4837.0,18.0,1.0,2.236615620906444,1.0,2.0,1.0,1.0,4837.0,1000.0
4838.0,0.677809,1.7534967304932E-10,4838.0,18.0,1.0,2.2361533192072076,1.0,2.0,1.0,1.0,4838.0,1000.0
4839.0,0.6779,1.7537321481440056E-10,4839.0,18.0,1.0,2.235691208581209,1.0,2.0,1.0,1.0,4839.0,1000.0
4840.0,0.677991,1.7539675657948112E-10,4840.0,18.0,1.0,2.2352292889100145,1.0,2.0,1.0,1.0,4840.0,1000.0
4841.0,0.678082,1.7542029834456167E-10,4841.0,18.0,1.0,2.234767560075288,1.0,2.0,1.0,1.0,4841.0,1000.0
4842.0,0.678173,1.7544384010964223E-10,4842.0,18.0,1.0,2.234306021958792,1.0,2.0,1.0,1.0,4842.0,1000.0
4843.0,0.678263,1.7546712317400762E-10,4843.0,18.0,1.0,2.233844674442385,1.0,2.0,1.0,1.0,4843.0,1000.0
4844.0,0.678355,1.7549092363980335E-10,4844.0,18.0,1.0,2.2333835174080243,1.0,2.0,1.0,1.0,4844.0,1000.0
4845.0,0.678444,1.7551394800345356E-10,4845.0,18.0,1.0,2.2329225507377646,1.0,2.0,1.0,1.0,4845.0,1000.0
4846.0,0.678534,1.7553723106781894E-10,4846.0,18.0,1.0,2.232461774313758,1.0,2.0,1.0,1.0,4846.0,1000.0
4847.0,0.678623,1.7556025543146915E-10,4847.0,18.0,1.0,2.2320011880182524,1.0,2.0,1.0,1.0,4847.0,1000.0
4848.0,0.678717,1.7558457329869523E-10,4848.0,18.0,1.0,2.2315407917335954,1.0,2.0,1.0,1.0,4848.0,1000.0
4849.0,0.678808,1.7560811506377579E-10,4849.0,18.0,1.0,2.2310805853422293,1.0,2.0,1.0,1.0,4849.0,1000.0
4850.0,0.678899,1.7563165682885634E-10,4850.0,18.0,1.0,2.2306205687266947,1.0,2.0,1.0,1.0,4850.0,1000.0
4851.0,0.678991,1.7565545729465207E-10,4851.0,18.0,1.0,2.230160741769629,1.0,2.0,1.0,1.0,4851.0,1000.0
4852.0,0.679081,1.7567874035901746E-10,4852.0,18.0,1.0,2.2297011043537656,1.0,2.0,1.0,1.0,4852.0,1000.0
4853.0,0.679171,1.7570202342338284E-10,4853.0,18.0,1.0,2.2292416563619346,1.0,2.0,1.0,1.0,4853.0,1000.0
4854.0,0.679261,1.7572530648774823E-10,4854.0,18.0,1.0,2.228782397677064,1.0,2.0,1.0,1.0,4854.0,1000.0
4855.0,0.679352,1.7574884825282878E-10,4855.0,18.0,1.0,2.228323328182177,1.0,2.0,1.0,1.0,4855.0,1000.0
4856.0,0.679443,1.7577239001790934E-10,4856.0,18.0,1.0,2.227864447760393,1.0,2.0,1.0,1.0,4856.0,1000.0
4857.0,0.679533,1.7579567308227472E-10,4857.0,18.0,1.0,2.227405756294929,1.0,2.0,1.0,1.0,4857.0,1000.0
4858.0,0.679624,1.7581921484735528E-10,4858.0,18.0,1.0,2.2269472536690964,1.0,2.0,1.0,1.0,4858.0,1000.0
4859.0,0.679714,1.7584249791172067E-10,4859.0,18.0,1.0,2.2264889397663037,1.0,2.0,1.0,1.0,4859.0,1000.0
4860.0,0.679806,1.758662983775164E-10,4860.0,18.0,1.0,2.2260308144700556,1.0,2.0,1.0,1.0,4860.0,1000.0
4861.0,0.679899,1.758903575440273E-10,4861.0,18.0,1.0,2.225572877663952,1.0,2.0,1.0,1.0,4861.0,1000.0
4862.0,0.67999,1.7591389930910785E-10,4862.0,18.0,1.0,2.2251151292316886,1.0,2.0,1.0,1.0,4862.0,1000.0
4863.0,0.680079,1.7593692367275807E-10,4863.0,18.0,1.0,2.224657569057057,1.0,2.0,1.0,1.0,4863.0,1000.0
4864.0,0.680174,1.7596150024069931E-10,4864.0,18.0,1.0,2.2242001970239453,1.0,2.0,1.0,1.0,4864.0,1000.0
4865.0,0.680264,1.759847833050647E-10,4865.0,18.0,1.0,2.223743013016335,1.0,2.0,1.0,1.0,4865.0,1000.0
4866.0,0.680355,1.7600832507014526E-10,4866.0,18.0,1.0,2.2232860169183044,1.0,2.0,1.0,1.0,4866.0,1000.0
4867.0,0.680445,1.7603160813451064E-10,4867.0,18.0,1.0,2.222829208614027,1.0,2.0,1.0,1.0,4867.0,1000.0
4868.0,0.680536,1.760551498995912E-10,4868.0,18.0,1.0,2.222372587987771,1.0,2.0,1.0,1.0,4868.0,1000.0
4869.0,0.680626,1.7607843296395658E-10,4869.0,18.0,1.0,2.2219161549239,1.0,2.0,1.0,1.0,4869.0,1000.0
4870.0,0.680717,1.7610197472903714E-10,4870.0,18.0,1.0,2.2214599093068728,1.0,2.0,1.0,1.0,4870.0,1000.0
4871.0,0.680809,1.7612577519483287E-10,4871.0,18.0,1.0,2.221003851021242,1.0,2.0,1.0,1.0,4871.0,1000.0
4872.0,0.6809,1.7614931695991343E-10,4872.0,18.0,1.0,2.2205479799516565,1.0,2.0,1.0,1.0,4872.0,1000.0
4873.0,0.68099,1.761726000242788E-10,4873.0,18.0,1.0,2.2200922959828584,1.0,2.0,1.0,1.0,4873.0,1000.0
4874.0,0.68108,1.761958830886442E-10,4874.0,18.0,1.0,2.219636798999686,1.0,2.0,1.0,1.0,4874.0,1000.0
4875.0,0.681169,1.762189074522944E-10,4875.0,18.0,1.0,2.2191814888870707,1.0,2.0,1.0,1.0,4875.0,1000.0
4876.0,0.681261,1.7624270791809014E-10,4876.0,18.0,1.0,2.218726365530039,1.0,2.0,1.0,1.0,4876.0,1000.0
4877.0,0.681349,1.7626547358102517E-10,4877.0,18.0,1.0,2.2182714288137113,1.0,2.0,1.0,1.0,4877.0,1000.0
4878.0,0.681439,1.7628875664539056E-10,4878.0,18.0,1.0,2.2178166786233025,1.0,2.0,1.0,1.0,4878.0,1000.0
4879.0,0.68153,1.7631229841047112E-10,4879.0,18.0,1.0,2.217362114844122,1.0,2.0,1.0,1.0,4879.0,1000.0
4880.0,0.681622,1.7633609887626685E-10,4880.0,18.0,1.0,2.2169077373615718,1.0,2.0,1.0,1.0,4880.0,1000.0
4881.0,0.681715,1.7636015804277775E-10,4881.0,18.0,1.0,2.216453546061149,1.0,2.0,1.0,1.0,4881.0,1000.0
4882.0,0.681806,1.763836998078583E-10,4882.0,18.0,1.0,2.215999540828445,1.0,2.0,1.0,1.0,4882.0,1000.0
4883.0,0.681895,1.7640672417150852E-10,4883.0,18.0,1.0,2.215545721549144,1.0,2.0,1.0,1.0,4883.0,1000.0
4884.0,0.681987,1.7643052463730425E-10,4884.0,18.0,1.0,2.2150920881090235,1.0,2.0,1.0,1.0,4884.0,1000.0
4885.0,0.682077,1.7645380770166963E-10,4885.0,18.0,1.0,2.214638640393955,1.0,2.0,1.0,1.0,4885.0,1000.0
4886.0,0.682173,1.7647864297032605E-10,4886.0,18.0,1.0,2.214185378289904,1.0,2.0,1.0,1.0,4886.0,1000.0
4887.0,0.682263,1.7650192603469144E-10,4887.0,18.0,1.0,2.2137323016829282,1.0,2.0,1.0,1.0,4887.0,1000.0
4888.0,0.682356,1.7652598520120234E-10,4888.0,18.0,1.0,2.2132794104591795,1.0,2.0,1.0,1.0,4888.0,1000.0
4889.0,0.682446,1.7654926826556772E-10,4889.0,18.0,1.0,2.2128267045049026,1.0,2.0,1.0,1.0,4889.0,1000.0
4890.0,0.682536,1.765725513299331E-10,4890.0,18.0,1.0,2.2123741837064355,1.0,2.0,1.0,1.0,4890.0,1000.0
4891.0,0.682628,1.7659635179572884E-10,4891.0,18.0,1.0,2.2119218479502085,1.0,2.0,1.0,1.0,4891.0,1000.0
4892.0,0.68272,1.7662015226152457E-10,4892.0,18.0,1.0,2.2114696971227454,1.0,2.0,1.0,1.0,4892.0,1000.0
4893.0,0.68281,1.7664343532588995E-10,4893.0,18.0,1.0,2.2110177311106622,1.0,2.0,1.0,1.0,4893.0,1000.0
4894.0,0.6829,1.7666671839025534E-10,4894.0,18.0,1.0,2.2105659498006682,1.0,2.0,1.0,1.0,4894.0,1000.0
4895.0,0.682989,1.7668974275390555E-10,4895.0,18.0,1.0,2.2101143530795646,1.0,2.0,1.0,1.0,4895.0,1000.0
4896.0,0.68308,1.767132845189861E-10,4896.0,18.0,1.0,2.2096629408342463,1.0,2.0,1.0,1.0,4896.0,1000.0
4897.0,0.683171,1.7673682628406666E-10,4897.0,18.0,1.0,2.209211712951699,1.0,2.0,1.0,1.0,4897.0,1000.0
4898.0,0.683262,1.7676036804914722E-10,4898.0,18.0,1.0,2.2087606693190014,1.0,2.0,1.0,1.0,4898.0,1000.0
4899.0,0.683379,1.7679063603282221E-10,4899.0,18.0,1.0,2.208309809823325,1.0,2.0,1.0,1.0,4899.0,1000.0
4900.0,0.683476,1.768157300021938E-10,4900.0,18.0,1.0,2.2078591343519327,1.0,2.0,1.0,1.0,4900.0,1000.0
4901.0,0.683569,1.768397891687047E-10,4901.0,18.0,1.0,2.207408642792179,1.0,2.0,1.0,1.0,4901.0,1000.0
4902.0,0.68366,1.7686333093378527E-10,4902.0,18.0,1.0,2.2069583350315116,1.0,2.0,1.0,1.0,4902.0,1000.0
4903.0,0.683752,1.76887131399581E-10,4903.0,18.0,1.0,2.2065082109574687,1.0,2.0,1.0,1.0,4903.0,1000.0
4904.0,0.683847,1.7691170796752224E-10,4904.0,18.0,1.0,2.206058270457681,1.0,2.0,1.0,1.0,4904.0,1000.0
4905.0,0.683939,1.7693550843331797E-10,4905.0,18.0,1.0,2.2056085134198713,1.0,2.0,1.0,1.0,4905.0,1000.0
4906.0,0.684028,1.7695853279696818E-10,4906.0,18.0,1.0,2.2051589397318527,1.0,2.0,1.0,1.0,4906.0,1000.0
4907.0,0.684118,1.7698181586133357E-10,4907.0,18.0,1.0,2.2047095492815303,1.0,2.0,1.0,1.0,4907.0,1000.0
4908.0,0.684208,1.7700509892569895E-10,4908.0,18.0,1.0,2.204260341956901,1.0,2.0,1.0,1.0,4908.0,1000.0
4909.0,0.6843,1.7702889939149468E-10,4909.0,18.0,1.0,2.203811317646052,1.0,2.0,1.0,1.0,4909.0,1000.0
4910.0,0.684389,1.770519237551449E-10,4910.0,18.0,1.0,2.203362476237163,1.0,2.0,1.0,1.0,4910.0,1000.0
4911.0,0.684483,1.7707624162237097E-10,4911.0,18.0,1.0,2.2029138176185032,1.0,2.0,1.0,1.0,4911.0,1000.0
4912.0,0.684572,1.7709926598602118E-10,4912.0,18.0,1.0,2.2024653416784346,1.0,2.0,1.0,1.0,4912.0,1000.0
4913.0,0.684664,1.771230664518169E-10,4913.0,18.0,1.0,2.2020170483054082,1.0,2.0,1.0,1.0,4913.0,1000.0
4914.0,0.684755,1.7714660821689747E-10,4914.0,18.0,1.0,2.2015689373879668,1.0,2.0,1.0,1.0,4914.0,1000.0
4915.0,0.684845,1.7716989128126285E-10,4915.0,18.0,1.0,2.2011210088147446,1.0,2.0,1.0,1.0,4915.0,1000.0
4916.0,0.684944,1.771955026520648E-10,4916.0,18.0,1.0,2.200673262474465,1.0,2.0,1.0,1.0,4916.0,1000.0
4917.0,0.685043,1.7722111402286673E-10,4917.0,18.0,1.0,2.2002256982559425,1.0,2.0,1.0,1.0,4917.0,1000.0
4918.0,0.685134,1.7724465578794729E-10,4918.0,18.0,1.0,2.1997783160480826,1.0,2.0,1.0,1.0,4918.0,1000.0
4919.0,0.685224,1.7726793885231267E-10,4919.0,18.0,1.0,2.19933111573988,1.0,2.0,1.0,1.0,4919.0,1000.0
4920.0,0.685313,1.7729096321596288E-10,4920.0,18.0,1.0,2.1988840972204207,1.0,2.0,1.0,1.0,4920.0,1000.0
4921.0,0.685405,1.773147636817586E-10,4921.0,18.0,1.0,2.1984372603788804,1.0,2.0,1.0,1.0,4921.0,1000.0
4922.0,0.685494,1.7733778804540882E-10,4922.0,18.0,1.0,2.1979906051045246,1.0,2.0,1.0,1.0,4922.0,1000.0
4923.0,0.685584,1.773610711097742E-10,4923.0,18.0,1.0,2.1975441312867092,1.0,2.0,1.0,1.0,4923.0,1000.0
4924.0,0.685677,1.773851302762851E-10,4924.0,18.0,1.0,2.19709783881488,1.0,2.0,1.0,1.0,4924.0,1000.0
4925.0,0.685769,1.7740893074208084E-10,4925.0,18.0,1.0,2.1966517275785726,1.0,2.0,1.0,1.0,4925.0,1000.0
4926.0,0.685859,1.7743221380644622E-10,4926.0,18.0,1.0,2.1962057974674116,1.0,2.0,1.0,1.0,4926.0,1000.0
4927.0,0.685953,1.774565316736723E-10,4927.0,18.0,1.0,2.1957600483711124,1.0,2.0,1.0,1.0,4927.0,1000.0
4928.0,0.686041,1.7747929733660734E-10,4928.0,18.0,1.0,2.1953144801794786,1.0,2.0,1.0,1.0,4928.0,1000.0
4929.0,0.686132,1.775028391016879E-10,4929.0,18.0,1.0,2.194869092782404,1.0,2.0,1.0,1.0,4929.0,1000.0
4930.0,0.686221,1.775258634653381E-10,4930.0,18.0,1.0,2.194423886069872,1.0,2.0,1.0,1.0,4930.0,1000.0
4931.0,0.686313,1.7754966393113384E-10,4931.0,18.0,1.0,2.193978859931955,1.0,2.0,1.0,1.0,4931.0,1000.0
4932.0,0.686402,1.7757268829478405E-10,4932.0,18.0,1.0,2.193534014258814,1.0,2.0,1.0,1.0,4932.0,1000.0
4933.0,0.686496,1.7759700616201012E-10,4933.0,18.0,1.0,2.1930893489406995,1.0,2.0,1.0,1.0,4933.0,1000.0
4934.0,0.686586,1.776202892263755E-10,4934.0,18.0,1.0,2.192644863867951,1.0,2.0,1.0,1.0,4934.0,1000.0
4935.0,0.686675,1.7764331359002572E-10,4935.0,18.0,1.0,2.1922005589309967,1.0,2.0,1.0,1.0,4935.0,1000.0
4936.0,0.686764,1.7766633795367593E-10,4936.0,18.0,1.0,2.1917564340203546,1.0,2.0,1.0,1.0,4936.0,1000.0
4937.0,0.686854,1.7768962101804132E-10,4937.0,18.0,1.0,2.1913124890266293,1.0,2.0,1.0,1.0,4937.0,1000.0
4938.0,0.686945,1.7771316278312187E-10,4938.0,18.0,1.0,2.1908687238405165,1.0,2.0,1.0,1.0,4938.0,1000.0
4939.0,0.687033,1.777359284460569E-10,4939.0,18.0,1.0,2.190425138352798,1.0,2.0,1.0,1.0,4939.0,1000.0
4940.0,0.687123,1.777592115104223E-10,4940.0,18.0,1.0,2.189981732454346,1.0,2.0,1.0,1.0,4940.0,1000.0
4941.0,0.687217,1.7778352937764837E-10,4941.0,18.0,1.0,2.1895385060361203,1.0,2.0,1.0,1.0,4941.0,1000.0
4942.0,0.687308,1.7780707114272893E-10,4942.0,18.0,1.0,2.1890954589891685,1.0,2.0,1.0,1.0,4942.0,1000.0
4943.0,0.687402,1.77831389009955E-10,4943.0,18.0,1.0,2.188652591204627,1.0,2.0,1.0,1.0,4943.0,1000.0
4944.0,0.687491,1.7785441337360522E-10,4944.0,18.0,1.0,2.1882099025737194,1.0,2.0,1.0,1.0,4944.0,1000.0
4945.0,0.687581,1.778776964379706E-10,4945.0,18.0,1.0,2.1877673929877592,1.0,2.0,1.0,1.0,4945.0,1000.0
4946.0,0.687672,1.7790123820305116E-10,4946.0,18.0,1.0,2.1873250623381457,1.0,2.0,1.0,1.0,4946.0,1000.0
4947.0,0.687762,1.7792452126741654E-10,4947.0,18.0,1.0,2.1868829105163674,1.0,2.0,1.0,1.0,4947.0,1000.0
4948.0,0.687851,1.7794754563106675E-10,4948.0,18.0,1.0,2.1864409374139995,1.0,2.0,1.0,1.0,4948.0,1000.0
4949.0,0.687943,1.7797134609686248E-10,4949.0,18.0,1.0,2.1859991429227055,1.0,2.0,1.0,1.0,4949.0,1000.0
4950.0,0.688032,1.779943704605127E-10,4950.0,18.0,1.0,2.1855575269342364,1.0,2.0,1.0,1.0,4950.0,1000.0
4951.0,0.688124,1.7801817092630842E-10,4951.0,18.0,1.0,2.18511608934043,1.0,2.0,1.0,1.0,4951.0,1000.0
4952.0,0.688215,1.7804171269138898E-10,4952.0,18.0,1.0,2.1846748300332126,1.0,2.0,1.0,1.0,4952.0,1000.0
4953.0,0.688305,1.7806499575575437E-10,4953.0,18.0,1.0,2.1842337489045973,1.0,2.0,1.0,1.0,4953.0,1000.0
4954.0,0.688393,1.780877614186894E-10,4954.0,18.0,1.0,2.1837928458466833,1.0,2.0,1.0,1.0,4954.0,1000.0
4955.0,0.688483,1.781110444830548E-10,4955.0,18.0,1.0,2.183352120751659,1.0,2.0,1.0,1.0,4955.0,1000.0
4956.0,0.688573,1.7813432754742017E-10,4956.0,18.0,1.0,2.182911573511798,1.0,2.0,1.0,1.0,4956.0,1000.0
4957.0,0.688662,1.7815735191107039E-10,4957.0,18.0,1.0,2.1824712040194614,1.0,2.0,1.0,1.0,4957.0,1000.0
4958.0,0.688752,1.7818063497543577E-10,4958.0,18.0,1.0,2.1820310121670974,1.0,2.0,1.0,1.0,4958.0,1000.0
4959.0,0.688842,1.7820391803980115E-10,4959.0,18.0,1.0,2.181590997847241,1.0,2.0,1.0,1.0,4959.0,1000.0
4960.0,0.688932,1.7822720110416654E-10,4960.0,18.0,1.0,2.181151160952514,1.0,2.0,1.0,1.0,4960.0,1000.0
4961.0,0.689024,1.7825100156996227E-10,4961.0,18.0,1.0,2.1807115013756238,1.0,2.0,1.0,1.0,4961.0,1000.0
4962.0,0.689113,1.7827402593361248E-10,4962.0,18.0,1.0,2.180272019009365,1.0,2.0,1.0,1.0,4962.0,1000.0
4963.0,0.689202,1.782970502972627E-10,4963.0,18.0,1.0,2.179832713746619,1.0,2.0,1.0,1.0,4963.0,1000.0
4964.0,0.689293,1.7832059206234325E-10,4964.0,18.0,1.0,2.1793935854803523,1.0,2.0,1.0,1.0,4964.0,1000.0
4965.0,0.689383,1.7834387512670863E-10,4965.0,18.0,1.0,2.1789546341036194,1.0,2.0,1.0,1.0,4965.0,1000.0
4966.0,0.689473,1.7836715819107402E-10,4966.0,18.0,1.0,2.178515859509559,1.0,2.0,1.0,1.0,4966.0,1000.0
4967.0,0.689563,1.783904412554394E-10,4967.0,18.0,1.0,2.178077261591397,1.0,2.0,1.0,1.0,4967.0,1000.0
4968.0,0.689653,1.7841372431980479E-10,4968.0,18.0,1.0,2.1776388402424454,1.0,2.0,1.0,1.0,4968.0,1000.0
4969.0,0.689743,1.7843700738417017E-10,4969.0,18.0,1.0,2.1772005953561018,1.0,2.0,1.0,1.0,4969.0,1000.0
4970.0,0.689833,1.7846029044853556E-10,4970.0,18.0,1.0,2.176762526825849,1.0,2.0,1.0,1.0,4970.0,1000.0
4971.0,0.689925,1.7848409091433129E-10,4971.0,18.0,1.0,2.1763246345452565,1.0,2.0,1.0,1.0,4971.0,1000.0
4972.0,0.690013,1.7850685657726632E-10,4972.0,18.0,1.0,2.1758869184079788,1.0,2.0,1.0,1.0,4972.0,1000.0
4973.0,0.690105,1.7853065704306205E-10,4973.0,18.0,1.0,2.1754493783077558,1.0,2.0,1.0,1.0,4973.0,1000.0
4974.0,0.690195,1.7855394010742744E-10,4974.0,18.0,1.0,2.1750120141384137,1.0,2.0,1.0,1.0,4974.0,1000.0
4975.0,0.690284,1.7857696447107765E-10,4975.0,18.0,1.0,2.1745748257938633,1.0,2.0,1.0,1.0,4975.0,1000.0
4976.0,0.690373,1.7859998883472786E-10,4976.0,18.0,1.0,2.174137813168101,1.0,2.0,1.0,1.0,4976.0,1000.0
4977.0,0.690464,1.7862353059980842E-10,4977.0,18.0,1.0,2.173700976155208,1.0,2.0,1.0,1.0,4977.0,1000.0
4978.0,0.690554,1.786468136641738E-10,4978.0,18.0,1.0,2.173264314649351,1.0,2.0,1.0,1.0,4978.0,1000.0
4979.0,0.690643,1.7866983802782402E-10,4979.0,18.0,1.0,2.172827828544782,1.0,2.0,1.0,1.0,4979.0,1000.0
4980.0,0.690735,1.7869363849361974E-10,4980.0,18.0,1.0,2.1723915177358375,1.0,2.0,1.0,1.0,4980.0,1000.0
4981.0,0.690827,1.7871743895941547E-10,4981.0,18.0,1.0,2.171955382116938,1.0,2.0,1.0,1.0,4981.0,1000.0
4982.0,0.690917,1.7874072202378086E-10,4982.0,18.0,1.0,2.1715194215825915,1.0,2.0,1.0,1.0,4982.0,1000.0
4983.0,0.691013,1.7876555729243728E-10,4983.0,18.0,1.0,2.171083636027387,1.0,2.0,1.0,1.0,4983.0,1000.0
4984.0,0.691105,1.78789357758233E-10,4984.0,18.0,1.0,2.170648025346001,1.0,2.0,1.0,1.0,4984.0,1000.0
4985.0,0.691195,1.788126408225984E-10,4985.0,18.0,1.0,2.1702125894331936,1.0,2.0,1.0,1.0,4985.0,1000.0
4986.0,0.691283,1.7883540648553343E-10,4986.0,18.0,1.0,2.1697773281838084,1.0,2.0,1.0,1.0,4986.0,1000.0
4987.0,0.691373,1.7885868954989882E-10,4987.0,18.0,1.0,2.169342241492775,1.0,2.0,1.0,1.0,4987.0,1000.0
4988.0,0.691462,1.7888171391354903E-10,4988.0,18.0,1.0,2.168907329255106,1.0,2.0,1.0,1.0,4988.0,1000.0
4989.0,0.691553,1.7890525567862959E-10,4989.0,18.0,1.0,2.168472591365899,1.0,2.0,1.0,1.0,4989.0,1000.0
4990.0,0.691642,1.789282800422798E-10,4990.0,18.0,1.0,2.1680380277203346,1.0,2.0,1.0,1.0,4990.0,1000.0
4991.0,0.691734,1.7895208050807553E-10,4991.0,18.0,1.0,2.1676036382136785,1.0,2.0,1.0,1.0,4991.0,1000.0
4992.0,0.691825,1.7897562227315608E-10,4992.0,18.0,1.0,2.16716942274128,1.0,2.0,1.0,1.0,4992.0,1000.0
4993.0,0.691915,1.7899890533752147E-10,4993.0,18.0,1.0,2.166735381198572,1.0,2.0,1.0,1.0,4993.0,1000.0
4994.0,0.692004,1.7902192970117168E-10,4994.0,18.0,1.0,2.1663015134810713,1.0,2.0,1.0,1.0,4994.0,1000.0
4995.0,0.692093,1.790449540648219E-10,4995.0,18.0,1.0,2.165867819484378,1.0,2.0,1.0,1.0,4995.0,1000.0
4996.0,0.692184,1.7906849582990245E-10,4996.0,18.0,1.0,2.1654342991041773,1.0,2.0,1.0,1.0,4996.0,1000.0
4997.0,0.692274,1.7909177889426783E-10,4997.0,18.0,1.0,2.1650009522362357,1.0,2.0,1.0,1.0,4997.0,1000.0
4998.0,0.692364,1.7911506195863322E-10,4998.0,18.0,1.0,2.1645677787764046,1.0,2.0,1.0,1.0,4998.0,1000.0
4999.0,0.692453,1.7913808632228343E-10,4999.0,18.0,1.0,2.164134778620618,1.0,2.0,1.0,1.0,4999.0,1000.0
5000.0,0.692542,1.7916111068593364E-10,5000.0,18.0,1.0,2.163701951664894,1.0,2.0,1.0,1.0,5000.0,1000.0
5001.0,0.692635,1.7918516985244454E-10,5001.0,18.0,1.0,2.163269297805333,1.0,2.0,1.0,1.0,5001.0,1000.0
5002.0,0.692723,1.7920793551537958E-10,5002.0,18.0,1.0,2.1628368169381185,1.0,2.0,1.0,1.0,5002.0,1000.0
5003.0,0.692813,1.7923121857974497E-10,5003.0,18.0,1.0,2.162404508959518,1.0,2.0,1.0,1.0,5003.0,1000.0
5004.0,0.692901,1.7925398424268E-10,5004.0,18.0,1.0,2.1619723737658814,1.0,2.0,1.0,1.0,5004.0,1000.0
5005.0,0.692994,1.792780434091909E-10,5005.0,18.0,1.0,2.1615404112536405,1.0,2.0,1.0,1.0,5005.0,1000.0
5006.0,0.693084,1.793013264735563E-10,5006.0,18.0,1.0,2.1611086213193107,1.0,2.0,1.0,1.0,5006.0,1000.0
5007.0,0.693173,1.793243508372065E-10,5007.0,18.0,1.0,2.1606770038594907,1.0,2.0,1.0,1.0,5007.0,1000.0
5008.0,0.693263,1.793476339015719E-10,5008.0,18.0,1.0,2.1602455587708604,1.0,2.0,1.0,1.0,5008.0,1000.0
5009.0,0.693353,1.7937091696593727E-10,5009.0,18.0,1.0,2.1598142859501834,1.0,2.0,1.0,1.0,5009.0,1000.0
5010.0,0.693442,1.7939394132958749E-10,5010.0,18.0,1.0,2.1593831852943053,1.0,2.0,1.0,1.0,5010.0,1000.0
5011.0,0.693534,1.7941774179538322E-10,5011.0,18.0,1.0,2.158952256700154,1.0,2.0,1.0,1.0,5011.0,1000.0
5012.0,0.693623,1.7944076615903343E-10,5012.0,18.0,1.0,2.1585215000647384,1.0,2.0,1.0,1.0,5012.0,1000.0
5013.0,0.693715,1.7946456662482916E-10,5013.0,18.0,1.0,2.1580909152851526,1.0,2.0,1.0,1.0,5013.0,1000.0
5014.0,0.693804,1.7948759098847937E-10,5014.0,18.0,1.0,2.1576605022585698,1.0,2.0,1.0,1.0,5014.0,1000.0
5015.0,0.693895,1.7951113275355993E-10,5015.0,18.0,1.0,2.157230260882247,1.0,2.0,1.0,1.0,5015.0,1000.0
5016.0,0.693984,1.7953415711721014E-10,5016.0,18.0,1.0,2.156800191053523,1.0,2.0,1.0,1.0,5016.0,1000.0
5017.0,0.694075,1.795576988822907E-10,5017.0,18.0,1.0,2.1563702926698167,1.0,2.0,1.0,1.0,5017.0,1000.0
5018.0,0.694164,1.795807232459409E-10,5018.0,18.0,1.0,2.155940565628631,1.0,2.0,1.0,1.0,5018.0,1000.0
5019.0,0.694254,1.796040063103063E-10,5019.0,18.0,1.0,2.155511009827549,1.0,2.0,1.0,1.0,5019.0,1000.0
5020.0,0.694344,1.7962728937467167E-10,5020.0,18.0,1.0,2.155081625164237,1.0,2.0,1.0,1.0,5020.0,1000.0
5021.0,0.694438,1.7965160724189775E-10,5021.0,18.0,1.0,2.154652411536441,1.0,2.0,1.0,1.0,5021.0,1000.0
5022.0,0.694527,1.7967463160554796E-10,5022.0,18.0,1.0,2.1542233688419894,1.0,2.0,1.0,1.0,5022.0,1000.0
5023.0,0.694621,1.7969894947277404E-10,5023.0,18.0,1.0,2.1537944969787914,1.0,2.0,1.0,1.0,5023.0,1000.0
5024.0,0.69471,1.7972197383642425E-10,5024.0,18.0,1.0,2.153365795844839,1.0,2.0,1.0,1.0,5024.0,1000.0
5025.0,0.694801,1.797455156015048E-10,5025.0,18.0,1.0,2.152937265338203,1.0,2.0,1.0,1.0,5025.0,1000.0
5026.0,0.694892,1.7976905736658536E-10,5026.0,18.0,1.0,2.1525089053570374,1.0,2.0,1.0,1.0,5026.0,1000.0
5027.0,0.69498,1.797918230295204E-10,5027.0,18.0,1.0,2.1520807157995763,1.0,2.0,1.0,1.0,5027.0,1000.0
5028.0,0.69507,1.7981510609388579E-10,5028.0,18.0,1.0,2.1516526965641347,1.0,2.0,1.0,1.0,5028.0,1000.0
5029.0,0.69516,1.7983838915825117E-10,5029.0,18.0,1.0,2.151224847549109,1.0,2.0,1.0,1.0,5029.0,1000.0
5030.0,0.69525,1.7986167222261655E-10,5030.0,18.0,1.0,2.150797168652976,1.0,2.0,1.0,1.0,5030.0,1000.0
5031.0,0.695342,1.7988547268841228E-10,5031.0,18.0,1.0,2.1503696597742934,1.0,2.0,1.0,1.0,5031.0,1000.0
5032.0,0.695431,1.799084970520625E-10,5032.0,18.0,1.0,2.1499423208116992,1.0,2.0,1.0,1.0,5032.0,1000.0
5033.0,0.695523,1.7993229751785823E-10,5033.0,18.0,1.0,2.149515151663912,1.0,2.0,1.0,1.0,5033.0,1000.0
5034.0,0.695613,1.799555805822236E-10,5034.0,18.0,1.0,2.149088152229732,1.0,2.0,1.0,1.0,5034.0,1000.0
5035.0,0.695703,1.79978863646589E-10,5035.0,18.0,1.0,2.1486613224080378,1.0,2.0,1.0,1.0,5035.0,1000.0
5036.0,0.695793,1.8000214671095438E-10,5036.0,18.0,1.0,2.14823466209779,1.0,2.0,1.0,1.0,5036.0,1000.0
5037.0,0.695883,1.8002542977531976E-10,5037.0,18.0,1.0,2.1478081711980286,1.0,2.0,1.0,1.0,5037.0,1000.0
5038.0,0.695973,1.8004871283968515E-10,5038.0,18.0,1.0,2.147381849607874,1.0,2.0,1.0,1.0,5038.0,1000.0
5039.0,0.696063,1.8007199590405053E-10,5039.0,18.0,1.0,2.146955697226527,1.0,2.0,1.0,1.0,5039.0,1000.0
5040.0,0.696152,1.8009502026770074E-10,5040.0,18.0,1.0,2.1465297139532677,1.0,2.0,1.0,1.0,5040.0,1000.0
5041.0,0.696246,1.8011933813492682E-10,5041.0,18.0,1.0,2.1461038996874566,1.0,2.0,1.0,1.0,5041.0,1000.0
5042.0,0.696336,1.801426211992922E-10,5042.0,18.0,1.0,2.1456782543285344,1.0,2.0,1.0,1.0,5042.0,1000.0
5043.0,0.696426,1.801659042636576E-10,5043.0,18.0,1.0,2.14525277777602,1.0,2.0,1.0,1.0,5043.0,1000.0
5044.0,0.696517,1.8018944602873815E-10,5044.0,18.0,1.0,2.1448274699295142,1.0,2.0,1.0,1.0,5044.0,1000.0
5045.0,0.696607,1.8021272909310353E-10,5045.0,18.0,1.0,2.1444023306886955,1.0,2.0,1.0,1.0,5045.0,1000.0
5046.0,0.696697,1.8023601215746891E-10,5046.0,18.0,1.0,2.143977359953323,1.0,2.0,1.0,1.0,5046.0,1000.0
5047.0,0.696787,1.802592952218343E-10,5047.0,18.0,1.0,2.1435525576232357,1.0,2.0,1.0,1.0,5047.0,1000.0
5048.0,0.696876,1.802823195854845E-10,5048.0,18.0,1.0,2.1431279235983496,1.0,2.0,1.0,1.0,5048.0,1000.0
5049.0,0.696966,1.803056026498499E-10,5049.0,18.0,1.0,2.142703457778663,1.0,2.0,1.0,1.0,5049.0,1000.0
5050.0,0.697057,1.8032914441493045E-10,5050.0,18.0,1.0,2.1422791600642515,1.0,2.0,1.0,1.0,5050.0,1000.0
5051.0,0.697148,1.80352686180011E-10,5051.0,18.0,1.0,2.1418550303552704,1.0,2.0,1.0,1.0,5051.0,1000.0
5052.0,0.697238,1.803759692443764E-10,5052.0,18.0,1.0,2.1414310685519538,1.0,2.0,1.0,1.0,5052.0,1000.0
5053.0,0.697326,1.8039873490731143E-10,5053.0,18.0,1.0,2.141007274554615,1.0,2.0,1.0,1.0,5053.0,1000.0
5054.0,0.697418,1.8042253537310716E-10,5054.0,18.0,1.0,2.1405836482636467,1.0,2.0,1.0,1.0,5054.0,1000.0
5055.0,0.697511,1.8044659453961806E-10,5055.0,18.0,1.0,2.140160189579519,1.0,2.0,1.0,1.0,5055.0,1000.0
5056.0,0.697601,1.8046987760398345E-10,5056.0,18.0,1.0,2.139736898402783,1.0,2.0,1.0,1.0,5056.0,1000.0
5057.0,0.697692,1.80493419369064E-10,5057.0,18.0,1.0,2.139313774634066,1.0,2.0,1.0,1.0,5057.0,1000.0
5058.0,0.697784,1.8051721983485974E-10,5058.0,18.0,1.0,2.1388908181740747,1.0,2.0,1.0,1.0,5058.0,1000.0
5059.0,0.69788,1.8054205510351616E-10,5059.0,18.0,1.0,2.1384680289235956,1.0,2.0,1.0,1.0,5059.0,1000.0
5060.0,0.697969,1.8056507946716637E-10,5060.0,18.0,1.0,2.138045406783492,1.0,2.0,1.0,1.0,5060.0,1000.0
5061.0,0.698061,1.805888799329621E-10,5061.0,18.0,1.0,2.1376229516547065,1.0,2.0,1.0,1.0,5061.0,1000.0
5062.0,0.698152,1.8061242169804265E-10,5062.0,18.0,1.0,2.1372006634382594,1.0,2.0,1.0,1.0,5062.0,1000.0
5063.0,0.698247,1.806369982659839E-10,5063.0,18.0,1.0,2.1367785420352496,1.0,2.0,1.0,1.0,5063.0,1000.0
5064.0,0.698336,1.8066002262963411E-10,5064.0,18.0,1.0,2.1363565873468544,1.0,2.0,1.0,1.0,5064.0,1000.0
5065.0,0.698426,1.806833056939995E-10,5065.0,18.0,1.0,2.135934799274328,1.0,2.0,1.0,1.0,5065.0,1000.0
5066.0,0.698516,1.8070658875836488E-10,5066.0,18.0,1.0,2.135513177719003,1.0,2.0,1.0,1.0,5066.0,1000.0
5067.0,0.698608,1.807303892241606E-10,5067.0,18.0,1.0,2.1350917225822914,1.0,2.0,1.0,1.0,5067.0,1000.0
5068.0,0.698698,1.80753672288526E-10,5068.0,18.0,1.0,2.1346704337656806,1.0,2.0,1.0,1.0,5068.0,1000.0
5069.0,0.698788,1.8077695535289138E-10,5069.0,18.0,1.0,2.1342493111707377,1.0,2.0,1.0,1.0,5069.0,1000.0
5070.0,0.698879,1.8080049711797194E-10,5070.0,18.0,1.0,2.1338283546991064,1.0,2.0,1.0,1.0,5070.0,1000.0
5071.0,0.698971,1.8082429758376767E-10,5071.0,18.0,1.0,2.1334075642525083,1.0,2.0,1.0,1.0,5071.0,1000.0
5072.0,0.699061,1.8084758064813305E-10,5072.0,18.0,1.0,2.1329869397327426,1.0,2.0,1.0,1.0,5072.0,1000.0
5073.0,0.69915,1.8087060501178326E-10,5073.0,18.0,1.0,2.1325664810416853,1.0,2.0,1.0,1.0,5073.0,1000.0
5074.0,0.699241,1.8089414677686382E-10,5074.0,18.0,1.0,2.1321461880812906,1.0,2.0,1.0,1.0,5074.0,1000.0
5075.0,0.699332,1.8091768854194438E-10,5075.0,18.0,1.0,2.13172606075359,1.0,2.0,1.0,1.0,5075.0,1000.0
5076.0,0.699422,1.8094097160630976E-10,5076.0,18.0,1.0,2.1313060989606916,1.0,2.0,1.0,1.0,5076.0,1000.0
5077.0,0.699513,1.8096451337139032E-10,5077.0,18.0,1.0,2.13088630260478,1.0,2.0,1.0,1.0,5077.0,1000.0
5078.0,0.699604,1.8098805513647088E-10,5078.0,18.0,1.0,2.130466671588119,1.0,2.0,1.0,1.0,5078.0,1000.0
5079.0,0.699694,1.8101133820083626E-10,5079.0,18.0,1.0,2.1300472058130477,1.0,2.0,1.0,1.0,5079.0,1000.0
5080.0,0.699783,1.8103436256448647E-10,5080.0,18.0,1.0,2.1296279051819824,1.0,2.0,1.0,1.0,5080.0,1000.0
5081.0,0.699876,1.8105842173099737E-10,5081.0,18.0,1.0,2.129208769597416,1.0,2.0,1.0,1.0,5081.0,1000.0
5082.0,0.699967,1.8108196349607793E-10,5082.0,18.0,1.0,2.1287897989619187,1.0,2.0,1.0,1.0,5082.0,1000.0
5083.0,0.700056,1.8110498785972814E-10,5083.0,18.0,1.0,2.128370993178137,1.0,2.0,1.0,1.0,5083.0,1000.0
5084.0,0.700146,1.8112827092409353E-10,5084.0,18.0,1.0,2.127952352148794,1.0,2.0,1.0,1.0,5084.0,1000.0
5085.0,0.700237,1.8115181268917409E-10,5085.0,18.0,1.0,2.1275338757766904,1.0,2.0,1.0,1.0,5085.0,1000.0
5086.0,0.700328,1.8117535445425464E-10,5086.0,18.0,1.0,2.127115563964701,1.0,2.0,1.0,1.0,5086.0,1000.0
5087.0,0.700418,1.8119863751862003E-10,5087.0,18.0,1.0,2.1266974166157793,1.0,2.0,1.0,1.0,5087.0,1000.0
5088.0,0.700508,1.812219205829854E-10,5088.0,18.0,1.0,2.126279433632954,1.0,2.0,1.0,1.0,5088.0,1000.0
5089.0,0.700599,1.8124546234806597E-10,5089.0,18.0,1.0,2.1258616149193297,1.0,2.0,1.0,1.0,5089.0,1000.0
5090.0,0.700688,1.8126848671171618E-10,5090.0,18.0,1.0,2.1254439603780884,1.0,2.0,1.0,1.0,5090.0,1000.0
5091.0,0.700782,1.8129280457894225E-10,5091.0,18.0,1.0,2.125026469912487,1.0,2.0,1.0,1.0,5091.0,1000.0
5092.0,0.70087,1.813155702418773E-10,5092.0,18.0,1.0,2.1246091434258583,1.0,2.0,1.0,1.0,5092.0,1000.0
5093.0,0.700961,1.8133911200695785E-10,5093.0,18.0,1.0,2.124191980821612,1.0,2.0,1.0,1.0,5093.0,1000.0
5094.0,0.701051,1.8136239507132324E-10,5094.0,18.0,1.0,2.123774982003233,1.0,2.0,1.0,1.0,5094.0,1000.0
5095.0,0.701141,1.8138567813568862E-10,5095.0,18.0,1.0,2.1233581468742826,1.0,2.0,1.0,1.0,5095.0,1000.0
5096.0,0.701231,1.81408961200054E-10,5096.0,18.0,1.0,2.1229414753383966,1.0,2.0,1.0,1.0,5096.0,1000.0
5097.0,0.701322,1.8143250296513456E-10,5097.0,18.0,1.0,2.1225249672992876,1.0,2.0,1.0,1.0,5097.0,1000.0
5098.0,0.701412,1.8145578602949995E-10,5098.0,18.0,1.0,2.1221086226607433,1.0,2.0,1.0,1.0,5098.0,1000.0
5099.0,0.701502,1.8147906909386533E-10,5099.0,18.0,1.0,2.1216924413266267,1.0,2.0,1.0,1.0,5099.0,1000.0
5100.0,0.701591,1.8150209345751554E-10,5100.0,18.0,1.0,2.1212764232008765,1.0,2.0,1.0,1.0,5100.0,1000.0
5101.0,0.701682,1.815256352225961E-10,5101.0,18.0,1.0,2.1208605681875063,1.0,2.0,1.0,1.0,5101.0,1000.0
5102.0,0.701779,1.815507291919677E-10,5102.0,18.0,1.0,2.1204448761906054,1.0,2.0,1.0,1.0,5102.0,1000.0
5103.0,0.70187,1.8157427095704825E-10,5103.0,18.0,1.0,2.1200293471143388,1.0,2.0,1.0,1.0,5103.0,1000.0
5104.0,0.701959,1.8159729532069846E-10,5104.0,18.0,1.0,2.119613980862945,1.0,2.0,1.0,1.0,5104.0,1000.0
5105.0,0.702049,1.8162057838506385E-10,5105.0,18.0,1.0,2.1191987773407384,1.0,2.0,1.0,1.0,5105.0,1000.0
5106.0,0.70214,1.816441201501444E-10,5106.0,18.0,1.0,2.118783736452109,1.0,2.0,1.0,1.0,5106.0,1000.0
5107.0,0.702228,1.8166688581307944E-10,5107.0,18.0,1.0,2.118368858101521,1.0,2.0,1.0,1.0,5107.0,1000.0
5108.0,0.702318,1.8169016887744483E-10,5108.0,18.0,1.0,2.117954142193514,1.0,2.0,1.0,1.0,5108.0,1000.0
5109.0,0.702408,1.817134519418102E-10,5109.0,18.0,1.0,2.117539588632701,1.0,2.0,1.0,1.0,5109.0,1000.0
5110.0,0.702499,1.8173699370689077E-10,5110.0,18.0,1.0,2.117125197323771,1.0,2.0,1.0,1.0,5110.0,1000.0
5111.0,0.702593,1.8176131157411684E-10,5111.0,18.0,1.0,2.116710968171487,1.0,2.0,1.0,1.0,5111.0,1000.0
5112.0,0.702684,1.817848533391974E-10,5112.0,18.0,1.0,2.1162969010806867,1.0,2.0,1.0,1.0,5112.0,1000.0
5113.0,0.702774,1.8180813640356278E-10,5113.0,18.0,1.0,2.115882995956282,1.0,2.0,1.0,1.0,5113.0,1000.0
5114.0,0.702866,1.8183193686935851E-10,5114.0,18.0,1.0,2.1154692527032597,1.0,2.0,1.0,1.0,5114.0,1000.0
5115.0,0.702957,1.8185547863443907E-10,5115.0,18.0,1.0,2.1150556712266804,1.0,2.0,1.0,1.0,5115.0,1000.0
5116.0,0.703048,1.8187902039951963E-10,5116.0,18.0,1.0,2.114642251431679,1.0,2.0,1.0,1.0,5116.0,1000.0
5117.0,0.703138,1.81902303463885E-10,5117.0,18.0,1.0,2.114228993223465,1.0,2.0,1.0,1.0,5117.0,1000.0
5118.0,0.703232,1.8192662133111109E-10,5118.0,18.0,1.0,2.113815896507321,1.0,2.0,1.0,1.0,5118.0,1000.0
5119.0,0.703326,1.8195093919833716E-10,5119.0,18.0,1.0,2.113402961188605,1.0,2.0,1.0,1.0,5119.0,1000.0
5120.0,0.703425,1.819765505691391E-10,5120.0,18.0,1.0,2.112990187172748,1.0,2.0,1.0,1.0,5120.0,1000.0
5121.0,0.703519,1.8200086843636518E-10,5121.0,18.0,1.0,2.112577574365255,1.0,2.0,1.0,1.0,5121.0,1000.0
5122.0,0.703611,1.820246689021609E-10,5122.0,18.0,1.0,2.1121651226717044,1.0,2.0,1.0,1.0,5122.0,1000.0
5123.0,0.703701,1.820479519665263E-10,5123.0,18.0,1.0,2.1117528319977494,1.0,2.0,1.0,1.0,5123.0,1000.0
5124.0,0.703792,1.8207149373160685E-10,5124.0,18.0,1.0,2.111340702249116,1.0,2.0,1.0,1.0,5124.0,1000.0
5125.0,0.70388,1.8209425939454189E-10,5125.0,18.0,1.0,2.110928733331604,1.0,2.0,1.0,1.0,5125.0,1000.0
5126.0,0.703973,1.821183185610528E-10,5126.0,18.0,1.0,2.1105169251510865,1.0,2.0,1.0,1.0,5126.0,1000.0
5127.0,0.704063,1.8214160162541817E-10,5127.0,18.0,1.0,2.1101052776135107,1.0,2.0,1.0,1.0,5127.0,1000.0
5128.0,0.704153,1.8216488468978356E-10,5128.0,18.0,1.0,2.1096937906248967,1.0,2.0,1.0,1.0,5128.0,1000.0
5129.0,0.704243,1.8218816775414894E-10,5129.0,18.0,1.0,2.1092824640913372,1.0,2.0,1.0,1.0,5129.0,1000.0
5130.0,0.704334,1.822117095192295E-10,5130.0,18.0,1.0,2.108871297919,1.0,2.0,1.0,1.0,5130.0,1000.0
5131.0,0.704426,1.8223550998502523E-10,5131.0,18.0,1.0,2.108460292014124,1.0,2.0,1.0,1.0,5131.0,1000.0
5132.0,0.704516,1.822587930493906E-10,5132.0,18.0,1.0,2.108049446283022,1.0,2.0,1.0,1.0,5132.0,1000.0
5133.0,0.704604,1.8228155871232565E-10,5133.0,18.0,1.0,2.1076387606320806,1.0,2.0,1.0,1.0,5133.0,1000.0
5134.0,0.704738,1.8231622460815856E-10,5134.0,18.0,1.0,2.107228234967758,1.0,2.0,1.0,1.0,5134.0,1000.0
5135.0,0.704831,1.8234028377466946E-10,5135.0,18.0,1.0,2.106817869196586,1.0,2.0,1.0,1.0,5135.0,1000.0
5136.0,0.704921,1.8236356683903484E-10,5136.0,18.0,1.0,2.1064076632251694,1.0,2.0,1.0,1.0,5136.0,1000.0
5137.0,0.70501,1.8238659120268505E-10,5137.0,18.0,1.0,2.105997616960185,1.0,2.0,1.0,1.0,5137.0,1000.0
5138.0,0.705104,1.8241090906991113E-10,5138.0,18.0,1.0,2.1055877303083825,1.0,2.0,1.0,1.0,5138.0,1000.0
5139.0,0.705194,1.8243419213427651E-10,5139.0,18.0,1.0,2.1051780031765848,1.0,2.0,1.0,1.0,5139.0,1000.0
5140.0,0.705287,1.8245825130078742E-10,5140.0,18.0,1.0,2.1047684354716867,1.0,2.0,1.0,1.0,5140.0,1000.0
5141.0,0.70538,1.8248231046729832E-10,5141.0,18.0,1.0,2.1043590271006556,1.0,2.0,1.0,1.0,5141.0,1000.0
5142.0,0.705479,1.8250792183810026E-10,5142.0,18.0,1.0,2.1039497779705307,1.0,2.0,1.0,1.0,5142.0,1000.0
5143.0,0.705569,1.8253120490246564E-10,5143.0,18.0,1.0,2.103540687988425,1.0,2.0,1.0,1.0,5143.0,1000.0
5144.0,0.705665,1.8255604017112206E-10,5144.0,18.0,1.0,2.1031317570615222,1.0,2.0,1.0,1.0,5144.0,1000.0
5145.0,0.705762,1.8258113414049365E-10,5145.0,18.0,1.0,2.1027229850970786,1.0,2.0,1.0,1.0,5145.0,1000.0
5146.0,0.705855,1.8260519330700456E-10,5146.0,18.0,1.0,2.1023143720024233,1.0,2.0,1.0,1.0,5146.0,1000.0
5147.0,0.705947,1.8262899377280029E-10,5147.0,18.0,1.0,2.1019059176849564,1.0,2.0,1.0,1.0,5147.0,1000.0
5148.0,0.706037,1.8265227683716567E-10,5148.0,18.0,1.0,2.1014976220521504,1.0,2.0,1.0,1.0,5148.0,1000.0
5149.0,0.70613,1.8267633600367657E-10,5149.0,18.0,1.0,2.1010894850115496,1.0,2.0,1.0,1.0,5149.0,1000.0
5150.0,0.706221,1.8269987776875713E-10,5150.0,18.0,1.0,2.100681506470771,1.0,2.0,1.0,1.0,5150.0,1000.0
5151.0,0.706312,1.827234195338377E-10,5151.0,18.0,1.0,2.1002736863375016,1.0,2.0,1.0,1.0,5151.0,1000.0
5152.0,0.706403,1.8274696129891824E-10,5152.0,18.0,1.0,2.099866024519501,1.0,2.0,1.0,1.0,5152.0,1000.0
5153.0,0.706492,1.8276998566256846E-10,5153.0,18.0,1.0,2.099458520924601,1.0,2.0,1.0,1.0,5153.0,1000.0
5154.0,0.706584,1.8279378612836419E-10,5154.0,18.0,1.0,2.0990511754607044,1.0,2.0,1.0,1.0,5154.0,1000.0
5155.0,0.706678,1.8281810399559026E-10,5155.0,18.0,1.0,2.098643988035785,1.0,2.0,1.0,1.0,5155.0,1000.0
5156.0,0.706769,1.8284164576067082E-10,5156.0,18.0,1.0,2.0982369585578877,1.0,2.0,1.0,1.0,5156.0,1000.0
5157.0,0.706864,1.8286622232861207E-10,5157.0,18.0,1.0,2.0978300869351307,1.0,2.0,1.0,1.0,5157.0,1000.0
5158.0,0.70696,1.8289105759726849E-10,5158.0,18.0,1.0,2.097423373075702,1.0,2.0,1.0,1.0,5158.0,1000.0
5159.0,0.70705,1.8291434066163387E-10,5159.0,18.0,1.0,2.09701681688786,1.0,2.0,1.0,1.0,5159.0,1000.0
5160.0,0.707145,1.8293891722957512E-10,5160.0,18.0,1.0,2.096610418279936,1.0,2.0,1.0,1.0,5160.0,1000.0
5161.0,0.707238,1.8296297639608602E-10,5161.0,18.0,1.0,2.0962041771603315,1.0,2.0,1.0,1.0,5161.0,1000.0
5162.0,0.707327,1.8298600075973623E-10,5162.0,18.0,1.0,2.0957980934375184,1.0,2.0,1.0,1.0,5162.0,1000.0
5163.0,0.707417,1.8300928382410162E-10,5163.0,18.0,1.0,2.0953921670200404,1.0,2.0,1.0,1.0,5163.0,1000.0
5164.0,0.707509,1.8303308428989735E-10,5164.0,18.0,1.0,2.094986397816512,1.0,2.0,1.0,1.0,5164.0,1000.0
5165.0,0.7076,1.830566260549779E-10,5165.0,18.0,1.0,2.0945807857356185,1.0,2.0,1.0,1.0,5165.0,1000.0
5166.0,0.707694,1.8308094392220398E-10,5166.0,18.0,1.0,2.094175330686115,1.0,2.0,1.0,1.0,5166.0,1000.0
5167.0,0.707785,1.8310448568728454E-10,5167.0,18.0,1.0,2.093770032576828,1.0,2.0,1.0,1.0,5167.0,1000.0
5168.0,0.707874,1.8312751005093475E-10,5168.0,18.0,1.0,2.0933648913166545,1.0,2.0,1.0,1.0,5168.0,1000.0
5169.0,0.707965,1.831510518160153E-10,5169.0,18.0,1.0,2.0929599068145617,1.0,2.0,1.0,1.0,5169.0,1000.0
5170.0,0.708056,1.8317459358109586E-10,5170.0,18.0,1.0,2.092555078979588,1.0,2.0,1.0,1.0,5170.0,1000.0
5171.0,0.708149,1.8319865274760676E-10,5171.0,18.0,1.0,2.0921504077208413,1.0,2.0,1.0,1.0,5171.0,1000.0
5172.0,0.708238,1.8322167711125698E-10,5172.0,18.0,1.0,2.0917458929475,1.0,2.0,1.0,1.0,5172.0,1000.0
5173.0,0.708329,1.8324521887633753E-10,5173.0,18.0,1.0,2.091341534568813,1.0,2.0,1.0,1.0,5173.0,1000.0
5174.0,0.708423,1.832695367435636E-10,5174.0,18.0,1.0,2.090937332494099,1.0,2.0,1.0,1.0,5174.0,1000.0
5175.0,0.708514,1.8329307850864416E-10,5175.0,18.0,1.0,2.090533286632748,1.0,2.0,1.0,1.0,5175.0,1000.0
5176.0,0.708603,1.8331610287229438E-10,5176.0,18.0,1.0,2.0901293968942176,1.0,2.0,1.0,1.0,5176.0,1000.0
5177.0,0.708693,1.8333938593665976E-10,5177.0,18.0,1.0,2.0897256631880374,1.0,2.0,1.0,1.0,5177.0,1000.0
5178.0,0.708784,1.8336292770174032E-10,5178.0,18.0,1.0,2.0893220854238064,1.0,2.0,1.0,1.0,5178.0,1000.0
5179.0,0.708874,1.833862107661057E-10,5179.0,18.0,1.0,2.088918663511193,1.0,2.0,1.0,1.0,5179.0,1000.0
5180.0,0.708962,1.8340897642904074E-10,5180.0,18.0,1.0,2.088515397359936,1.0,2.0,1.0,1.0,5180.0,1000.0
5181.0,0.709054,1.8343277689483647E-10,5181.0,18.0,1.0,2.0881122868798436,1.0,2.0,1.0,1.0,5181.0,1000.0
5182.0,0.709156,1.834591643677839E-10,5182.0,18.0,1.0,2.087709331980793,1.0,2.0,1.0,1.0,5182.0,1000.0
5183.0,0.709245,1.8348218873143411E-10,5183.0,18.0,1.0,2.087306532572732,1.0,2.0,1.0,1.0,5183.0,1000.0
5184.0,0.709334,1.8350521309508432E-10,5184.0,18.0,1.0,2.086903888565677,1.0,2.0,1.0,1.0,5184.0,1000.0
5185.0,0.709424,1.835284961594497E-10,5185.0,18.0,1.0,2.0865013998697144,1.0,2.0,1.0,1.0,5185.0,1000.0
5186.0,0.709522,1.8355384882953647E-10,5186.0,18.0,1.0,2.086099066395,1.0,2.0,1.0,1.0,5186.0,1000.0
5187.0,0.70962,1.8357920149962324E-10,5187.0,18.0,1.0,2.0856968880517583,1.0,2.0,1.0,1.0,5187.0,1000.0
5188.0,0.709717,1.8360429546899483E-10,5188.0,18.0,1.0,2.085294864750283,1.0,2.0,1.0,1.0,5188.0,1000.0
5189.0,0.709816,1.8362990683979677E-10,5189.0,18.0,1.0,2.0848929964009386,1.0,2.0,1.0,1.0,5189.0,1000.0
5190.0,0.709906,1.8365318990416216E-10,5190.0,18.0,1.0,2.084491282914156,1.0,2.0,1.0,1.0,5190.0,1000.0
5191.0,0.710007,1.8367931867639441E-10,5191.0,18.0,1.0,2.084089724200437,1.0,2.0,1.0,1.0,5191.0,1000.0
5192.0,0.710097,1.837026017407598E-10,5192.0,18.0,1.0,2.0836883201703524,1.0,2.0,1.0,1.0,5192.0,1000.0
5193.0,0.710191,1.8372691960798587E-10,5193.0,18.0,1.0,2.083287070734541,1.0,2.0,1.0,1.0,5193.0,1000.0
5194.0,0.710283,1.837507200737816E-10,5194.0,18.0,1.0,2.08288597580371,1.0,2.0,1.0,1.0,5194.0,1000.0
5195.0,0.710374,1.8377426183886216E-10,5195.0,18.0,1.0,2.082485035288637,1.0,2.0,1.0,1.0,5195.0,1000.0
5196.0,0.710467,1.8379832100537306E-10,5196.0,18.0,1.0,2.082084249100167,1.0,2.0,1.0,1.0,5196.0,1000.0
5197.0,0.710557,1.8382160406973845E-10,5197.0,18.0,1.0,2.081683617149215,1.0,2.0,1.0,1.0,5197.0,1000.0
5198.0,0.710647,1.8384488713410383E-10,5198.0,18.0,1.0,2.081283139346762,1.0,2.0,1.0,1.0,5198.0,1000.0
5199.0,0.710738,1.838684288991844E-10,5199.0,18.0,1.0,2.0808828156038603,1.0,2.0,1.0,1.0,5199.0,1000.0
5200.0,0.710831,1.838924880656953E-10,5200.0,18.0,1.0,2.0804826458316286,1.0,2.0,1.0,1.0,5200.0,1000.0
5201.0,0.710924,1.839165472322062E-10,5201.0,18.0,1.0,2.0800826299412556,1.0,2.0,1.0,1.0,5201.0,1000.0
5202.0,0.711025,1.8394267600443845E-10,5202.0,18.0,1.0,2.0796827678439964,1.0,2.0,1.0,1.0,5202.0,1000.0
5203.0,0.711114,1.8396570036808866E-10,5203.0,18.0,1.0,2.079283059451176,1.0,2.0,1.0,1.0,5203.0,1000.0
5204.0,0.711204,1.8398898343245405E-10,5204.0,18.0,1.0,2.078883504674187,1.0,2.0,1.0,1.0,5204.0,1000.0
5205.0,0.711295,1.840125251975346E-10,5205.0,18.0,1.0,2.07848410342449,1.0,2.0,1.0,1.0,5205.0,1000.0
5206.0,0.711386,1.8403606696261516E-10,5206.0,18.0,1.0,2.078084855613613,1.0,2.0,1.0,1.0,5206.0,1000.0
5207.0,0.711477,1.8405960872769572E-10,5207.0,18.0,1.0,2.077685761153153,1.0,2.0,1.0,1.0,5207.0,1000.0
5208.0,0.711566,1.8408263309134593E-10,5208.0,18.0,1.0,2.077286819954775,1.0,2.0,1.0,1.0,5208.0,1000.0
5209.0,0.711655,1.8410565745499614E-10,5209.0,18.0,1.0,2.076888031930211,1.0,2.0,1.0,1.0,5209.0,1000.0
5210.0,0.711746,1.841291992200767E-10,5210.0,18.0,1.0,2.076489396991261,1.0,2.0,1.0,1.0,5210.0,1000.0
5211.0,0.711839,1.841532583865876E-10,5211.0,18.0,1.0,2.0760909150497926,1.0,2.0,1.0,1.0,5211.0,1000.0
5212.0,0.711926,1.8417576534880747E-10,5212.0,18.0,1.0,2.0756925860177415,1.0,2.0,1.0,1.0,5212.0,1000.0
5213.0,0.712016,1.8419904841317285E-10,5213.0,18.0,1.0,2.075294409807111,1.0,2.0,1.0,1.0,5213.0,1000.0
5214.0,0.712104,1.842218140761079E-10,5214.0,18.0,1.0,2.074896386329971,1.0,2.0,1.0,1.0,5214.0,1000.0
5215.0,0.712195,1.8424535584118845E-10,5215.0,18.0,1.0,2.07449851549846,1.0,2.0,1.0,1.0,5215.0,1000.0
5216.0,0.712284,1.8426838020483866E-10,5216.0,18.0,1.0,2.074100797224783,1.0,2.0,1.0,1.0,5216.0,1000.0
5217.0,0.712375,1.8429192196991922E-10,5217.0,18.0,1.0,2.0737032314212134,1.0,2.0,1.0,1.0,5217.0,1000.0
5218.0,0.712464,1.8431494633356943E-10,5218.0,18.0,1.0,2.07330581800009,1.0,2.0,1.0,1.0,5218.0,1000.0
5219.0,0.712554,1.8433822939793481E-10,5219.0,18.0,1.0,2.072908556873821,1.0,2.0,1.0,1.0,5219.0,1000.0
5220.0,0.712643,1.8436125376158503E-10,5220.0,18.0,1.0,2.0725114479548794,1.0,2.0,1.0,1.0,5220.0,1000.0
5221.0,0.712754,1.84389969540969E-10,5221.0,18.0,1.0,2.072114491155807,1.0,2.0,1.0,1.0,5221.0,1000.0
5222.0,0.712844,1.844132526053344E-10,5222.0,18.0,1.0,2.071717686389213,1.0,2.0,1.0,1.0,5222.0,1000.0
5223.0,0.712934,1.8443653566969978E-10,5223.0,18.0,1.0,2.0713210335677714,1.0,2.0,1.0,1.0,5223.0,1000.0
5224.0,0.713023,1.8445956003335E-10,5224.0,18.0,1.0,2.0709245326042245,1.0,2.0,1.0,1.0,5224.0,1000.0
5225.0,0.713112,1.844825843970002E-10,5225.0,18.0,1.0,2.0705281834113816,1.0,2.0,1.0,1.0,5225.0,1000.0
5226.0,0.713201,1.8450560876065041E-10,5226.0,18.0,1.0,2.070131985902118,1.0,2.0,1.0,1.0,5226.0,1000.0
5227.0,0.713291,1.845288918250158E-10,5227.0,18.0,1.0,2.069735939989376,1.0,2.0,1.0,1.0,5227.0,1000.0
5228.0,0.713381,1.8455217488938118E-10,5228.0,18.0,1.0,2.069340045586165,1.0,2.0,1.0,1.0,5228.0,1000.0
5229.0,0.71347,1.845751992530314E-10,5229.0,18.0,1.0,2.0689443026055594,1.0,2.0,1.0,1.0,5229.0,1000.0
5230.0,0.713559,1.845982236166816E-10,5230.0,18.0,1.0,2.0685487109607017,1.0,2.0,1.0,1.0,5230.0,1000.0
5231.0,0.713652,1.846222827831925E-10,5231.0,18.0,1.0,2.0681532705648,1.0,2.0,1.0,1.0,5231.0,1000.0
5232.0,0.713741,1.8464530714684272E-10,5232.0,18.0,1.0,2.0677579813311295,1.0,2.0,1.0,1.0,5232.0,1000.0
5233.0,0.713829,1.8466807280977776E-10,5233.0,18.0,1.0,2.0673628431730307,1.0,2.0,1.0,1.0,5233.0,1000.0
5234.0,0.713919,1.8469135587414314E-10,5234.0,18.0,1.0,2.066967856003911,1.0,2.0,1.0,1.0,5234.0,1000.0
5235.0,0.714015,1.8471619114279956E-10,5235.0,18.0,1.0,2.0665730197372434,1.0,2.0,1.0,1.0,5235.0,1000.0
5236.0,0.714108,1.8474025030931047E-10,5236.0,18.0,1.0,2.066178334286568,1.0,2.0,1.0,1.0,5236.0,1000.0
5237.0,0.714197,1.8476327467296068E-10,5237.0,18.0,1.0,2.0657837995654895,1.0,2.0,1.0,1.0,5237.0,1000.0
5238.0,0.714286,1.847862990366109E-10,5238.0,18.0,1.0,2.0653894154876804,1.0,2.0,1.0,1.0,5238.0,1000.0
5239.0,0.714376,1.8480958210097627E-10,5239.0,18.0,1.0,2.0649951819668773,1.0,2.0,1.0,1.0,5239.0,1000.0
5240.0,0.714466,1.8483286516534166E-10,5240.0,18.0,1.0,2.0646010989168837,1.0,2.0,1.0,1.0,5240.0,1000.0
5241.0,0.714557,1.8485640693042222E-10,5241.0,18.0,1.0,2.064207166251568,1.0,2.0,1.0,1.0,5241.0,1000.0
5242.0,0.714647,1.848796899947876E-10,5242.0,18.0,1.0,2.0638133838848662,1.0,2.0,1.0,1.0,5242.0,1000.0
5243.0,0.714739,1.8490349046058333E-10,5243.0,18.0,1.0,2.063419751730778,1.0,2.0,1.0,1.0,5243.0,1000.0
5244.0,0.714827,1.8492625612351837E-10,5244.0,18.0,1.0,2.0630262697033697,1.0,2.0,1.0,1.0,5244.0,1000.0
5245.0,0.71492,1.8495031529002927E-10,5245.0,18.0,1.0,2.062632937716772,1.0,2.0,1.0,1.0,5245.0,1000.0
5246.0,0.715008,1.849730809529643E-10,5246.0,18.0,1.0,2.062239755685183,1.0,2.0,1.0,1.0,5246.0,1000.0
5247.0,0.715099,1.8499662271804487E-10,5247.0,18.0,1.0,2.0618467235228644,1.0,2.0,1.0,1.0,5247.0,1000.0
5248.0,0.715193,1.8502094058527094E-10,5248.0,18.0,1.0,2.0614538411441443,1.0,2.0,1.0,1.0,5248.0,1000.0
5249.0,0.715281,1.8504370624820598E-10,5249.0,18.0,1.0,2.0610611084634156,1.0,2.0,1.0,1.0,5249.0,1000.0
5250.0,0.715369,1.8506647191114102E-10,5250.0,18.0,1.0,2.060668525395137,1.0,2.0,1.0,1.0,5250.0,1000.0
5251.0,0.71546,1.8509001367622158E-10,5251.0,18.0,1.0,2.0602760918538316,1.0,2.0,1.0,1.0,5251.0,1000.0
5252.0,0.71555,1.8511329674058696E-10,5252.0,18.0,1.0,2.0598838077540877,1.0,2.0,1.0,1.0,5252.0,1000.0
5253.0,0.715638,1.85136062403522E-10,5253.0,18.0,1.0,2.0594916730105597,1.0,2.0,1.0,1.0,5253.0,1000.0
5254.0,0.715727,1.851590867671722E-10,5254.0,18.0,1.0,2.0590996875379655,1.0,2.0,1.0,1.0,5254.0,1000.0
5255.0,0.715818,1.8518262853225277E-10,5255.0,18.0,1.0,2.0587078512510883,1.0,2.0,1.0,1.0,5255.0,1000.0
5256.0,0.715907,1.8520565289590298E-10,5256.0,18.0,1.0,2.0583161640647774,1.0,2.0,1.0,1.0,5256.0,1000.0
5257.0,0.715995,1.8522841855883802E-10,5257.0,18.0,1.0,2.057924625893945,1.0,2.0,1.0,1.0,5257.0,1000.0
5258.0,0.716084,1.8525144292248823E-10,5258.0,18.0,1.0,2.05753323665357,1.0,2.0,1.0,1.0,5258.0,1000.0
5259.0,0.716177,1.8527550208899913E-10,5259.0,18.0,1.0,2.0571419962586934,1.0,2.0,1.0,1.0,5259.0,1000.0
5260.0,0.716269,1.8529930255479486E-10,5260.0,18.0,1.0,2.056750904624424,1.0,2.0,1.0,1.0,5260.0,1000.0
5261.0,0.716366,1.8532439652416646E-10,5261.0,18.0,1.0,2.0563599616659323,1.0,2.0,1.0,1.0,5261.0,1000.0
5262.0,0.716456,1.8534767958853184E-10,5262.0,18.0,1.0,2.055969167298455,1.0,2.0,1.0,1.0,5262.0,1000.0
5263.0,0.716548,1.8537148005432757E-10,5263.0,18.0,1.0,2.055578521437292,1.0,2.0,1.0,1.0,5263.0,1000.0
5264.0,0.716638,1.8539476311869296E-10,5264.0,18.0,1.0,2.0551880239978098,1.0,2.0,1.0,1.0,5264.0,1000.0
5265.0,0.716726,1.85417528781628E-10,5265.0,18.0,1.0,2.0547976748954357,1.0,2.0,1.0,1.0,5265.0,1000.0
5266.0,0.716816,1.8544081184599338E-10,5266.0,18.0,1.0,2.0544074740456644,1.0,2.0,1.0,1.0,5266.0,1000.0
5267.0,0.716907,1.8546435361107394E-10,5267.0,18.0,1.0,2.0540174213640534,1.0,2.0,1.0,1.0,5267.0,1000.0
5268.0,0.716996,1.8548737797472415E-10,5268.0,18.0,1.0,2.053627516766224,1.0,2.0,1.0,1.0,5268.0,1000.0
5269.0,0.717086,1.8551066103908953E-10,5269.0,18.0,1.0,2.053237760167863,1.0,2.0,1.0,1.0,5269.0,1000.0
5270.0,0.717177,1.855342028041701E-10,5270.0,18.0,1.0,2.052848151484719,1.0,2.0,1.0,1.0,5270.0,1000.0
5271.0,0.717271,1.8555852067139616E-10,5271.0,18.0,1.0,2.0524586906326068,1.0,2.0,1.0,1.0,5271.0,1000.0
5272.0,0.717359,1.855812863343312E-10,5272.0,18.0,1.0,2.052069377527403,1.0,2.0,1.0,1.0,5272.0,1000.0
5273.0,0.717449,1.856045693986966E-10,5273.0,18.0,1.0,2.05168021208505,1.0,2.0,1.0,1.0,5273.0,1000.0
5274.0,0.717538,1.856275937623468E-10,5274.0,18.0,1.0,2.051291194221553,1.0,2.0,1.0,1.0,5274.0,1000.0
5275.0,0.71763,1.8565139422814253E-10,5275.0,18.0,1.0,2.05090232385298,1.0,2.0,1.0,1.0,5275.0,1000.0
5276.0,0.717719,1.8567441859179274E-10,5276.0,18.0,1.0,2.050513600895464,1.0,2.0,1.0,1.0,5276.0,1000.0
5277.0,0.717809,1.8569770165615813E-10,5277.0,18.0,1.0,2.050125025265202,1.0,2.0,1.0,1.0,5277.0,1000.0
5278.0,0.717905,1.8572253692481455E-10,5278.0,18.0,1.0,2.049736596878452,1.0,2.0,1.0,1.0,5278.0,1000.0
5279.0,0.717999,1.8574685479204062E-10,5279.0,18.0,1.0,2.049348315651538,1.0,2.0,1.0,1.0,5279.0,1000.0
5280.0,0.718089,1.85770137856406E-10,5280.0,18.0,1.0,2.0489601815008465,1.0,2.0,1.0,1.0,5280.0,1000.0
5281.0,0.718187,1.8579549052649277E-10,5281.0,18.0,1.0,2.0485721943428272,1.0,2.0,1.0,1.0,5281.0,1000.0
5282.0,0.718279,1.858192909922885E-10,5282.0,18.0,1.0,2.048184354093993,1.0,2.0,1.0,1.0,5282.0,1000.0
5283.0,0.718369,1.8584257405665389E-10,5283.0,18.0,1.0,2.0477966606709197,1.0,2.0,1.0,1.0,5283.0,1000.0
5284.0,0.718458,1.858655984203041E-10,5284.0,18.0,1.0,2.047409113990248,1.0,2.0,1.0,1.0,5284.0,1000.0
5285.0,0.718548,1.8588888148466948E-10,5285.0,18.0,1.0,2.0470217139686793,1.0,2.0,1.0,1.0,5285.0,1000.0
5286.0,0.718636,1.8591164714760452E-10,5286.0,18.0,1.0,2.0466344605229794,1.0,2.0,1.0,1.0,5286.0,1000.0
5287.0,0.718726,1.859349302119699E-10,5287.0,18.0,1.0,2.0462473535699774,1.0,2.0,1.0,1.0,5287.0,1000.0
5288.0,0.718815,1.8595795457562012E-10,5288.0,18.0,1.0,2.045860393026564,1.0,2.0,1.0,1.0,5288.0,1000.0
5289.0,0.718905,1.859812376399855E-10,5289.0,18.0,1.0,2.045473578809694,1.0,2.0,1.0,1.0,5289.0,1000.0
5290.0,0.718992,1.8600374460220537E-10,5290.0,18.0,1.0,2.0450869108363836,1.0,2.0,1.0,1.0,5290.0,1000.0
5291.0,0.719085,1.8602780376871627E-10,5291.0,18.0,1.0,2.044700389023714,1.0,2.0,1.0,1.0,5291.0,1000.0
5292.0,0.719173,1.860505694316513E-10,5292.0,18.0,1.0,2.0443140132888264,1.0,2.0,1.0,1.0,5292.0,1000.0
5293.0,0.719261,1.8607333509458635E-10,5293.0,18.0,1.0,2.0439277835489267,1.0,2.0,1.0,1.0,5293.0,1000.0
5294.0,0.719348,1.8609584205680621E-10,5294.0,18.0,1.0,2.0435416997212825,1.0,2.0,1.0,1.0,5294.0,1000.0
5295.0,0.719439,1.8611938382188677E-10,5295.0,18.0,1.0,2.0431557617232237,1.0,2.0,1.0,1.0,5295.0,1000.0
5296.0,0.719528,1.8614240818553698E-10,5296.0,18.0,1.0,2.042769969472143,1.0,2.0,1.0,1.0,5296.0,1000.0
5297.0,0.719615,1.8616491514775685E-10,5297.0,18.0,1.0,2.0423843228854954,1.0,2.0,1.0,1.0,5297.0,1000.0
5298.0,0.719704,1.8618793951140706E-10,5298.0,18.0,1.0,2.0419988218807985,1.0,2.0,1.0,1.0,5298.0,1000.0
5299.0,0.719794,1.8621122257577245E-10,5299.0,18.0,1.0,2.0416134663756313,1.0,2.0,1.0,1.0,5299.0,1000.0
5300.0,0.719882,1.8623398823870748E-10,5300.0,18.0,1.0,2.041228256287636,1.0,2.0,1.0,1.0,5300.0,1000.0
5301.0,0.719979,1.8625908220807908E-10,5301.0,18.0,1.0,2.040843191534516,1.0,2.0,1.0,1.0,5301.0,1000.0
5302.0,0.720066,1.8628158917029894E-10,5302.0,18.0,1.0,2.040458272034038,1.0,2.0,1.0,1.0,5302.0,1000.0
5303.0,0.720157,1.863051309353795E-10,5303.0,18.0,1.0,2.0400734977040296,1.0,2.0,1.0,1.0,5303.0,1000.0
5304.0,0.720246,1.8632815529902971E-10,5304.0,18.0,1.0,2.039688868462381,1.0,2.0,1.0,1.0,5304.0,1000.0
5305.0,0.720334,1.8635092096196475E-10,5305.0,18.0,1.0,2.0393043842270444,1.0,2.0,1.0,1.0,5305.0,1000.0
5306.0,0.720421,1.8637342792418462E-10,5306.0,18.0,1.0,2.0389200449160327,1.0,2.0,1.0,1.0,5306.0,1000.0
5307.0,0.720512,1.8639696968926518E-10,5307.0,18.0,1.0,2.0385358504474222,1.0,2.0,1.0,1.0,5307.0,1000.0
5308.0,0.720616,1.8642387456364295E-10,5308.0,18.0,1.0,2.03815180073935,1.0,2.0,1.0,1.0,5308.0,1000.0
5309.0,0.720731,1.864536251458876E-10,5309.0,18.0,1.0,2.037767895710015,1.0,2.0,1.0,1.0,5309.0,1000.0
5310.0,0.720829,1.8647897781597437E-10,5310.0,18.0,1.0,2.037384135277678,1.0,2.0,1.0,1.0,5310.0,1000.0
5311.0,0.720921,1.865027782817701E-10,5311.0,18.0,1.0,2.0370005193606606,1.0,2.0,1.0,1.0,5311.0,1000.0
5312.0,0.721008,1.8652528524398996E-10,5312.0,18.0,1.0,2.0366170478773475,1.0,2.0,1.0,1.0,5312.0,1000.0
5313.0,0.721097,1.8654830960764017E-10,5313.0,18.0,1.0,2.036233720746183,1.0,2.0,1.0,1.0,5313.0,1000.0
5314.0,0.721186,1.8657133397129039E-10,5314.0,18.0,1.0,2.0358505378856737,1.0,2.0,1.0,1.0,5314.0,1000.0
5315.0,0.721275,1.865943583349406E-10,5315.0,18.0,1.0,2.0354674992143873,1.0,2.0,1.0,1.0,5315.0,1000.0
5316.0,0.721365,1.8661764139930598E-10,5316.0,18.0,1.0,2.0350846046509536,1.0,2.0,1.0,1.0,5316.0,1000.0
5317.0,0.721454,1.866406657629562E-10,5317.0,18.0,1.0,2.0347018541140622,1.0,2.0,1.0,1.0,5317.0,1000.0
5318.0,0.721543,1.866636901266064E-10,5318.0,18.0,1.0,2.034319247522465,1.0,2.0,1.0,1.0,5318.0,1000.0
5319.0,0.721633,1.866869731909718E-10,5319.0,18.0,1.0,2.0339367847949745,1.0,2.0,1.0,1.0,5319.0,1000.0
5320.0,0.721723,1.8671025625533717E-10,5320.0,18.0,1.0,2.033554465850464,1.0,2.0,1.0,1.0,5320.0,1000.0
5321.0,0.721814,1.8673379802041773E-10,5321.0,18.0,1.0,2.033172290607869,1.0,2.0,1.0,1.0,5321.0,1000.0
5322.0,0.721903,1.8675682238406794E-10,5322.0,18.0,1.0,2.0327902589861835,1.0,2.0,1.0,1.0,5322.0,1000.0
5323.0,0.721992,1.8677984674771816E-10,5323.0,18.0,1.0,2.0324083709044656,1.0,2.0,1.0,1.0,5323.0,1000.0
5324.0,0.722081,1.8680287111136837E-10,5324.0,18.0,1.0,2.0320266262818314,1.0,2.0,1.0,1.0,5324.0,1000.0
5325.0,0.722169,1.868256367743034E-10,5325.0,18.0,1.0,2.031645025037459,1.0,2.0,1.0,1.0,5325.0,1000.0
5326.0,0.722257,1.8684840243723844E-10,5326.0,18.0,1.0,2.0312635670905874,1.0,2.0,1.0,1.0,5326.0,1000.0
5327.0,0.722348,1.86871944202319E-10,5327.0,18.0,1.0,2.030882252360516,1.0,2.0,1.0,1.0,5327.0,1000.0
5328.0,0.722435,1.8689445116453887E-10,5328.0,18.0,1.0,2.0305010807666046,1.0,2.0,1.0,1.0,5328.0,1000.0
5329.0,0.722525,1.8691773422890425E-10,5329.0,18.0,1.0,2.0301200522282734,1.0,2.0,1.0,1.0,5329.0,1000.0
5330.0,0.722613,1.869404998918393E-10,5330.0,18.0,1.0,2.0297391666650038,1.0,2.0,1.0,1.0,5330.0,1000.0
5331.0,0.722705,1.8696430035763502E-10,5331.0,18.0,1.0,2.0293584239963365,1.0,2.0,1.0,1.0,5331.0,1000.0
5332.0,0.722793,1.8698706602057006E-10,5332.0,18.0,1.0,2.0289778241418737,1.0,2.0,1.0,1.0,5332.0,1000.0
5333.0,0.722882,1.8701009038422027E-10,5333.0,18.0,1.0,2.028597367021277,1.0,2.0,1.0,1.0,5333.0,1000.0
5334.0,0.722971,1.8703311474787048E-10,5334.0,18.0,1.0,2.0282170525542687,1.0,2.0,1.0,1.0,5334.0,1000.0
5335.0,0.72306,1.870561391115207E-10,5335.0,18.0,1.0,2.0278368806606317,1.0,2.0,1.0,1.0,5335.0,1000.0
5336.0,0.723149,1.870791634751709E-10,5336.0,18.0,1.0,2.027456851260208,1.0,2.0,1.0,1.0,5336.0,1000.0
5337.0,0.723238,1.8710218783882112E-10,5337.0,18.0,1.0,2.0270769642729003,1.0,2.0,1.0,1.0,5337.0,1000.0
5338.0,0.723326,1.8712495350175616E-10,5338.0,18.0,1.0,2.0266972196186717,1.0,2.0,1.0,1.0,5338.0,1000.0
5339.0,0.723415,1.8714797786540637E-10,5339.0,18.0,1.0,2.0263176172175443,1.0,2.0,1.0,1.0,5339.0,1000.0
5340.0,0.723504,1.8717100222905658E-10,5340.0,18.0,1.0,2.025938156989601,1.0,2.0,1.0,1.0,5340.0,1000.0
5341.0,0.7236,1.87195837497713E-10,5341.0,18.0,1.0,2.025558838854984,1.0,2.0,1.0,1.0,5341.0,1000.0
5342.0,0.723688,1.8721860316064804E-10,5342.0,18.0,1.0,2.0251796627338954,1.0,2.0,1.0,1.0,5342.0,1000.0
5343.0,0.723778,1.8724188622501343E-10,5343.0,18.0,1.0,2.0248006285465974,1.0,2.0,1.0,1.0,5343.0,1000.0
5344.0,0.723868,1.872651692893788E-10,5344.0,18.0,1.0,2.0244217362134114,1.0,2.0,1.0,1.0,5344.0,1000.0
5345.0,0.723957,1.8728819365302902E-10,5345.0,18.0,1.0,2.0240429856547184,1.0,2.0,1.0,1.0,5345.0,1000.0
5346.0,0.724046,1.8731121801667923E-10,5346.0,18.0,1.0,2.0236643767909595,1.0,2.0,1.0,1.0,5346.0,1000.0
5347.0,0.724134,1.8733398367961427E-10,5347.0,18.0,1.0,2.023285909542635,1.0,2.0,1.0,1.0,5347.0,1000.0
5348.0,0.724223,1.8735700804326448E-10,5348.0,18.0,1.0,2.0229075838303046,1.0,2.0,1.0,1.0,5348.0,1000.0
5349.0,0.724312,1.873800324069147E-10,5349.0,18.0,1.0,2.0225293995745877,1.0,2.0,1.0,1.0,5349.0,1000.0
5350.0,0.7244,1.8740279806984974E-10,5350.0,18.0,1.0,2.0221513566961624,1.0,2.0,1.0,1.0,5350.0,1000.0
5351.0,0.724492,1.8742659853564546E-10,5351.0,18.0,1.0,2.021773455115767,1.0,2.0,1.0,1.0,5351.0,1000.0
5352.0,0.724582,1.8744988160001085E-10,5352.0,18.0,1.0,2.0213956947541982,1.0,2.0,1.0,1.0,5352.0,1000.0
5353.0,0.724673,1.874734233650914E-10,5353.0,18.0,1.0,2.0210180755323126,1.0,2.0,1.0,1.0,5353.0,1000.0
5354.0,0.724762,1.8749644772874162E-10,5354.0,18.0,1.0,2.0206405973710253,1.0,2.0,1.0,1.0,5354.0,1000.0
5355.0,0.724849,1.8751895469096148E-10,5355.0,18.0,1.0,2.0202632601913106,1.0,2.0,1.0,1.0,5355.0,1000.0
5356.0,0.724939,1.8754223775532687E-10,5356.0,18.0,1.0,2.019886063914203,1.0,2.0,1.0,1.0,5356.0,1000.0
5357.0,0.725028,1.8756526211897708E-10,5357.0,18.0,1.0,2.019509008460793,1.0,2.0,1.0,1.0,5357.0,1000.0
5358.0,0.725116,1.8758802778191212E-10,5358.0,18.0,1.0,2.019132093752234,1.0,2.0,1.0,1.0,5358.0,1000.0
5359.0,0.725205,1.8761105214556233E-10,5359.0,18.0,1.0,2.0187553197097348,1.0,2.0,1.0,1.0,5359.0,1000.0
5360.0,0.725295,1.8763433520992772E-10,5360.0,18.0,1.0,2.0183786862545654,1.0,2.0,1.0,1.0,5360.0,1000.0
5361.0,0.725385,1.876576182742931E-10,5361.0,18.0,1.0,2.0180021933080527,1.0,2.0,1.0,1.0,5361.0,1000.0
5362.0,0.725474,1.876806426379433E-10,5362.0,18.0,1.0,2.0176258407915832,1.0,2.0,1.0,1.0,5362.0,1000.0
5363.0,0.725563,1.8770366700159352E-10,5363.0,18.0,1.0,2.0172496286266024,1.0,2.0,1.0,1.0,5363.0,1000.0
5364.0,0.725653,1.877269500659589E-10,5364.0,18.0,1.0,2.016873556734614,1.0,2.0,1.0,1.0,5364.0,1000.0
5365.0,0.725742,1.8774997442960912E-10,5365.0,18.0,1.0,2.01649762503718,1.0,2.0,1.0,1.0,5365.0,1000.0
5366.0,0.725833,1.8777351619468968E-10,5366.0,18.0,1.0,2.0161218334559203,1.0,2.0,1.0,1.0,5366.0,1000.0
5367.0,0.725922,1.877965405583399E-10,5367.0,18.0,1.0,2.0157461819125153,1.0,2.0,1.0,1.0,5367.0,1000.0
5368.0,0.726011,1.878195649219901E-10,5368.0,18.0,1.0,2.0153706703287013,1.0,2.0,1.0,1.0,5368.0,1000.0
5369.0,0.7261,1.878425892856403E-10,5369.0,18.0,1.0,2.0149952986262747,1.0,2.0,1.0,1.0,5369.0,1000.0
5370.0,0.72619,1.878658723500057E-10,5370.0,18.0,1.0,2.0146200667270895,1.0,2.0,1.0,1.0,5370.0,1000.0
5371.0,0.72628,1.8788915541437108E-10,5371.0,18.0,1.0,2.014244974553057,1.0,2.0,1.0,1.0,5371.0,1000.0
5372.0,0.72637,1.8791243847873647E-10,5372.0,18.0,1.0,2.0138700220261483,1.0,2.0,1.0,1.0,5372.0,1000.0
5373.0,0.72646,1.8793572154310185E-10,5373.0,18.0,1.0,2.0134952090683917,1.0,2.0,1.0,1.0,5373.0,1000.0
5374.0,0.726552,1.8795952200889758E-10,5374.0,18.0,1.0,2.0131205356018738,1.0,2.0,1.0,1.0,5374.0,1000.0
5375.0,0.726641,1.879825463725478E-10,5375.0,18.0,1.0,2.0127460015487384,1.0,2.0,1.0,1.0,5375.0,1000.0
5376.0,0.726733,1.8800634683834352E-10,5376.0,18.0,1.0,2.0123716068311888,1.0,2.0,1.0,1.0,5376.0,1000.0
5377.0,0.726822,1.8802937120199373E-10,5377.0,18.0,1.0,2.011997351371484,1.0,2.0,1.0,1.0,5377.0,1000.0
5378.0,0.72691,1.8805213686492877E-10,5378.0,18.0,1.0,2.011623235091943,1.0,2.0,1.0,1.0,5378.0,1000.0
5379.0,0.727004,1.8807645473215485E-10,5379.0,18.0,1.0,2.0112492579149412,1.0,2.0,1.0,1.0,5379.0,1000.0
5380.0,0.727101,1.8810154870152644E-10,5380.0,18.0,1.0,2.0108754197629124,1.0,2.0,1.0,1.0,5380.0,1000.0
5381.0,0.727193,1.8812534916732217E-10,5381.0,18.0,1.0,2.0105017205583477,1.0,2.0,1.0,1.0,5381.0,1000.0
5382.0,0.727285,1.881491496331179E-10,5382.0,18.0,1.0,2.010128160223796,1.0,2.0,1.0,1.0,5382.0,1000.0
5383.0,0.727374,1.881721739967681E-10,5383.0,18.0,1.0,2.0097547386818633,1.0,2.0,1.0,1.0,5383.0,1000.0
5384.0,0.727466,1.8819597446256384E-10,5384.0,18.0,1.0,2.0093814558552134,1.0,2.0,1.0,1.0,5384.0,1000.0
5385.0,0.727554,1.8821874012549888E-10,5385.0,18.0,1.0,2.0090083116665682,1.0,2.0,1.0,1.0,5385.0,1000.0
5386.0,0.727643,1.882417644891491E-10,5386.0,18.0,1.0,2.008635306038706,1.0,2.0,1.0,1.0,5386.0,1000.0
5387.0,0.727735,1.8826556495494482E-10,5387.0,18.0,1.0,2.0082624388944623,1.0,2.0,1.0,1.0,5387.0,1000.0
5388.0,0.727825,1.882888480193102E-10,5388.0,18.0,1.0,2.0078897101567317,1.0,2.0,1.0,1.0,5388.0,1000.0
5389.0,0.727914,1.8831187238296042E-10,5389.0,18.0,1.0,2.0075171197484636,1.0,2.0,1.0,1.0,5389.0,1000.0
5390.0,0.728007,1.8833593154947132E-10,5390.0,18.0,1.0,2.007144667592666,1.0,2.0,1.0,1.0,5390.0,1000.0
5391.0,0.728105,1.8836128421955809E-10,5391.0,18.0,1.0,2.006772353612404,1.0,2.0,1.0,1.0,5391.0,1000.0
5392.0,0.728199,1.8838560208678416E-10,5392.0,18.0,1.0,2.006400177730799,1.0,2.0,1.0,1.0,5392.0,1000.0
5393.0,0.728288,1.8840862645043437E-10,5393.0,18.0,1.0,2.006028139871031,1.0,2.0,1.0,1.0,5393.0,1000.0
5394.0,0.728382,1.8843294431766045E-10,5394.0,18.0,1.0,2.005656239956335,1.0,2.0,1.0,1.0,5394.0,1000.0
5395.0,0.728471,1.8845596868131066E-10,5395.0,18.0,1.0,2.0052844779100036,1.0,2.0,1.0,1.0,5395.0,1000.0
5396.0,0.728564,1.8848002784782156E-10,5396.0,18.0,1.0,2.0049128536553873,1.0,2.0,1.0,1.0,5396.0,1000.0
5397.0,0.728653,1.8850305221147177E-10,5397.0,18.0,1.0,2.004541367115892,1.0,2.0,1.0,1.0,5397.0,1000.0
5398.0,0.728742,1.8852607657512198E-10,5398.0,18.0,1.0,2.0041700182149813,1.0,2.0,1.0,1.0,5398.0,1000.0
5399.0,0.728831,1.885491009387722E-10,5399.0,18.0,1.0,2.003798806876175,1.0,2.0,1.0,1.0,5399.0,1000.0
5400.0,0.728922,1.8857264270385275E-10,5400.0,18.0,1.0,2.00342773302305,1.0,2.0,1.0,1.0,5400.0,1000.0
5401.0,0.729019,1.8859773667322435E-10,5401.0,18.0,1.0,2.003056796579239,1.0,2.0,1.0,1.0,5401.0,1000.0
5402.0,0.729108,1.8862076103687456E-10,5402.0,18.0,1.0,2.002685997468432,1.0,2.0,1.0,1.0,5402.0,1000.0
5403.0,0.729198,1.8864404410123994E-10,5403.0,18.0,1.0,2.0023153356143752,1.0,2.0,1.0,1.0,5403.0,1000.0
5404.0,0.729289,1.886675858663205E-10,5404.0,18.0,1.0,2.0019448109408717,1.0,2.0,1.0,1.0,5404.0,1000.0
5405.0,0.729379,1.8869086893068588E-10,5405.0,18.0,1.0,2.0015744233717796,1.0,2.0,1.0,1.0,5405.0,1000.0
5406.0,0.729468,1.887138932943361E-10,5406.0,18.0,1.0,2.0012041728310153,1.0,2.0,1.0,1.0,5406.0,1000.0
5407.0,0.729557,1.887369176579863E-10,5407.0,18.0,1.0,2.00083405924255,1.0,2.0,1.0,1.0,5407.0,1000.0
5408.0,0.729648,1.8876045942306686E-10,5408.0,18.0,1.0,2.0004640825304123,1.0,2.0,1.0,1.0,5408.0,1000.0
5409.0,0.729737,1.8878348378671708E-10,5409.0,18.0,1.0,2.0000942426186854,1.0,2.0,1.0,1.0,5409.0,1000.0
5410.0,0.729826,1.888065081503673E-10,5410.0,18.0,1.0,1.9997245394315102,1.0,2.0,1.0,1.0,5410.0,1000.0
5411.0,0.729916,1.8882979121473267E-10,5411.0,18.0,1.0,1.9993549728930826,1.0,2.0,1.0,1.0,5411.0,1000.0
5412.0,0.730005,1.8885281557838288E-10,5412.0,18.0,1.0,1.998985542927655,1.0,2.0,1.0,1.0,5412.0,1000.0
5413.0,0.730098,1.8887687474489379E-10,5413.0,18.0,1.0,1.9986162494595363,1.0,2.0,1.0,1.0,5413.0,1000.0
5414.0,0.730191,1.889009339114047E-10,5414.0,18.0,1.0,1.9982470924130902,1.0,2.0,1.0,1.0,5414.0,1000.0
5415.0,0.730281,1.8892421697577007E-10,5415.0,18.0,1.0,1.9978780717127367,1.0,2.0,1.0,1.0,5415.0,1000.0
5416.0,0.730372,1.8894775874085063E-10,5416.0,18.0,1.0,1.9975091872829522,1.0,2.0,1.0,1.0,5416.0,1000.0
5417.0,0.730464,1.8897155920664636E-10,5417.0,18.0,1.0,1.9971404390482683,1.0,2.0,1.0,1.0,5417.0,1000.0
5418.0,0.730553,1.8899458357029657E-10,5418.0,18.0,1.0,1.9967718269332724,1.0,2.0,1.0,1.0,5418.0,1000.0
5419.0,0.730643,1.8901786663466196E-10,5419.0,18.0,1.0,1.9964033508626073,1.0,2.0,1.0,1.0,5419.0,1000.0
5420.0,0.730738,1.890424432026032E-10,5420.0,18.0,1.0,1.9960350107609723,1.0,2.0,1.0,1.0,5420.0,1000.0
5421.0,0.730831,1.890665023691141E-10,5421.0,18.0,1.0,1.9956668065531211,1.0,2.0,1.0,1.0,5421.0,1000.0
5422.0,0.73092,1.8908952673276432E-10,5422.0,18.0,1.0,1.9952987381638638,1.0,2.0,1.0,1.0,5422.0,1000.0
5423.0,0.731009,1.8911255109641453E-10,5423.0,18.0,1.0,1.9949308055180657,1.0,2.0,1.0,1.0,5423.0,1000.0
5424.0,0.7311,1.891360928614951E-10,5424.0,18.0,1.0,1.9945630085406472,1.0,2.0,1.0,1.0,5424.0,1000.0
5425.0,0.731194,1.8916041072872116E-10,5425.0,18.0,1.0,1.9941953471565843,1.0,2.0,1.0,1.0,5425.0,1000.0
5426.0,0.731287,1.8918446989523206E-10,5426.0,18.0,1.0,1.9938278212909086,1.0,2.0,1.0,1.0,5426.0,1000.0
5427.0,0.731376,1.8920749425888228E-10,5427.0,18.0,1.0,1.9934604308687065,1.0,2.0,1.0,1.0,5427.0,1000.0
5428.0,0.731466,1.8923077732324766E-10,5428.0,18.0,1.0,1.9930931758151196,1.0,2.0,1.0,1.0,5428.0,1000.0
5429.0,0.731556,1.8925406038761305E-10,5429.0,18.0,1.0,1.9927260560553453,1.0,2.0,1.0,1.0,5429.0,1000.0
5430.0,0.731646,1.8927734345197843E-10,5430.0,18.0,1.0,1.9923590715146353,1.0,2.0,1.0,1.0,5430.0,1000.0
5431.0,0.731738,1.8930114391777416E-10,5431.0,18.0,1.0,1.9919922221182969,1.0,2.0,1.0,1.0,5431.0,1000.0
5432.0,0.731829,1.8932468568285472E-10,5432.0,18.0,1.0,1.9916255077916918,1.0,2.0,1.0,1.0,5432.0,1000.0
5433.0,0.731925,1.8934952095151114E-10,5433.0,18.0,1.0,1.9912589284602373,1.0,2.0,1.0,1.0,5433.0,1000.0
5434.0,0.732016,1.893730627165917E-10,5434.0,18.0,1.0,1.9908924840494056,1.0,2.0,1.0,1.0,5434.0,1000.0
5435.0,0.732107,1.8939660448167225E-10,5435.0,18.0,1.0,1.9905261744847231,1.0,2.0,1.0,1.0,5435.0,1000.0
5436.0,0.732199,1.8942040494746798E-10,5436.0,18.0,1.0,1.9901599996917714,1.0,2.0,1.0,1.0,5436.0,1000.0
5437.0,0.732295,1.894452402161244E-10,5437.0,18.0,1.0,1.989793959596187,1.0,2.0,1.0,1.0,5437.0,1000.0
5438.0,0.73239,1.8946981678406565E-10,5438.0,18.0,1.0,1.9894280541236613,1.0,2.0,1.0,1.0,5438.0,1000.0
5439.0,0.73248,1.8949309984843103E-10,5439.0,18.0,1.0,1.9890622831999392,1.0,2.0,1.0,1.0,5439.0,1000.0
5440.0,0.73257,1.8951638291279642E-10,5440.0,18.0,1.0,1.9886966467508216,1.0,2.0,1.0,1.0,5440.0,1000.0
5441.0,0.732663,1.8954044207930732E-10,5441.0,18.0,1.0,1.9883311447021632,1.0,2.0,1.0,1.0,5441.0,1000.0
5442.0,0.732753,1.895637251436727E-10,5442.0,18.0,1.0,1.987965776979873,1.0,2.0,1.0,1.0,5442.0,1000.0
5443.0,0.732844,1.8958726690875326E-10,5443.0,18.0,1.0,1.9876005435099153,1.0,2.0,1.0,1.0,5443.0,1000.0
5444.0,0.732939,1.896118434766945E-10,5444.0,18.0,1.0,1.9872354442183082,1.0,2.0,1.0,1.0,5444.0,1000.0
5445.0,0.733027,1.8963460913962955E-10,5445.0,18.0,1.0,1.986870479031124,1.0,2.0,1.0,1.0,5445.0,1000.0
5446.0,0.733119,1.8965840960542528E-10,5446.0,18.0,1.0,1.9865056478744896,1.0,2.0,1.0,1.0,5446.0,1000.0
5447.0,0.733209,1.8968169266979066E-10,5447.0,18.0,1.0,1.986140950674586,1.0,2.0,1.0,1.0,5447.0,1000.0
5448.0,0.733299,1.8970497573415605E-10,5448.0,18.0,1.0,1.9857763873576486,1.0,2.0,1.0,1.0,5448.0,1000.0
5449.0,0.733388,1.8972800009780626E-10,5449.0,18.0,1.0,1.985411957849967,1.0,2.0,1.0,1.0,5449.0,1000.0
5450.0,0.733478,1.8975128316217164E-10,5450.0,18.0,1.0,1.9850476620778843,1.0,2.0,1.0,1.0,5450.0,1000.0
5451.0,0.733573,1.897758597301129E-10,5451.0,18.0,1.0,1.9846834999677985,1.0,2.0,1.0,1.0,5451.0,1000.0
5452.0,0.733665,1.8979966019590862E-10,5452.0,18.0,1.0,1.984319471446161,1.0,2.0,1.0,1.0,5452.0,1000.0
5453.0,0.733755,1.89822943260274E-10,5453.0,18.0,1.0,1.9839555764394774,1.0,2.0,1.0,1.0,5453.0,1000.0
5454.0,0.733847,1.8984674372606973E-10,5454.0,18.0,1.0,1.9835918148743068,1.0,2.0,1.0,1.0,5454.0,1000.0
5455.0,0.733937,1.8987002679043512E-10,5455.0,18.0,1.0,1.983228186677263,1.0,2.0,1.0,1.0,5455.0,1000.0
5456.0,0.734027,1.898933098548005E-10,5456.0,18.0,1.0,1.9828646917750128,1.0,2.0,1.0,1.0,5456.0,1000.0
5457.0,0.734117,1.899165929191659E-10,5457.0,18.0,1.0,1.982501330094277,1.0,2.0,1.0,1.0,5457.0,1000.0
5458.0,0.734205,1.8993935858210093E-10,5458.0,18.0,1.0,1.9821381015618302,1.0,2.0,1.0,1.0,5458.0,1000.0
5459.0,0.734301,1.8996419385075735E-10,5459.0,18.0,1.0,1.9817750061045007,1.0,2.0,1.0,1.0,5459.0,1000.0
5460.0,0.7344,1.8998980522155929E-10,5460.0,18.0,1.0,1.9814120436491702,1.0,2.0,1.0,1.0,5460.0,1000.0
5461.0,0.734492,1.9001360568735501E-10,5461.0,18.0,1.0,1.9810492141227742,1.0,2.0,1.0,1.0,5461.0,1000.0
5462.0,0.73458,1.9003637135029005E-10,5462.0,18.0,1.0,1.9806865174523014,1.0,2.0,1.0,1.0,5462.0,1000.0
5463.0,0.73467,1.9005965441465544E-10,5463.0,18.0,1.0,1.980323953564794,1.0,2.0,1.0,1.0,5463.0,1000.0
5464.0,0.734761,1.90083196179736E-10,5464.0,18.0,1.0,1.9799615223873481,1.0,2.0,1.0,1.0,5464.0,1000.0
5465.0,0.734851,1.9010647924410138E-10,5465.0,18.0,1.0,1.9795992238471125,1.0,2.0,1.0,1.0,5465.0,1000.0
5466.0,0.73494,1.901295036077516E-10,5466.0,18.0,1.0,1.9792370578712897,1.0,2.0,1.0,1.0,5466.0,1000.0
5467.0,0.735028,1.9015226927068663E-10,5467.0,18.0,1.0,1.9788750243871356,1.0,2.0,1.0,1.0,5467.0,1000.0
5468.0,0.735119,1.901758110357672E-10,5468.0,18.0,1.0,1.9785131233219586,1.0,2.0,1.0,1.0,5468.0,1000.0
5469.0,0.735207,1.9019857669870223E-10,5469.0,18.0,1.0,1.978151354603121,1.0,2.0,1.0,1.0,5469.0,1000.0
5470.0,0.7353,1.9022263586521313E-10,5470.0,18.0,1.0,1.9777897181580384,1.0,2.0,1.0,1.0,5470.0,1000.0
5471.0,0.73539,1.9024591892957851E-10,5471.0,18.0,1.0,1.9774282139141783,1.0,2.0,1.0,1.0,5471.0,1000.0
5472.0,0.735483,1.9026997809608942E-10,5472.0,18.0,1.0,1.9770668417990624,1.0,2.0,1.0,1.0,5472.0,1000.0
5473.0,0.735577,1.902942959633155E-10,5473.0,18.0,1.0,1.9767056017402649,1.0,2.0,1.0,1.0,5473.0,1000.0
5474.0,0.735668,1.9031783772839605E-10,5474.0,18.0,1.0,1.9763444936654129,1.0,2.0,1.0,1.0,5474.0,1000.0
5475.0,0.735756,1.903406033913311E-10,5475.0,18.0,1.0,1.9759835175021863,1.0,2.0,1.0,1.0,5475.0,1000.0
5476.0,0.735847,1.9036414515641164E-10,5476.0,18.0,1.0,1.975622673178318,1.0,2.0,1.0,1.0,5476.0,1000.0
5477.0,0.735936,1.9038716952006186E-10,5477.0,18.0,1.0,1.975261960621594,1.0,2.0,1.0,1.0,5477.0,1000.0
5478.0,0.736025,1.9041019388371207E-10,5478.0,18.0,1.0,1.974901379759852,1.0,2.0,1.0,1.0,5478.0,1000.0
5479.0,0.736113,1.904329595466471E-10,5479.0,18.0,1.0,1.9745409305209838,1.0,2.0,1.0,1.0,5479.0,1000.0
5480.0,0.736207,1.9045727741387318E-10,5480.0,18.0,1.0,1.9741806128329324,1.0,2.0,1.0,1.0,5480.0,1000.0
5481.0,0.736298,1.9048081917895374E-10,5481.0,18.0,1.0,1.9738204266236945,1.0,2.0,1.0,1.0,5481.0,1000.0
5482.0,0.736387,1.9050384354260395E-10,5482.0,18.0,1.0,1.9734603718213188,1.0,2.0,1.0,1.0,5482.0,1000.0
5483.0,0.736476,1.9052686790625416E-10,5483.0,18.0,1.0,1.9731004483539065,1.0,2.0,1.0,1.0,5483.0,1000.0
5484.0,0.736566,1.9055015097061955E-10,5484.0,18.0,1.0,1.9727406561496115,1.0,2.0,1.0,1.0,5484.0,1000.0
5485.0,0.736655,1.9057317533426976E-10,5485.0,18.0,1.0,1.9723809951366398,1.0,2.0,1.0,1.0,5485.0,1000.0
5486.0,0.736744,1.9059619969791997E-10,5486.0,18.0,1.0,1.97202146524325,1.0,2.0,1.0,1.0,5486.0,1000.0
5487.0,0.736835,1.9061974146300053E-10,5487.0,18.0,1.0,1.9716620663977529,1.0,2.0,1.0,1.0,5487.0,1000.0
5488.0,0.736928,1.9064380062951143E-10,5488.0,18.0,1.0,1.9713027985285112,1.0,2.0,1.0,1.0,5488.0,1000.0
5489.0,0.737018,1.9066708369387681E-10,5489.0,18.0,1.0,1.9709436615639406,1.0,2.0,1.0,1.0,5489.0,1000.0
5490.0,0.737107,1.9069010805752703E-10,5490.0,18.0,1.0,1.9705846554325082,1.0,2.0,1.0,1.0,5490.0,1000.0
5491.0,0.737199,1.9071390852332276E-10,5491.0,18.0,1.0,1.9702257800627334,1.0,2.0,1.0,1.0,5491.0,1000.0
5492.0,0.737288,1.9073693288697297E-10,5492.0,18.0,1.0,1.9698670353831882,1.0,2.0,1.0,1.0,5492.0,1000.0
5493.0,0.73738,1.907607333527687E-10,5493.0,18.0,1.0,1.9695084213224958,1.0,2.0,1.0,1.0,5493.0,1000.0
5494.0,0.737469,1.907837577164189E-10,5494.0,18.0,1.0,1.969149937809332,1.0,2.0,1.0,1.0,5494.0,1000.0
5495.0,0.737561,1.9080755818221464E-10,5495.0,18.0,1.0,1.968791584772424,1.0,2.0,1.0,1.0,5495.0,1000.0
5496.0,0.737649,1.9083032384514968E-10,5496.0,18.0,1.0,1.9684333621405512,1.0,2.0,1.0,1.0,5496.0,1000.0
5497.0,0.73774,1.9085386561023023E-10,5497.0,18.0,1.0,1.968075269842545,1.0,2.0,1.0,1.0,5497.0,1000.0
5498.0,0.737829,1.9087688997388045E-10,5498.0,18.0,1.0,1.967717307807288,1.0,2.0,1.0,1.0,5498.0,1000.0
5499.0,0.737922,1.9090094914039135E-10,5499.0,18.0,1.0,1.9673594759637152,1.0,2.0,1.0,1.0,5499.0,1000.0
5500.0,0.73801,1.909237148033264E-10,5500.0,18.0,1.0,1.9670017742408126,1.0,2.0,1.0,1.0,5500.0,1000.0
5501.0,0.738113,1.90950360976989E-10,5501.0,18.0,1.0,1.9666442025676185,1.0,2.0,1.0,1.0,5501.0,1000.0
5502.0,0.738202,1.909733853406392E-10,5502.0,18.0,1.0,1.9662867608732224,1.0,2.0,1.0,1.0,5502.0,1000.0
5503.0,0.73829,1.9099615100357424E-10,5503.0,18.0,1.0,1.9659294490867654,1.0,2.0,1.0,1.0,5503.0,1000.0
5504.0,0.738387,1.9102124497294583E-10,5504.0,18.0,1.0,1.96557226713744,1.0,2.0,1.0,1.0,5504.0,1000.0
5505.0,0.738481,1.910455628401719E-10,5505.0,18.0,1.0,1.9652152149544904,1.0,2.0,1.0,1.0,5505.0,1000.0
5506.0,0.738571,1.910688459045373E-10,5506.0,18.0,1.0,1.964858292467212,1.0,2.0,1.0,1.0,5506.0,1000.0
5507.0,0.738664,1.910929050710482E-10,5507.0,18.0,1.0,1.964501499604952,1.0,2.0,1.0,1.0,5507.0,1000.0
5508.0,0.738753,1.911159294346984E-10,5508.0,18.0,1.0,1.9641448362971077,1.0,2.0,1.0,1.0,5508.0,1000.0
5509.0,0.738841,1.9113869509763345E-10,5509.0,18.0,1.0,1.9637883024731293,1.0,2.0,1.0,1.0,5509.0,1000.0
5510.0,0.738929,1.9116146076056849E-10,5510.0,18.0,1.0,1.9634318980625172,1.0,2.0,1.0,1.0,5510.0,1000.0
5511.0,0.739024,1.9118603732850973E-10,5511.0,18.0,1.0,1.963075622994823,1.0,2.0,1.0,1.0,5511.0,1000.0
5512.0,0.739112,1.9120880299144477E-10,5512.0,18.0,1.0,1.96271947719965,1.0,2.0,1.0,1.0,5512.0,1000.0
5513.0,0.739203,1.9123234475652533E-10,5513.0,18.0,1.0,1.9623634606066516,1.0,2.0,1.0,1.0,5513.0,1000.0
5514.0,0.739291,1.9125511041946037E-10,5514.0,18.0,1.0,1.962007573145533,1.0,2.0,1.0,1.0,5514.0,1000.0
5515.0,0.739379,1.912778760823954E-10,5515.0,18.0,1.0,1.9616518147460507,1.0,2.0,1.0,1.0,5515.0,1000.0
5516.0,0.739469,1.913011591467608E-10,5516.0,18.0,1.0,1.961296185338011,1.0,2.0,1.0,1.0,5516.0,1000.0
5517.0,0.739559,1.9132444221112618E-10,5517.0,18.0,1.0,1.9609406848512723,1.0,2.0,1.0,1.0,5517.0,1000.0
5518.0,0.739647,1.9134720787406122E-10,5518.0,18.0,1.0,1.960585313215743,1.0,2.0,1.0,1.0,5518.0,1000.0
5519.0,0.739736,1.9137023223771143E-10,5519.0,18.0,1.0,1.9602300703613824,1.0,2.0,1.0,1.0,5519.0,1000.0
5520.0,0.739826,1.913935153020768E-10,5520.0,18.0,1.0,1.959874956218201,1.0,2.0,1.0,1.0,5520.0,1000.0
5521.0,0.73992,1.914178331693029E-10,5521.0,18.0,1.0,1.9595199707162596,1.0,2.0,1.0,1.0,5521.0,1000.0
5522.0,0.740008,1.9144059883223793E-10,5522.0,18.0,1.0,1.95916511378567,1.0,2.0,1.0,1.0,5522.0,1000.0
5523.0,0.740096,1.9146336449517297E-10,5523.0,18.0,1.0,1.9588103853565941,1.0,2.0,1.0,1.0,5523.0,1000.0
5524.0,0.740184,1.91486130158108E-10,5524.0,18.0,1.0,1.958455785359245,1.0,2.0,1.0,1.0,5524.0,1000.0
5525.0,0.740274,1.915094132224734E-10,5525.0,18.0,1.0,1.9581013137238859,1.0,2.0,1.0,1.0,5525.0,1000.0
5526.0,0.740364,1.9153269628683877E-10,5526.0,18.0,1.0,1.9577469703808306,1.0,2.0,1.0,1.0,5526.0,1000.0
5527.0,0.740453,1.9155572065048899E-10,5527.0,18.0,1.0,1.9573927552604433,1.0,2.0,1.0,1.0,5527.0,1000.0
5528.0,0.740542,1.915787450141392E-10,5528.0,18.0,1.0,1.9570386682931384,1.0,2.0,1.0,1.0,5528.0,1000.0
5529.0,0.740633,1.9160228677921975E-10,5529.0,18.0,1.0,1.9566847094093813,1.0,2.0,1.0,1.0,5529.0,1000.0
5530.0,0.740726,1.9162634594573066E-10,5530.0,18.0,1.0,1.9563308785396871,1.0,2.0,1.0,1.0,5530.0,1000.0
5531.0,0.740818,1.9165014641152639E-10,5531.0,18.0,1.0,1.9559771756146211,1.0,2.0,1.0,1.0,5531.0,1000.0
5532.0,0.740907,1.916731707751766E-10,5532.0,18.0,1.0,1.9556236005647993,1.0,2.0,1.0,1.0,5532.0,1000.0
5533.0,0.740998,1.9169671254025715E-10,5533.0,18.0,1.0,1.9552701533208874,1.0,2.0,1.0,1.0,5533.0,1000.0
5534.0,0.741086,1.917194782031922E-10,5534.0,18.0,1.0,1.9549168338136014,1.0,2.0,1.0,1.0,5534.0,1000.0
5535.0,0.741178,1.9174327866898792E-10,5535.0,18.0,1.0,1.9545636419737074,1.0,2.0,1.0,1.0,5535.0,1000.0
5536.0,0.741268,1.917665617333533E-10,5536.0,18.0,1.0,1.9542105777320213,1.0,2.0,1.0,1.0,5536.0,1000.0
5537.0,0.741358,1.917898447977187E-10,5537.0,18.0,1.0,1.9538576410194093,1.0,2.0,1.0,1.0,5537.0,1000.0
5538.0,0.741447,1.918128691613689E-10,5538.0,18.0,1.0,1.9535048317667876,1.0,2.0,1.0,1.0,5538.0,1000.0
5539.0,0.741541,1.9183718702859498E-10,5539.0,18.0,1.0,1.9531521499051219,1.0,2.0,1.0,1.0,5539.0,1000.0
5540.0,0.74163,1.918602113922452E-10,5540.0,18.0,1.0,1.9527995953654278,1.0,2.0,1.0,1.0,5540.0,1000.0
5541.0,0.741722,1.9188401185804092E-10,5541.0,18.0,1.0,1.952447168078771,1.0,2.0,1.0,1.0,5541.0,1000.0
5542.0,0.741811,1.9190703622169113E-10,5542.0,18.0,1.0,1.9520948679762666,1.0,2.0,1.0,1.0,5542.0,1000.0
5543.0,0.741903,1.9193083668748686E-10,5543.0,18.0,1.0,1.95174269498908,1.0,2.0,1.0,1.0,5543.0,1000.0
5544.0,0.74199,1.9195334364970673E-10,5544.0,18.0,1.0,1.9513906490484252,1.0,2.0,1.0,1.0,5544.0,1000.0
5545.0,0.74209,1.9197921372122381E-10,5545.0,18.0,1.0,1.9510387300855672,1.0,2.0,1.0,1.0,5545.0,1000.0
5546.0,0.742179,1.9200223808487403E-10,5546.0,18.0,1.0,1.9506869380318193,1.0,2.0,1.0,1.0,5546.0,1000.0
5547.0,0.742272,1.9202629725138493E-10,5547.0,18.0,1.0,1.950335272818545,1.0,2.0,1.0,1.0,5547.0,1000.0
5548.0,0.742364,1.9205009771718066E-10,5548.0,18.0,1.0,1.9499837343771576,1.0,2.0,1.0,1.0,5548.0,1000.0
5549.0,0.742454,1.9207338078154604E-10,5549.0,18.0,1.0,1.9496323226391188,1.0,2.0,1.0,1.0,5549.0,1000.0
5550.0,0.742543,1.9209640514519625E-10,5550.0,18.0,1.0,1.9492810375359404,1.0,2.0,1.0,1.0,5550.0,1000.0
5551.0,0.742635,1.9212020561099198E-10,5551.0,18.0,1.0,1.9489298789991838,1.0,2.0,1.0,1.0,5551.0,1000.0
5552.0,0.742722,1.9214271257321185E-10,5552.0,18.0,1.0,1.9485788469604592,1.0,2.0,1.0,1.0,5552.0,1000.0
5553.0,0.742813,1.921662543382924E-10,5553.0,18.0,1.0,1.9482279413514263,1.0,2.0,1.0,1.0,5553.0,1000.0
5554.0,0.742901,1.9218902000122745E-10,5554.0,18.0,1.0,1.9478771621037936,1.0,2.0,1.0,1.0,5554.0,1000.0
5555.0,0.742991,1.9221230306559283E-10,5555.0,18.0,1.0,1.9475265091493195,1.0,2.0,1.0,1.0,5555.0,1000.0
5556.0,0.74308,1.9223532742924304E-10,5556.0,18.0,1.0,1.947175982419811,1.0,2.0,1.0,1.0,5556.0,1000.0
5557.0,0.74317,1.9225861049360843E-10,5557.0,18.0,1.0,1.9468255818471243,1.0,2.0,1.0,1.0,5557.0,1000.0
5558.0,0.743261,1.9228215225868898E-10,5558.0,18.0,1.0,1.9464753073631647,1.0,2.0,1.0,1.0,5558.0,1000.0
5559.0,0.743351,1.9230543532305437E-10,5559.0,18.0,1.0,1.9461251588998867,1.0,2.0,1.0,1.0,5559.0,1000.0
5560.0,0.743443,1.923292357888501E-10,5560.0,18.0,1.0,1.945775136389293,1.0,2.0,1.0,1.0,5560.0,1000.0
5561.0,0.743541,1.9235458845893686E-10,5561.0,18.0,1.0,1.9454252397634364,1.0,2.0,1.0,1.0,5561.0,1000.0
5562.0,0.743629,1.923773541218719E-10,5562.0,18.0,1.0,1.9450754689544174,1.0,2.0,1.0,1.0,5562.0,1000.0
5563.0,0.743717,1.9240011978480694E-10,5563.0,18.0,1.0,1.944725823894386,1.0,2.0,1.0,1.0,5563.0,1000.0
5564.0,0.743807,1.9242340284917233E-10,5564.0,18.0,1.0,1.9443763045155409,1.0,2.0,1.0,1.0,5564.0,1000.0
5565.0,0.743896,1.9244642721282254E-10,5565.0,18.0,1.0,1.9440269107501293,1.0,2.0,1.0,1.0,5565.0,1000.0
5566.0,0.743983,1.924689341750424E-10,5566.0,18.0,1.0,1.9436776425304474,1.0,2.0,1.0,1.0,5566.0,1000.0
5567.0,0.744073,1.924922172394078E-10,5567.0,18.0,1.0,1.9433284997888396,1.0,2.0,1.0,1.0,5567.0,1000.0
5568.0,0.744163,1.9251550030377317E-10,5568.0,18.0,1.0,1.9429794824576994,1.0,2.0,1.0,1.0,5568.0,1000.0
5569.0,0.744253,1.9253878336813856E-10,5569.0,18.0,1.0,1.9426305904694685,1.0,2.0,1.0,1.0,5569.0,1000.0
5570.0,0.744342,1.9256180773178877E-10,5570.0,18.0,1.0,1.9422818237566373,1.0,2.0,1.0,1.0,5570.0,1000.0
5571.0,0.744434,1.925856081975845E-10,5571.0,18.0,1.0,1.9419331822517447,1.0,2.0,1.0,1.0,5571.0,1000.0
5572.0,0.744523,1.926086325612347E-10,5572.0,18.0,1.0,1.9415846658873779,1.0,2.0,1.0,1.0,5572.0,1000.0
5573.0,0.744615,1.9263243302703044E-10,5573.0,18.0,1.0,1.9412362745961727,1.0,2.0,1.0,1.0,5573.0,1000.0
5574.0,0.744705,1.9265571609139582E-10,5574.0,18.0,1.0,1.9408880083108127,1.0,2.0,1.0,1.0,5574.0,1000.0
5575.0,0.744794,1.9267874045504604E-10,5575.0,18.0,1.0,1.9405398669640304,1.0,2.0,1.0,1.0,5575.0,1000.0
5576.0,0.744883,1.9270176481869625E-10,5576.0,18.0,1.0,1.9401918504886064,1.0,2.0,1.0,1.0,5576.0,1000.0
5577.0,0.744974,1.927253065837768E-10,5577.0,18.0,1.0,1.9398439588173695,1.0,2.0,1.0,1.0,5577.0,1000.0
5578.0,0.745063,1.9274833094742702E-10,5578.0,18.0,1.0,1.9394961918831963,1.0,2.0,1.0,1.0,5578.0,1000.0
5579.0,0.745156,1.9277239011393792E-10,5579.0,18.0,1.0,1.9391485496190124,1.0,2.0,1.0,1.0,5579.0,1000.0
5580.0,0.745245,1.9279541447758813E-10,5580.0,18.0,1.0,1.9388010319577902,1.0,2.0,1.0,1.0,5580.0,1000.0
5581.0,0.745339,1.928197323448142E-10,5581.0,18.0,1.0,1.9384536388325515,1.0,2.0,1.0,1.0,5581.0,1000.0
5582.0,0.745429,1.928430154091796E-10,5582.0,18.0,1.0,1.938106370176365,1.0,2.0,1.0,1.0,5582.0,1000.0
5583.0,0.74552,1.9286655717426015E-10,5583.0,18.0,1.0,1.9377592259223482,1.0,2.0,1.0,1.0,5583.0,1000.0
5584.0,0.74561,1.9288984023862553E-10,5584.0,18.0,1.0,1.9374122060036658,1.0,2.0,1.0,1.0,5584.0,1000.0
5585.0,0.745701,1.929133820037061E-10,5585.0,18.0,1.0,1.937065310353531,1.0,2.0,1.0,1.0,5585.0,1000.0
5586.0,0.745791,1.9293666506807147E-10,5586.0,18.0,1.0,1.936718538905204,1.0,2.0,1.0,1.0,5586.0,1000.0
5587.0,0.745883,1.929604655338672E-10,5587.0,18.0,1.0,1.9363718915919939,1.0,2.0,1.0,1.0,5587.0,1000.0
5588.0,0.745973,1.929837485982326E-10,5588.0,18.0,1.0,1.9360253683472566,1.0,2.0,1.0,1.0,5588.0,1000.0
5589.0,0.746063,1.9300703166259797E-10,5589.0,18.0,1.0,1.935678969104396,1.0,2.0,1.0,1.0,5589.0,1000.0
5590.0,0.746151,1.93029797325533E-10,5590.0,18.0,1.0,1.935332693796864,1.0,2.0,1.0,1.0,5590.0,1000.0
5591.0,0.746244,1.9305385649204391E-10,5591.0,18.0,1.0,1.9349865423581596,1.0,2.0,1.0,1.0,5591.0,1000.0
5592.0,0.746335,1.9307739825712447E-10,5592.0,18.0,1.0,1.9346405147218293,1.0,2.0,1.0,1.0,5592.0,1000.0
5593.0,0.746426,1.9310094002220503E-10,5593.0,18.0,1.0,1.9342946108214678,1.0,2.0,1.0,1.0,5593.0,1000.0
5594.0,0.746514,1.9312370568514007E-10,5594.0,18.0,1.0,1.9339488305907169,1.0,2.0,1.0,1.0,5594.0,1000.0
5595.0,0.746604,1.9314698874950545E-10,5595.0,18.0,1.0,1.9336031739632653,1.0,2.0,1.0,1.0,5595.0,1000.0
5596.0,0.746693,1.9317001311315566E-10,5596.0,18.0,1.0,1.9332576408728501,1.0,2.0,1.0,1.0,5596.0,1000.0
5597.0,0.746783,1.9319329617752105E-10,5597.0,18.0,1.0,1.9329122312532552,1.0,2.0,1.0,1.0,5597.0,1000.0
5598.0,0.746872,1.9321632054117126E-10,5598.0,18.0,1.0,1.9325669450383118,1.0,2.0,1.0,1.0,5598.0,1000.0
5599.0,0.746961,1.9323934490482147E-10,5599.0,18.0,1.0,1.9322217821618985,1.0,2.0,1.0,1.0,5599.0,1000.0
5600.0,0.747051,1.9326262796918686E-10,5600.0,18.0,1.0,1.931876742557941,1.0,2.0,1.0,1.0,5600.0,1000.0
5601.0,0.747144,1.9328668713569776E-10,5601.0,18.0,1.0,1.9315318261604124,1.0,2.0,1.0,1.0,5601.0,1000.0
5602.0,0.747232,1.933094527986328E-10,5602.0,18.0,1.0,1.9311870329033327,1.0,2.0,1.0,1.0,5602.0,1000.0
5603.0,0.74732,1.9333221846156784E-10,5603.0,18.0,1.0,1.9308423627207691,1.0,2.0,1.0,1.0,5603.0,1000.0
5604.0,0.74741,1.9335550152593322E-10,5604.0,18.0,1.0,1.9304978155468362,1.0,2.0,1.0,1.0,5604.0,1000.0
5605.0,0.747501,1.9337904329101378E-10,5605.0,18.0,1.0,1.9301533913156947,1.0,2.0,1.0,1.0,5605.0,1000.0
5606.0,0.747589,1.9340180895394882E-10,5606.0,18.0,1.0,1.9298090899615536,1.0,2.0,1.0,1.0,5606.0,1000.0
5607.0,0.747679,1.934250920183142E-10,5607.0,18.0,1.0,1.9294649114186677,1.0,2.0,1.0,1.0,5607.0,1000.0
5608.0,0.747768,1.934481163819644E-10,5608.0,18.0,1.0,1.929120855621339,1.0,2.0,1.0,1.0,5608.0,1000.0
5609.0,0.747859,1.9347165814704497E-10,5609.0,18.0,1.0,1.9287769225039169,1.0,2.0,1.0,1.0,5609.0,1000.0
5610.0,0.747948,1.9349468251069518E-10,5610.0,18.0,1.0,1.9284331120007967,1.0,2.0,1.0,1.0,5610.0,1000.0
5611.0,0.74804,1.935184829764909E-10,5611.0,18.0,1.0,1.9280894240464213,1.0,2.0,1.0,1.0,5611.0,1000.0
5612.0,0.748131,1.9354202474157147E-10,5612.0,18.0,1.0,1.9277458585752798,1.0,2.0,1.0,1.0,5612.0,1000.0
5613.0,0.748221,1.9356530780593685E-10,5613.0,18.0,1.0,1.927402415521908,1.0,2.0,1.0,1.0,5613.0,1000.0
5614.0,0.74831,1.9358833216958706E-10,5614.0,18.0,1.0,1.9270590948208888,1.0,2.0,1.0,1.0,5614.0,1000.0
5615.0,0.748398,1.936110978325221E-10,5615.0,18.0,1.0,1.9267158964068511,1.0,2.0,1.0,1.0,5615.0,1000.0
5616.0,0.748488,1.936343808968875E-10,5616.0,18.0,1.0,1.926372820214471,1.0,2.0,1.0,1.0,5616.0,1000.0
5617.0,0.748581,1.936584400633984E-10,5617.0,18.0,1.0,1.9260298661784707,1.0,2.0,1.0,1.0,5617.0,1000.0
5618.0,0.748677,1.936832753320548E-10,5618.0,18.0,1.0,1.9256870342336188,1.0,2.0,1.0,1.0,5618.0,1000.0
5619.0,0.748767,1.937065583964202E-10,5619.0,18.0,1.0,1.9253443243147303,1.0,2.0,1.0,1.0,5619.0,1000.0
5620.0,0.748856,1.937295827600704E-10,5620.0,18.0,1.0,1.9250017363566672,1.0,2.0,1.0,1.0,5620.0,1000.0
5621.0,0.74895,1.9375390062729648E-10,5621.0,18.0,1.0,1.9246592702943373,1.0,2.0,1.0,1.0,5621.0,1000.0
5622.0,0.749042,1.937777010930922E-10,5622.0,18.0,1.0,1.9243169260626947,1.0,2.0,1.0,1.0,5622.0,1000.0
5623.0,0.749131,1.9380072545674242E-10,5623.0,18.0,1.0,1.92397470359674,1.0,2.0,1.0,1.0,5623.0,1000.0
5624.0,0.749219,1.9382349111967746E-10,5624.0,18.0,1.0,1.9236326028315203,1.0,2.0,1.0,1.0,5624.0,1000.0
5625.0,0.74931,1.9384703288475802E-10,5625.0,18.0,1.0,1.9232906237021279,1.0,2.0,1.0,1.0,5625.0,1000.0
5626.0,0.749401,1.9387057464983858E-10,5626.0,18.0,1.0,1.9229487661437024,1.0,2.0,1.0,1.0,5626.0,1000.0
5627.0,0.749491,1.9389385771420396E-10,5627.0,18.0,1.0,1.9226070300914289,1.0,2.0,1.0,1.0,5627.0,1000.0
5628.0,0.749579,1.93916623377139E-10,5628.0,18.0,1.0,1.9222654154805383,1.0,2.0,1.0,1.0,5628.0,1000.0
5629.0,0.749671,1.9394042384293473E-10,5629.0,18.0,1.0,1.9219239222463083,1.0,2.0,1.0,1.0,5629.0,1000.0
5630.0,0.749761,1.9396370690730011E-10,5630.0,18.0,1.0,1.921582550324062,1.0,2.0,1.0,1.0,5630.0,1000.0
5631.0,0.749853,1.9398750737309584E-10,5631.0,18.0,1.0,1.9212412996491688,1.0,2.0,1.0,1.0,5631.0,1000.0
5632.0,0.749942,1.9401053173674606E-10,5632.0,18.0,1.0,1.9209001701570436,1.0,2.0,1.0,1.0,5632.0,1000.0
5633.0,0.750032,1.9403381480111144E-10,5633.0,18.0,1.0,1.9205591617831475,1.0,2.0,1.0,1.0,5633.0,1000.0
5634.0,0.750123,1.94057356566192E-10,5634.0,18.0,1.0,1.9202182744629872,1.0,2.0,1.0,1.0,5634.0,1000.0
5635.0,0.750213,1.9408063963055738E-10,5635.0,18.0,1.0,1.9198775081321153,1.0,2.0,1.0,1.0,5635.0,1000.0
5636.0,0.750303,1.9410392269492277E-10,5636.0,18.0,1.0,1.9195368627261302,1.0,2.0,1.0,1.0,5636.0,1000.0
5637.0,0.750393,1.9412720575928815E-10,5637.0,18.0,1.0,1.9191963381806758,1.0,2.0,1.0,1.0,5637.0,1000.0
5638.0,0.750483,1.9415048882365353E-10,5638.0,18.0,1.0,1.918855934431442,1.0,2.0,1.0,1.0,5638.0,1000.0
5639.0,0.750574,1.941740305887341E-10,5639.0,18.0,1.0,1.9185156514141637,1.0,2.0,1.0,1.0,5639.0,1000.0
5640.0,0.750664,1.9419731365309948E-10,5640.0,18.0,1.0,1.9181754890646223,1.0,2.0,1.0,1.0,5640.0,1000.0
5641.0,0.750756,1.942211141188952E-10,5641.0,18.0,1.0,1.9178354473186439,1.0,2.0,1.0,1.0,5641.0,1000.0
5642.0,0.750847,1.9424465588397576E-10,5642.0,18.0,1.0,1.9174955261121003,1.0,2.0,1.0,1.0,5642.0,1000.0
5643.0,0.750938,1.9426819764905632E-10,5643.0,18.0,1.0,1.917155725380909,1.0,2.0,1.0,1.0,5643.0,1000.0
5644.0,0.751029,1.9429173941413688E-10,5644.0,18.0,1.0,1.916816045061033,1.0,2.0,1.0,1.0,5644.0,1000.0
5645.0,0.751119,1.9431502247850226E-10,5645.0,18.0,1.0,1.9164764850884801,1.0,2.0,1.0,1.0,5645.0,1000.0
5646.0,0.751209,1.9433830554286765E-10,5646.0,18.0,1.0,1.9161370453993039,1.0,2.0,1.0,1.0,5646.0,1000.0
5647.0,0.751299,1.9436158860723303E-10,5647.0,18.0,1.0,1.9157977259296033,1.0,2.0,1.0,1.0,5647.0,1000.0
5648.0,0.751389,1.9438487167159841E-10,5648.0,18.0,1.0,1.9154585266155222,1.0,2.0,1.0,1.0,5648.0,1000.0
5649.0,0.751477,1.9440763733453345E-10,5649.0,18.0,1.0,1.91511944739325,1.0,2.0,1.0,1.0,5649.0,1000.0
5650.0,0.751568,1.94431179099614E-10,5650.0,18.0,1.0,1.9147804881990211,1.0,2.0,1.0,1.0,5650.0,1000.0
5651.0,0.751661,1.944552382661249E-10,5651.0,18.0,1.0,1.9144416489691152,1.0,2.0,1.0,1.0,5651.0,1000.0
5652.0,0.751749,1.9447800392905995E-10,5652.0,18.0,1.0,1.9141029296398566,1.0,2.0,1.0,1.0,5652.0,1000.0
5653.0,0.751839,1.9450128699342534E-10,5653.0,18.0,1.0,1.9137643301476153,1.0,2.0,1.0,1.0,5653.0,1000.0
5654.0,0.751932,1.9452534615993624E-10,5654.0,18.0,1.0,1.9134258504288062,1.0,2.0,1.0,1.0,5654.0,1000.0
5655.0,0.752021,1.9454837052358645E-10,5655.0,18.0,1.0,1.9130874904198885,1.0,2.0,1.0,1.0,5655.0,1000.0
5656.0,0.752109,1.945711361865215E-10,5656.0,18.0,1.0,1.9127492500573673,1.0,2.0,1.0,1.0,5656.0,1000.0
5657.0,0.752198,1.945941605501717E-10,5657.0,18.0,1.0,1.912411129277792,1.0,2.0,1.0,1.0,5657.0,1000.0
5658.0,0.752298,1.9462003062168879E-10,5658.0,18.0,1.0,1.9120731280177572,1.0,2.0,1.0,1.0,5658.0,1000.0
5659.0,0.752386,1.9464279628462383E-10,5659.0,18.0,1.0,1.9117352462139017,1.0,2.0,1.0,1.0,5659.0,1000.0
5660.0,0.752476,1.946660793489892E-10,5660.0,18.0,1.0,1.9113974838029097,1.0,2.0,1.0,1.0,5660.0,1000.0
5661.0,0.752569,1.946901385155001E-10,5661.0,18.0,1.0,1.9110598407215103,1.0,2.0,1.0,1.0,5661.0,1000.0
5662.0,0.75266,1.9471368028058067E-10,5662.0,18.0,1.0,1.9107223169064764,1.0,2.0,1.0,1.0,5662.0,1000.0
5663.0,0.752749,1.9473670464423088E-10,5663.0,18.0,1.0,1.9103849122946264,1.0,2.0,1.0,1.0,5663.0,1000.0
5664.0,0.752837,1.9475947030716592E-10,5664.0,18.0,1.0,1.910047626822823,1.0,2.0,1.0,1.0,5664.0,1000.0
5665.0,0.752926,1.9478249467081613E-10,5665.0,18.0,1.0,1.9097104604279735,1.0,2.0,1.0,1.0,5665.0,1000.0
5666.0,0.753016,1.9480577773518152E-10,5666.0,18.0,1.0,1.9093734130470297,1.0,2.0,1.0,1.0,5666.0,1000.0
5667.0,0.753105,1.9482880209883173E-10,5667.0,18.0,1.0,1.9090364846169878,1.0,2.0,1.0,1.0,5667.0,1000.0
5668.0,0.753194,1.9485182646248194E-10,5668.0,18.0,1.0,1.9086996750748888,1.0,2.0,1.0,1.0,5668.0,1000.0
5669.0,0.753283,1.9487485082613215E-10,5669.0,18.0,1.0,1.9083629843578178,1.0,2.0,1.0,1.0,5669.0,1000.0
5670.0,0.753375,1.9489865129192788E-10,5670.0,18.0,1.0,1.9080264124029047,1.0,2.0,1.0,1.0,5670.0,1000.0
5671.0,0.753469,1.9492296915915396E-10,5671.0,18.0,1.0,1.907689959147323,1.0,2.0,1.0,1.0,5671.0,1000.0
5672.0,0.753558,1.9494599352280417E-10,5672.0,18.0,1.0,1.9073536245282916,1.0,2.0,1.0,1.0,5672.0,1000.0
5673.0,0.753647,1.9496901788645438E-10,5673.0,18.0,1.0,1.9070174084830724,1.0,2.0,1.0,1.0,5673.0,1000.0
5674.0,0.753737,1.9499230095081976E-10,5674.0,18.0,1.0,1.9066813109489724,1.0,2.0,1.0,1.0,5674.0,1000.0
5675.0,0.753827,1.9501558401518515E-10,5675.0,18.0,1.0,1.9063453318633428,1.0,2.0,1.0,1.0,5675.0,1000.0
5676.0,0.753916,1.9503860837883536E-10,5676.0,18.0,1.0,1.9060094711635782,1.0,2.0,1.0,1.0,5676.0,1000.0
5677.0,0.754006,1.9506189144320074E-10,5677.0,18.0,1.0,1.9056737287871182,1.0,2.0,1.0,1.0,5677.0,1000.0
5678.0,0.754097,1.950854332082813E-10,5678.0,18.0,1.0,1.905338104671446,1.0,2.0,1.0,1.0,5678.0,1000.0
5679.0,0.754188,1.9510897497336186E-10,5679.0,18.0,1.0,1.9050025987540886,1.0,2.0,1.0,1.0,5679.0,1000.0
5680.0,0.754277,1.9513199933701207E-10,5680.0,18.0,1.0,1.904667210972618,1.0,2.0,1.0,1.0,5680.0,1000.0
5681.0,0.754367,1.9515528240137745E-10,5681.0,18.0,1.0,1.9043319412646487,1.0,2.0,1.0,1.0,5681.0,1000.0
5682.0,0.754459,1.9517908286717318E-10,5682.0,18.0,1.0,1.9039967895678405,1.0,2.0,1.0,1.0,5682.0,1000.0
5683.0,0.75455,1.9520262463225374E-10,5683.0,18.0,1.0,1.903661755819896,1.0,2.0,1.0,1.0,5683.0,1000.0
5684.0,0.754639,1.9522564899590395E-10,5684.0,18.0,1.0,1.9033268399585626,1.0,2.0,1.0,1.0,5684.0,1000.0
5685.0,0.754732,1.9524970816241486E-10,5685.0,18.0,1.0,1.9029920419216306,1.0,2.0,1.0,1.0,5685.0,1000.0
5686.0,0.754822,1.9527299122678024E-10,5686.0,18.0,1.0,1.9026573616469344,1.0,2.0,1.0,1.0,5686.0,1000.0
5687.0,0.754913,1.952965329918608E-10,5687.0,18.0,1.0,1.9023227990723526,1.0,2.0,1.0,1.0,5687.0,1000.0
5688.0,0.755001,1.9531929865479584E-10,5688.0,18.0,1.0,1.901988354135807,1.0,2.0,1.0,1.0,5688.0,1000.0
5689.0,0.755092,1.953428404198764E-10,5689.0,18.0,1.0,1.9016540267752626,1.0,2.0,1.0,1.0,5689.0,1000.0
5690.0,0.755184,1.9536664088567212E-10,5690.0,18.0,1.0,1.9013198169287293,1.0,2.0,1.0,1.0,5690.0,1000.0
5691.0,0.755276,1.9539044135146785E-10,5691.0,18.0,1.0,1.9009857245342594,1.0,2.0,1.0,1.0,5691.0,1000.0
5692.0,0.755367,1.954139831165484E-10,5692.0,18.0,1.0,1.900651749529949,1.0,2.0,1.0,1.0,5692.0,1000.0
5693.0,0.755465,1.9543933578663518E-10,5693.0,18.0,1.0,1.900317891853938,1.0,2.0,1.0,1.0,5693.0,1000.0
5694.0,0.755555,1.9546261885100056E-10,5694.0,18.0,1.0,1.8999841514444098,1.0,2.0,1.0,1.0,5694.0,1000.0
5695.0,0.755646,1.9548616061608112E-10,5695.0,18.0,1.0,1.8996505282395908,1.0,2.0,1.0,1.0,5695.0,1000.0
5696.0,0.755736,1.955094436804465E-10,5696.0,18.0,1.0,1.899317022177751,1.0,2.0,1.0,1.0,5696.0,1000.0
5697.0,0.755836,1.9553531375196359E-10,5697.0,18.0,1.0,1.8989836331972036,1.0,2.0,1.0,1.0,5697.0,1000.0
5698.0,0.755933,1.9556040772133518E-10,5698.0,18.0,1.0,1.8986503612363057,1.0,2.0,1.0,1.0,5698.0,1000.0
5699.0,0.756024,1.9558394948641574E-10,5699.0,18.0,1.0,1.8983172062334568,1.0,2.0,1.0,1.0,5699.0,1000.0
5700.0,0.756117,1.9560800865292664E-10,5700.0,18.0,1.0,1.8979841681271,1.0,2.0,1.0,1.0,5700.0,1000.0
5701.0,0.756209,1.9563180911872237E-10,5701.0,18.0,1.0,1.8976512468557218,1.0,2.0,1.0,1.0,5701.0,1000.0
5702.0,0.756299,1.9565509218308775E-10,5702.0,18.0,1.0,1.8973184423578515,1.0,2.0,1.0,1.0,5702.0,1000.0
5703.0,0.756389,1.9567837524745314E-10,5703.0,18.0,1.0,1.896985754572062,1.0,2.0,1.0,1.0,5703.0,1000.0
5704.0,0.756486,1.9570346921682473E-10,5704.0,18.0,1.0,1.8966531834369686,1.0,2.0,1.0,1.0,5704.0,1000.0
5705.0,0.756582,1.9572830448548115E-10,5705.0,18.0,1.0,1.8963207288912305,1.0,2.0,1.0,1.0,5705.0,1000.0
5706.0,0.75668,1.9575365715556792E-10,5706.0,18.0,1.0,1.8959883908735489,1.0,2.0,1.0,1.0,5706.0,1000.0
5707.0,0.756779,1.9577926852636985E-10,5707.0,18.0,1.0,1.8956561693226686,1.0,2.0,1.0,1.0,5707.0,1000.0
5708.0,0.756871,1.9580306899216558E-10,5708.0,18.0,1.0,1.8953240641773772,1.0,2.0,1.0,1.0,5708.0,1000.0
5709.0,0.756969,1.9582842166225235E-10,5709.0,18.0,1.0,1.8949920753765055,1.0,2.0,1.0,1.0,5709.0,1000.0
5710.0,0.757064,1.958529982301936E-10,5710.0,18.0,1.0,1.8946602028589263,1.0,2.0,1.0,1.0,5710.0,1000.0
5711.0,0.757157,1.958770573967045E-10,5711.0,18.0,1.0,1.8943284465635561,1.0,2.0,1.0,1.0,5711.0,1000.0
5712.0,0.757246,1.959000817603547E-10,5712.0,18.0,1.0,1.893996806429354,1.0,2.0,1.0,1.0,5712.0,1000.0
5713.0,0.757338,1.9592388222615044E-10,5713.0,18.0,1.0,1.893665282395321,1.0,2.0,1.0,1.0,5713.0,1000.0
5714.0,0.757431,1.9594794139266134E-10,5714.0,18.0,1.0,1.8933338744005022,1.0,2.0,1.0,1.0,5714.0,1000.0
5715.0,0.75752,1.9597096575631156E-10,5715.0,18.0,1.0,1.8930025823839842,1.0,2.0,1.0,1.0,5715.0,1000.0
5716.0,0.757614,1.9599528362353763E-10,5716.0,18.0,1.0,1.8926714062848968,1.0,2.0,1.0,1.0,5716.0,1000.0
5717.0,0.757707,1.9601934279004853E-10,5717.0,18.0,1.0,1.892340346042412,1.0,2.0,1.0,1.0,5717.0,1000.0
5718.0,0.757802,1.9604391935798978E-10,5718.0,18.0,1.0,1.892009401595745,1.0,2.0,1.0,1.0,5718.0,1000.0
5719.0,0.757896,1.9606823722521586E-10,5719.0,18.0,1.0,1.8916785728841528,1.0,2.0,1.0,1.0,5719.0,1000.0
5720.0,0.757984,1.960910028881509E-10,5720.0,18.0,1.0,1.8913478598469353,1.0,2.0,1.0,1.0,5720.0,1000.0
5721.0,0.758076,1.9611480335394662E-10,5721.0,18.0,1.0,1.8910172624234347,1.0,2.0,1.0,1.0,5721.0,1000.0
5722.0,0.758168,1.9613860381974235E-10,5722.0,18.0,1.0,1.8906867805530356,1.0,2.0,1.0,1.0,5722.0,1000.0
5723.0,0.758257,1.9616162818339257E-10,5723.0,18.0,1.0,1.890356414175165,1.0,2.0,1.0,1.0,5723.0,1000.0
5724.0,0.758347,1.9618491124775795E-10,5724.0,18.0,1.0,1.8900261632292923,1.0,2.0,1.0,1.0,5724.0,1000.0
5725.0,0.758437,1.9620819431212334E-10,5725.0,18.0,1.0,1.8896960276549293,1.0,2.0,1.0,1.0,5725.0,1000.0
5726.0,0.758532,1.9623277088006458E-10,5726.0,18.0,1.0,1.8893660073916294,1.0,2.0,1.0,1.0,5726.0,1000.0
5727.0,0.758621,1.962557952437148E-10,5727.0,18.0,1.0,1.889036102378989,1.0,2.0,1.0,1.0,5727.0,1000.0
5728.0,0.75871,1.96278819607365E-10,5728.0,18.0,1.0,1.8887063125566463,1.0,2.0,1.0,1.0,5728.0,1000.0
5729.0,0.7588,1.963021026717304E-10,5729.0,18.0,1.0,1.8883766378642817,1.0,2.0,1.0,1.0,5729.0,1000.0
5730.0,0.758895,1.9632667923967164E-10,5730.0,18.0,1.0,1.8880470782416177,1.0,2.0,1.0,1.0,5730.0,1000.0
5731.0,0.758988,1.9635073840618254E-10,5731.0,18.0,1.0,1.8877176336284192,1.0,2.0,1.0,1.0,5731.0,1000.0
5732.0,0.759078,1.9637402147054793E-10,5732.0,18.0,1.0,1.8873883039644923,1.0,2.0,1.0,1.0,5732.0,1000.0
5733.0,0.759167,1.9639704583419814E-10,5733.0,18.0,1.0,1.887059089189686,1.0,2.0,1.0,1.0,5733.0,1000.0
5734.0,0.759258,1.964205875992787E-10,5734.0,18.0,1.0,1.8867299892438907,1.0,2.0,1.0,1.0,5734.0,1000.0
5735.0,0.759348,1.9644387066364408E-10,5735.0,18.0,1.0,1.8864010040670391,1.0,2.0,1.0,1.0,5735.0,1000.0
5736.0,0.759438,1.9646715372800946E-10,5736.0,18.0,1.0,1.8860721335991055,1.0,2.0,1.0,1.0,5736.0,1000.0
5737.0,0.759532,1.9649147159523554E-10,5737.0,18.0,1.0,1.8857433777801063,1.0,2.0,1.0,1.0,5737.0,1000.0
5738.0,0.759622,1.9651475465960092E-10,5738.0,18.0,1.0,1.8854147365500993,1.0,2.0,1.0,1.0,5738.0,1000.0
5739.0,0.759713,1.9653829642468148E-10,5739.0,18.0,1.0,1.8850862098491845,1.0,2.0,1.0,1.0,5739.0,1000.0
5740.0,0.759804,1.9656183818976204E-10,5740.0,18.0,1.0,1.8847577976175034,1.0,2.0,1.0,1.0,5740.0,1000.0
5741.0,0.759897,1.9658589735627294E-10,5741.0,18.0,1.0,1.8844294997952395,1.0,2.0,1.0,1.0,5741.0,1000.0
5742.0,0.759988,1.966094391213535E-10,5742.0,18.0,1.0,1.8841013163226175,1.0,2.0,1.0,1.0,5742.0,1000.0
5743.0,0.760079,1.9663298088643405E-10,5743.0,18.0,1.0,1.8837732471399042,1.0,2.0,1.0,1.0,5743.0,1000.0
5744.0,0.760169,1.9665626395079944E-10,5744.0,18.0,1.0,1.8834452921874076,1.0,2.0,1.0,1.0,5744.0,1000.0
5745.0,0.760259,1.9667954701516482E-10,5745.0,18.0,1.0,1.8831174514054778,1.0,2.0,1.0,1.0,5745.0,1000.0
5746.0,0.760349,1.967028300795302E-10,5746.0,18.0,1.0,1.8827897247345058,1.0,2.0,1.0,1.0,5746.0,1000.0
5747.0,0.760438,1.9672585444318042E-10,5747.0,18.0,1.0,1.8824621121149243,1.0,2.0,1.0,1.0,5747.0,1000.0
5748.0,0.760527,1.9674887880683063E-10,5748.0,18.0,1.0,1.8821346134872077,1.0,2.0,1.0,1.0,5748.0,1000.0
5749.0,0.760615,1.9677164446976567E-10,5749.0,18.0,1.0,1.8818072287918717,1.0,2.0,1.0,1.0,5749.0,1000.0
5750.0,0.760707,1.967954449355614E-10,5750.0,18.0,1.0,1.881479957969473,1.0,2.0,1.0,1.0,5750.0,1000.0
5751.0,0.760801,1.9681976280278747E-10,5751.0,18.0,1.0,1.8811528009606102,1.0,2.0,1.0,1.0,5751.0,1000.0
5752.0,0.760893,1.968435632685832E-10,5752.0,18.0,1.0,1.880825757705923,1.0,2.0,1.0,1.0,5752.0,1000.0
5753.0,0.760984,1.9686710503366376E-10,5753.0,18.0,1.0,1.8804988281460924,1.0,2.0,1.0,1.0,5753.0,1000.0
5754.0,0.761073,1.9689012939731397E-10,5754.0,18.0,1.0,1.8801720122218404,1.0,2.0,1.0,1.0,5754.0,1000.0
5755.0,0.761166,1.9691418856382487E-10,5755.0,18.0,1.0,1.8798453098739305,1.0,2.0,1.0,1.0,5755.0,1000.0
5756.0,0.761255,1.9693721292747509E-10,5756.0,18.0,1.0,1.879518721043167,1.0,2.0,1.0,1.0,5756.0,1000.0
5757.0,0.761345,1.9696049599184047E-10,5757.0,18.0,1.0,1.879192245670396,1.0,2.0,1.0,1.0,5757.0,1000.0
5758.0,0.761434,1.9698352035549068E-10,5758.0,18.0,1.0,1.878865883696504,1.0,2.0,1.0,1.0,5758.0,1000.0
5759.0,0.761525,1.9700706212057124E-10,5759.0,18.0,1.0,1.8785396350624188,1.0,2.0,1.0,1.0,5759.0,1000.0
5760.0,0.761613,1.9702982778350628E-10,5760.0,18.0,1.0,1.8782134997091093,1.0,2.0,1.0,1.0,5760.0,1000.0
5761.0,0.761704,1.9705336954858684E-10,5761.0,18.0,1.0,1.8778874775775853,1.0,2.0,1.0,1.0,5761.0,1000.0
5762.0,0.761797,1.9707742871509774E-10,5762.0,18.0,1.0,1.877561568608898,1.0,2.0,1.0,1.0,5762.0,1000.0
5763.0,0.761885,1.9710019437803278E-10,5763.0,18.0,1.0,1.8772357727441384,1.0,2.0,1.0,1.0,5763.0,1000.0
5764.0,0.761976,1.9712373614311333E-10,5764.0,18.0,1.0,1.8769100899244395,1.0,2.0,1.0,1.0,5764.0,1000.0
5765.0,0.762065,1.9714676050676355E-10,5765.0,18.0,1.0,1.8765845200909748,1.0,2.0,1.0,1.0,5765.0,1000.0
5766.0,0.762155,1.9717004357112893E-10,5766.0,18.0,1.0,1.8762590631849583,1.0,2.0,1.0,1.0,5766.0,1000.0
5767.0,0.762246,1.9719358533620949E-10,5767.0,18.0,1.0,1.875933719147645,1.0,2.0,1.0,1.0,5767.0,1000.0
5768.0,0.762337,1.9721712710129004E-10,5768.0,18.0,1.0,1.875608487920331,1.0,2.0,1.0,1.0,5768.0,1000.0
5769.0,0.762427,1.9724041016565543E-10,5769.0,18.0,1.0,1.8752833694443525,1.0,2.0,1.0,1.0,5769.0,1000.0
5770.0,0.762515,1.9726317582859047E-10,5770.0,18.0,1.0,1.8749583636610867,1.0,2.0,1.0,1.0,5770.0,1000.0
5771.0,0.762609,1.9728749369581654E-10,5771.0,18.0,1.0,1.8746334705119512,1.0,2.0,1.0,1.0,5771.0,1000.0
5772.0,0.762703,1.9731181156304262E-10,5772.0,18.0,1.0,1.8743086899384043,1.0,2.0,1.0,1.0,5772.0,1000.0
5773.0,0.762794,1.9733535332812317E-10,5773.0,18.0,1.0,1.8739840218819452,1.0,2.0,1.0,1.0,5773.0,1000.0
5774.0,0.762883,1.9735837769177339E-10,5774.0,18.0,1.0,1.8736594662841133,1.0,2.0,1.0,1.0,5774.0,1000.0
5775.0,0.762974,1.9738191945685394E-10,5775.0,18.0,1.0,1.8733350230864882,1.0,2.0,1.0,1.0,5775.0,1000.0
5776.0,0.763063,1.9740494382050416E-10,5776.0,18.0,1.0,1.8730106922306908,1.0,2.0,1.0,1.0,5776.0,1000.0
5777.0,0.763162,1.974305551913061E-10,5777.0,18.0,1.0,1.8726864736583815,1.0,2.0,1.0,1.0,5777.0,1000.0
5778.0,0.763253,1.9745409695638665E-10,5778.0,18.0,1.0,1.8723623673112617,1.0,2.0,1.0,1.0,5778.0,1000.0
5779.0,0.763345,1.9747789742218238E-10,5779.0,18.0,1.0,1.8720383731310728,1.0,2.0,1.0,1.0,5779.0,1000.0
5780.0,0.763437,1.975016978879781E-10,5780.0,18.0,1.0,1.8717144910595969,1.0,2.0,1.0,1.0,5780.0,1000.0
5781.0,0.763528,1.9752523965305867E-10,5781.0,18.0,1.0,1.8713907210386558,1.0,2.0,1.0,1.0,5781.0,1000.0
5782.0,0.763617,1.9754826401670888E-10,5782.0,18.0,1.0,1.8710670630101123,1.0,2.0,1.0,1.0,5782.0,1000.0
5783.0,0.763707,1.9757154708107426E-10,5783.0,18.0,1.0,1.8707435169158688,1.0,2.0,1.0,1.0,5783.0,1000.0
5784.0,0.763795,1.975943127440093E-10,5784.0,18.0,1.0,1.8704200826978683,1.0,2.0,1.0,1.0,5784.0,1000.0
5785.0,0.763884,1.9761733710765951E-10,5785.0,18.0,1.0,1.8700967602980934,1.0,2.0,1.0,1.0,5785.0,1000.0
5786.0,0.763976,1.9764113757345524E-10,5786.0,18.0,1.0,1.8697735496585672,1.0,2.0,1.0,1.0,5786.0,1000.0
5787.0,0.764066,1.9766442063782063E-10,5787.0,18.0,1.0,1.869450450721353,1.0,2.0,1.0,1.0,5787.0,1000.0
5788.0,0.764157,1.9768796240290119E-10,5788.0,18.0,1.0,1.8691274634285537,1.0,2.0,1.0,1.0,5788.0,1000.0
5789.0,0.764247,1.9771124546726657E-10,5789.0,18.0,1.0,1.868804587722313,1.0,2.0,1.0,1.0,5789.0,1000.0
5790.0,0.764337,1.9773452853163195E-10,5790.0,18.0,1.0,1.8684818235448135,1.0,2.0,1.0,1.0,5790.0,1000.0
5791.0,0.764431,1.9775884639885803E-10,5791.0,18.0,1.0,1.8681591708382783,1.0,2.0,1.0,1.0,5791.0,1000.0
5792.0,0.764522,1.9778238816393859E-10,5792.0,18.0,1.0,1.8678366295449707,1.0,2.0,1.0,1.0,5792.0,1000.0
5793.0,0.764613,1.9780592992901914E-10,5793.0,18.0,1.0,1.8675141996071931,1.0,2.0,1.0,1.0,5793.0,1000.0
5794.0,0.764704,1.978294716940997E-10,5794.0,18.0,1.0,1.8671918809672885,1.0,2.0,1.0,1.0,5794.0,1000.0
5795.0,0.764795,1.9785301345918026E-10,5795.0,18.0,1.0,1.8668696735676393,1.0,2.0,1.0,1.0,5795.0,1000.0
5796.0,0.764885,1.9787629652354564E-10,5796.0,18.0,1.0,1.8665475773506677,1.0,2.0,1.0,1.0,5796.0,1000.0
5797.0,0.764974,1.9789932088719585E-10,5797.0,18.0,1.0,1.8662255922588356,1.0,2.0,1.0,1.0,5797.0,1000.0
5798.0,0.765063,1.9792234525084607E-10,5798.0,18.0,1.0,1.8659037182346447,1.0,2.0,1.0,1.0,5798.0,1000.0
5799.0,0.765156,1.9794640441735697E-10,5799.0,18.0,1.0,1.8655819552206363,1.0,2.0,1.0,1.0,5799.0,1000.0
5800.0,0.765247,1.9796994618243752E-10,5800.0,18.0,1.0,1.8652603031593913,1.0,2.0,1.0,1.0,5800.0,1000.0
5801.0,0.765338,1.9799348794751808E-10,5801.0,18.0,1.0,1.8649387619935303,1.0,2.0,1.0,1.0,5801.0,1000.0
5802.0,0.765427,1.980165123111683E-10,5802.0,18.0,1.0,1.8646173316657135,1.0,2.0,1.0,1.0,5802.0,1000.0
5803.0,0.765516,1.980395366748185E-10,5803.0,18.0,1.0,1.8642960121186403,1.0,2.0,1.0,1.0,5803.0,1000.0
5804.0,0.765605,1.9806256103846872E-10,5804.0,18.0,1.0,1.8639748032950498,1.0,2.0,1.0,1.0,5804.0,1000.0
5805.0,0.765695,1.980858441028341E-10,5805.0,18.0,1.0,1.8636537051377209,1.0,2.0,1.0,1.0,5805.0,1000.0
5806.0,0.765783,1.9810860976576914E-10,5806.0,18.0,1.0,1.8633327175894712,1.0,2.0,1.0,1.0,5806.0,1000.0
5807.0,0.765872,1.9813163412941935E-10,5807.0,18.0,1.0,1.8630118405931582,1.0,2.0,1.0,1.0,5807.0,1000.0
5808.0,0.76596,1.981543997923544E-10,5808.0,18.0,1.0,1.8626910740916787,1.0,2.0,1.0,1.0,5808.0,1000.0
5809.0,0.766048,1.9817716545528943E-10,5809.0,18.0,1.0,1.8623704180279685,1.0,2.0,1.0,1.0,5809.0,1000.0
5810.0,0.766137,1.9820018981893964E-10,5810.0,18.0,1.0,1.8620498723450034,1.0,2.0,1.0,1.0,5810.0,1000.0
5811.0,0.766232,1.982247663868809E-10,5811.0,18.0,1.0,1.8617294369857975,1.0,2.0,1.0,1.0,5811.0,1000.0
5812.0,0.766321,1.982477907505311E-10,5812.0,18.0,1.0,1.8614091118934049,1.0,2.0,1.0,1.0,5812.0,1000.0
5813.0,0.766412,1.9827133251561166E-10,5813.0,18.0,1.0,1.8610888970109185,1.0,2.0,1.0,1.0,5813.0,1000.0
5814.0,0.766501,1.9829435687926187E-10,5814.0,18.0,1.0,1.8607687922814706,1.0,2.0,1.0,1.0,5814.0,1000.0
5815.0,0.766591,1.9831763994362725E-10,5815.0,18.0,1.0,1.860448797648232,1.0,2.0,1.0,1.0,5815.0,1000.0
5816.0,0.766686,1.983422165115685E-10,5816.0,18.0,1.0,1.8601289130544136,1.0,2.0,1.0,1.0,5816.0,1000.0
5817.0,0.766777,1.9836575827664906E-10,5817.0,18.0,1.0,1.8598091384432645,1.0,2.0,1.0,1.0,5817.0,1000.0
5818.0,0.766865,1.983885239395841E-10,5818.0,18.0,1.0,1.8594894737580732,1.0,2.0,1.0,1.0,5818.0,1000.0
5819.0,0.766956,1.9841206570466466E-10,5819.0,18.0,1.0,1.8591699189421669,1.0,2.0,1.0,1.0,5819.0,1000.0
5820.0,0.767044,1.984348313675997E-10,5820.0,18.0,1.0,1.8588504739389122,1.0,2.0,1.0,1.0,5820.0,1000.0
5821.0,0.767135,1.9845837313268025E-10,5821.0,18.0,1.0,1.8585311386917145,1.0,2.0,1.0,1.0,5821.0,1000.0
5822.0,0.767225,1.9848165619704564E-10,5822.0,18.0,1.0,1.8582119131440176,1.0,2.0,1.0,1.0,5822.0,1000.0
5823.0,0.767315,1.9850493926141102E-10,5823.0,18.0,1.0,1.8578927972393044,1.0,2.0,1.0,1.0,5823.0,1000.0
5824.0,0.767406,1.9852848102649158E-10,5824.0,18.0,1.0,1.8575737909210972,1.0,2.0,1.0,1.0,5824.0,1000.0
5825.0,0.767496,1.9855176409085696E-10,5825.0,18.0,1.0,1.857254894132956,1.0,2.0,1.0,1.0,5825.0,1000.0
5826.0,0.767594,1.9857711676094373E-10,5826.0,18.0,1.0,1.8569361068184809,1.0,2.0,1.0,1.0,5826.0,1000.0
5827.0,0.767686,1.9860091722673946E-10,5827.0,18.0,1.0,1.8566174289213093,1.0,2.0,1.0,1.0,5827.0,1000.0
5828.0,0.767778,1.9862471769253519E-10,5828.0,18.0,1.0,1.8562988603851183,1.0,2.0,1.0,1.0,5828.0,1000.0
5829.0,0.767869,1.9864825945761574E-10,5829.0,18.0,1.0,1.8559804011536232,1.0,2.0,1.0,1.0,5829.0,1000.0
5830.0,0.76796,1.986718012226963E-10,5830.0,18.0,1.0,1.855662051170578,1.0,2.0,1.0,1.0,5830.0,1000.0
5831.0,0.768055,1.9869637779063755E-10,5831.0,18.0,1.0,1.8553438103797752,1.0,2.0,1.0,1.0,5831.0,1000.0
5832.0,0.768148,1.9872043695714845E-10,5832.0,18.0,1.0,1.8550256787250463,1.0,2.0,1.0,1.0,5832.0,1000.0
5833.0,0.768239,1.98743978722229E-10,5833.0,18.0,1.0,1.8547076561502605,1.0,2.0,1.0,1.0,5833.0,1000.0
5834.0,0.768329,1.987672617865944E-10,5834.0,18.0,1.0,1.8543897425993263,1.0,2.0,1.0,1.0,5834.0,1000.0
5835.0,0.768419,1.9879054485095978E-10,5835.0,18.0,1.0,1.85407193801619,1.0,2.0,1.0,1.0,5835.0,1000.0
5836.0,0.768508,1.9881356921461E-10,5836.0,18.0,1.0,1.8537542423448372,1.0,2.0,1.0,1.0,5836.0,1000.0
5837.0,0.768597,1.988365935782602E-10,5837.0,18.0,1.0,1.8534366555292907,1.0,2.0,1.0,1.0,5837.0,1000.0
5838.0,0.768688,1.9886013534334076E-10,5838.0,18.0,1.0,1.8531191775136124,1.0,2.0,1.0,1.0,5838.0,1000.0
5839.0,0.768778,1.9888341840770614E-10,5839.0,18.0,1.0,1.8528018082419027,1.0,2.0,1.0,1.0,5839.0,1000.0
5840.0,0.768867,1.9890644277135635E-10,5840.0,18.0,1.0,1.8524845476582996,1.0,2.0,1.0,1.0,5840.0,1000.0
5841.0,0.768958,1.989299845364369E-10,5841.0,18.0,1.0,1.85216739570698,1.0,2.0,1.0,1.0,5841.0,1000.0
5842.0,0.769048,1.989532676008023E-10,5842.0,18.0,1.0,1.8518503523321586,1.0,2.0,1.0,1.0,5842.0,1000.0
5843.0,0.76914,1.9897706806659802E-10,5843.0,18.0,1.0,1.8515334174780882,1.0,2.0,1.0,1.0,5843.0,1000.0
5844.0,0.769229,1.9900009243024824E-10,5844.0,18.0,1.0,1.8512165910890606,1.0,2.0,1.0,1.0,5844.0,1000.0
5845.0,0.769319,1.9902337549461362E-10,5845.0,18.0,1.0,1.8508998731094046,1.0,2.0,1.0,1.0,5845.0,1000.0
5846.0,0.769408,1.9904639985826383E-10,5846.0,18.0,1.0,1.8505832634834878,1.0,2.0,1.0,1.0,5846.0,1000.0
5847.0,0.769497,1.9906942422191404E-10,5847.0,18.0,1.0,1.8502667621557156,1.0,2.0,1.0,1.0,5847.0,1000.0
5848.0,0.769586,1.9909244858556426E-10,5848.0,18.0,1.0,1.8499503690705317,1.0,2.0,1.0,1.0,5848.0,1000.0
5849.0,0.769675,1.9911547294921447E-10,5849.0,18.0,1.0,1.8496340841724175,1.0,2.0,1.0,1.0,5849.0,1000.0
5850.0,0.769764,1.9913849731286468E-10,5850.0,18.0,1.0,1.8493179074058923,1.0,2.0,1.0,1.0,5850.0,1000.0
5851.0,0.769856,1.991622977786604E-10,5851.0,18.0,1.0,1.8490018387155136,1.0,2.0,1.0,1.0,5851.0,1000.0
5852.0,0.769946,1.991855808430258E-10,5852.0,18.0,1.0,1.8486858780458766,1.0,2.0,1.0,1.0,5852.0,1000.0
5853.0,0.770035,1.99208605206676E-10,5853.0,18.0,1.0,1.8483700253416144,1.0,2.0,1.0,1.0,5853.0,1000.0
5854.0,0.770124,1.9923162957032622E-10,5854.0,18.0,1.0,1.8480542805473983,1.0,2.0,1.0,1.0,5854.0,1000.0
5855.0,0.770213,1.9925465393397643E-10,5855.0,18.0,1.0,1.8477386436079368,1.0,2.0,1.0,1.0,5855.0,1000.0
5856.0,0.770306,1.9927871310048733E-10,5856.0,18.0,1.0,1.8474231144679765,1.0,2.0,1.0,1.0,5856.0,1000.0
5857.0,0.770395,1.9930173746413754E-10,5857.0,18.0,1.0,1.8471076930723014,1.0,2.0,1.0,1.0,5857.0,1000.0
5858.0,0.770482,1.993242444263574E-10,5858.0,18.0,1.0,1.846792379365734,1.0,2.0,1.0,1.0,5858.0,1000.0
5859.0,0.770573,1.9934778619143797E-10,5859.0,18.0,1.0,1.8464771732931335,1.0,2.0,1.0,1.0,5859.0,1000.0
5860.0,0.770661,1.99370551854373E-10,5860.0,18.0,1.0,1.8461620747993976,1.0,2.0,1.0,1.0,5860.0,1000.0
5861.0,0.770752,1.9939409361945356E-10,5861.0,18.0,1.0,1.8458470838294607,1.0,2.0,1.0,1.0,5861.0,1000.0
5862.0,0.77084,1.994168592823886E-10,5862.0,18.0,1.0,1.8455322003282957,1.0,2.0,1.0,1.0,5862.0,1000.0
5863.0,0.770931,1.9944040104746916E-10,5863.0,18.0,1.0,1.8452174242409125,1.0,2.0,1.0,1.0,5863.0,1000.0
5864.0,0.77102,1.9946342541111937E-10,5864.0,18.0,1.0,1.8449027555123585,1.0,2.0,1.0,1.0,5864.0,1000.0
5865.0,0.771108,1.994861910740544E-10,5865.0,18.0,1.0,1.8445881940877187,1.0,2.0,1.0,1.0,5865.0,1000.0
5866.0,0.771195,1.9950869803627428E-10,5866.0,18.0,1.0,1.8442737399121156,1.0,2.0,1.0,1.0,5866.0,1000.0
5867.0,0.771373,1.995547467635747E-10,5867.0,18.0,1.0,1.843959392930709,1.0,2.0,1.0,1.0,5867.0,1000.0
5868.0,0.771516,1.9959174096584416E-10,5868.0,18.0,1.0,1.8436451530886964,1.0,2.0,1.0,1.0,5868.0,1000.0
5869.0,0.771635,1.996225263509495E-10,5869.0,18.0,1.0,1.843331020331312,1.0,2.0,1.0,1.0,5869.0,1000.0
5870.0,0.771754,1.9965331173605484E-10,5870.0,18.0,1.0,1.843016994603828,1.0,2.0,1.0,1.0,5870.0,1000.0
5871.0,0.771875,1.9968461452259052E-10,5871.0,18.0,1.0,1.8427030758515532,1.0,2.0,1.0,1.0,5871.0,1000.0
5872.0,0.77199,1.9971436510483517E-10,5872.0,18.0,1.0,1.8423892640198347,1.0,2.0,1.0,1.0,5872.0,1000.0
5873.0,0.772106,1.99744374387795E-10,5873.0,18.0,1.0,1.8420755590540558,1.0,2.0,1.0,1.0,5873.0,1000.0
5874.0,0.772254,1.997826620936403E-10,5874.0,18.0,1.0,1.8417619608996374,1.0,2.0,1.0,1.0,5874.0,1000.0
5875.0,0.77237,1.998126713766001E-10,5875.0,18.0,1.0,1.8414484695020374,1.0,2.0,1.0,1.0,5875.0,1000.0
5876.0,0.772484,1.9984216325812961E-10,5876.0,18.0,1.0,1.8411350848067511,1.0,2.0,1.0,1.0,5876.0,1000.0
5877.0,0.772598,1.9987165513965912E-10,5877.0,18.0,1.0,1.8408218067593107,1.0,2.0,1.0,1.0,5877.0,1000.0
5878.0,0.772709,1.999003709190431E-10,5878.0,18.0,1.0,1.8405086353052857,1.0,2.0,1.0,1.0,5878.0,1000.0
5879.0,0.772821,1.9992934539914226E-10,5879.0,18.0,1.0,1.8401955703902824,1.0,2.0,1.0,1.0,5879.0,1000.0
5880.0,0.772934,1.9995857857995659E-10,5880.0,18.0,1.0,1.8398826119599438,1.0,2.0,1.0,1.0,5880.0,1000.0
5881.0,0.773048,1.999880704614861E-10,5881.0,18.0,1.0,1.8395697599599505,1.0,2.0,1.0,1.0,5881.0,1000.0
5882.0,0.773158,2.000165275401549E-10,5882.0,18.0,1.0,1.83925701433602,1.0,2.0,1.0,1.0,5882.0,1000.0
5883.0,0.773273,2.0004627812239955E-10,5883.0,18.0,1.0,1.838944375033906,1.0,2.0,1.0,1.0,5883.0,1000.0
5884.0,0.773386,2.0007551130321388E-10,5884.0,18.0,1.0,1.8386318419994,1.0,2.0,1.0,1.0,5884.0,1000.0
5885.0,0.773498,2.0010448578331304E-10,5885.0,18.0,1.0,1.8383194151783295,1.0,2.0,1.0,1.0,5885.0,1000.0
5886.0,0.773612,2.0013397766484254E-10,5886.0,18.0,1.0,1.8380070945165596,1.0,2.0,1.0,1.0,5886.0,1000.0
5887.0,0.773727,2.001637282470872E-10,5887.0,18.0,1.0,1.8376948799599915,1.0,2.0,1.0,1.0,5887.0,1000.0
5888.0,0.77384,2.0019296142790152E-10,5888.0,18.0,1.0,1.8373827714545634,1.0,2.0,1.0,1.0,5888.0,1000.0
5889.0,0.773967,2.0022581641872824E-10,5889.0,18.0,1.0,1.8370707689462507,1.0,2.0,1.0,1.0,5889.0,1000.0
5890.0,0.774077,2.0025427349739705E-10,5890.0,18.0,1.0,1.8367588723810644,1.0,2.0,1.0,1.0,5890.0,1000.0
5891.0,0.774193,2.0028428278035687E-10,5891.0,18.0,1.0,1.8364470817050533,1.0,2.0,1.0,1.0,5891.0,1000.0
5892.0,0.774306,2.003135159611712E-10,5892.0,18.0,1.0,1.8361353968643024,1.0,2.0,1.0,1.0,5892.0,1000.0
5893.0,0.774418,2.0034249044127036E-10,5893.0,18.0,1.0,1.8358238178049329,1.0,2.0,1.0,1.0,5893.0,1000.0
5894.0,0.77453,2.0037146492136952E-10,5894.0,18.0,1.0,1.8355123444731032,1.0,2.0,1.0,1.0,5894.0,1000.0
5895.0,0.774655,2.004038025107659E-10,5895.0,18.0,1.0,1.8352009768150075,1.0,2.0,1.0,1.0,5895.0,1000.0
5896.0,0.774768,2.0043303569158022E-10,5896.0,18.0,1.0,1.8348897147768775,1.0,2.0,1.0,1.0,5896.0,1000.0
5897.0,0.774882,2.0046252757310973E-10,5897.0,18.0,1.0,1.8345785583049805,1.0,2.0,1.0,1.0,5897.0,1000.0
5898.0,0.774991,2.0049072595106336E-10,5898.0,18.0,1.0,1.8342675073456205,1.0,2.0,1.0,1.0,5898.0,1000.0
5899.0,0.775106,2.0052047653330801E-10,5899.0,18.0,1.0,1.8339565618451381,1.0,2.0,1.0,1.0,5899.0,1000.0
5900.0,0.775217,2.00549192312692E-10,5900.0,18.0,1.0,1.83364572174991,1.0,2.0,1.0,1.0,5900.0,1000.0
5901.0,0.77533,2.0057842549350633E-10,5901.0,18.0,1.0,1.8333349870063498,1.0,2.0,1.0,1.0,5901.0,1000.0
5902.0,0.775443,2.0060765867432066E-10,5902.0,18.0,1.0,1.8330243575609064,1.0,2.0,1.0,1.0,5902.0,1000.0
5903.0,0.775558,2.006374092565653E-10,5903.0,18.0,1.0,1.832713833360066,1.0,2.0,1.0,1.0,5903.0,1000.0
5904.0,0.77567,2.0066638373666446E-10,5904.0,18.0,1.0,1.8324034143503505,1.0,2.0,1.0,1.0,5904.0,1000.0
5905.0,0.775799,2.0069975612892153E-10,5905.0,18.0,1.0,1.8320931004783183,1.0,2.0,1.0,1.0,5905.0,1000.0
5906.0,0.775912,2.0072898930973586E-10,5906.0,18.0,1.0,1.8317828916905639,1.0,2.0,1.0,1.0,5906.0,1000.0
5907.0,0.776029,2.0075925729341085E-10,5907.0,18.0,1.0,1.8314727879337176,1.0,2.0,1.0,1.0,5907.0,1000.0
5908.0,0.776143,2.0078874917494036E-10,5908.0,18.0,1.0,1.8311627891544464,1.0,2.0,1.0,1.0,5908.0,1000.0
5909.0,0.776257,2.0081824105646986E-10,5909.0,18.0,1.0,1.8308528952994534,1.0,2.0,1.0,1.0,5909.0,1000.0
5910.0,0.776371,2.0084773293799936E-10,5910.0,18.0,1.0,1.8305431063154771,1.0,2.0,1.0,1.0,5910.0,1000.0
5911.0,0.776486,2.00877483520244E-10,5911.0,18.0,1.0,1.8302334221492929,1.0,2.0,1.0,1.0,5911.0,1000.0
5912.0,0.776599,2.0090671670105834E-10,5912.0,18.0,1.0,1.8299238427477114,1.0,2.0,1.0,1.0,5912.0,1000.0
5913.0,0.776712,2.0093594988187267E-10,5913.0,18.0,1.0,1.8296143680575798,1.0,2.0,1.0,1.0,5913.0,1000.0
5914.0,0.776825,2.00965183062687E-10,5914.0,18.0,1.0,1.8293049980257812,1.0,2.0,1.0,1.0,5914.0,1000.0
5915.0,0.77694,2.0099493364493165E-10,5915.0,18.0,1.0,1.828995732599234,1.0,2.0,1.0,1.0,5915.0,1000.0
5916.0,0.777051,2.0102364942431563E-10,5916.0,18.0,1.0,1.8286865717248935,1.0,2.0,1.0,1.0,5916.0,1000.0
5917.0,0.77716,2.0105184780226927E-10,5917.0,18.0,1.0,1.82837751534975,1.0,2.0,1.0,1.0,5917.0,1000.0
5918.0,0.777269,2.010800461802229E-10,5918.0,18.0,1.0,1.8280685634208296,1.0,2.0,1.0,1.0,5918.0,1000.0
5919.0,0.77738,2.011087619596069E-10,5919.0,18.0,1.0,1.827759715885195,1.0,2.0,1.0,1.0,5919.0,1000.0
5920.0,0.777491,2.0113747773899088E-10,5920.0,18.0,1.0,1.8274509726899442,1.0,2.0,1.0,1.0,5920.0,1000.0
5921.0,0.77762,2.0117085013124795E-10,5921.0,18.0,1.0,1.8271423337822108,1.0,2.0,1.0,1.0,5921.0,1000.0
5922.0,0.77773,2.0119930720991676E-10,5922.0,18.0,1.0,1.826833799109164,1.0,2.0,1.0,1.0,5922.0,1000.0
5923.0,0.777842,2.0122828169001592E-10,5923.0,18.0,1.0,1.8265253686180094,1.0,2.0,1.0,1.0,5923.0,1000.0
5924.0,0.777954,2.0125725617011507E-10,5924.0,18.0,1.0,1.8262170422559874,1.0,2.0,1.0,1.0,5924.0,1000.0
5925.0,0.778065,2.0128597194949906E-10,5925.0,18.0,1.0,1.8259088199703746,1.0,2.0,1.0,1.0,5925.0,1000.0
5926.0,0.778172,2.0131365292602235E-10,5926.0,18.0,1.0,1.825600701708483,1.0,2.0,1.0,1.0,5926.0,1000.0
5927.0,0.778282,2.0134211000469116E-10,5927.0,18.0,1.0,1.8252926874176598,1.0,2.0,1.0,1.0,5927.0,1000.0
5928.0,0.778395,2.013713431855055E-10,5928.0,18.0,1.0,1.8249847770452885,1.0,2.0,1.0,1.0,5928.0,1000.0
5929.0,0.778506,2.0140005896488948E-10,5929.0,18.0,1.0,1.8246769705387873,1.0,2.0,1.0,1.0,5929.0,1000.0
5930.0,0.778617,2.0142877474427346E-10,5930.0,18.0,1.0,1.8243692678456105,1.0,2.0,1.0,1.0,5930.0,1000.0
5931.0,0.778731,2.0145826662580296E-10,5931.0,18.0,1.0,1.8240616689132474,1.0,2.0,1.0,1.0,5931.0,1000.0
5932.0,0.778844,2.014874998066173E-10,5932.0,18.0,1.0,1.8237541736892229,1.0,2.0,1.0,1.0,5932.0,1000.0
5933.0,0.778954,2.015159568852861E-10,5933.0,18.0,1.0,1.8234467821210971,1.0,2.0,1.0,1.0,5933.0,1000.0
5934.0,0.779064,2.0154441396395492E-10,5934.0,18.0,1.0,1.823139494156466,1.0,2.0,1.0,1.0,5934.0,1000.0
5935.0,0.779183,2.0157519934906026E-10,5935.0,18.0,1.0,1.8228323097429604,1.0,2.0,1.0,1.0,5935.0,1000.0
5936.0,0.779293,2.0160365642772907E-10,5936.0,18.0,1.0,1.8225252288282463,1.0,2.0,1.0,1.0,5936.0,1000.0
5937.0,0.779416,2.016354766156951E-10,5937.0,18.0,1.0,1.8222182513600251,1.0,2.0,1.0,1.0,5937.0,1000.0
5938.0,0.779527,2.0166419239507908E-10,5938.0,18.0,1.0,1.821911377286034,1.0,2.0,1.0,1.0,5938.0,1000.0
5939.0,0.779638,2.0169290817446307E-10,5939.0,18.0,1.0,1.8216046065540443,1.0,2.0,1.0,1.0,5939.0,1000.0
5940.0,0.77975,2.0172188265456223E-10,5940.0,18.0,1.0,1.8212979391118636,1.0,2.0,1.0,1.0,5940.0,1000.0
5941.0,0.779863,2.0175111583537656E-10,5941.0,18.0,1.0,1.8209913749073336,1.0,2.0,1.0,1.0,5941.0,1000.0
5942.0,0.779974,2.0177983161476054E-10,5942.0,18.0,1.0,1.820684913888332,1.0,2.0,1.0,1.0,5942.0,1000.0
5943.0,0.780082,2.01807771291999E-10,5943.0,18.0,1.0,1.8203785560027712,1.0,2.0,1.0,1.0,5943.0,1000.0
5944.0,0.780194,2.0183674577209816E-10,5944.0,18.0,1.0,1.8200723011985984,1.0,2.0,1.0,1.0,5944.0,1000.0
5945.0,0.780304,2.0186520285076698E-10,5945.0,18.0,1.0,1.8197661494237964,1.0,2.0,1.0,1.0,5945.0,1000.0
5946.0,0.780413,2.0189340122872061E-10,5946.0,18.0,1.0,1.8194601006263824,1.0,2.0,1.0,1.0,5946.0,1000.0
5947.0,0.780523,2.0192185830738943E-10,5947.0,18.0,1.0,1.8191541547544088,1.0,2.0,1.0,1.0,5947.0,1000.0
5948.0,0.780637,2.0195135018891893E-10,5948.0,18.0,1.0,1.8188483117559633,1.0,2.0,1.0,1.0,5948.0,1000.0
5949.0,0.780747,2.0197980726758774E-10,5949.0,18.0,1.0,1.8185425715791679,1.0,2.0,1.0,1.0,5949.0,1000.0
5950.0,0.780857,2.0200826434625655E-10,5950.0,18.0,1.0,1.8182369341721798,1.0,2.0,1.0,1.0,5950.0,1000.0
5951.0,0.780973,2.0203827362921637E-10,5951.0,18.0,1.0,1.817931399483191,1.0,2.0,1.0,1.0,5951.0,1000.0
5952.0,0.781084,2.0206698940860036E-10,5952.0,18.0,1.0,1.8176259674604283,1.0,2.0,1.0,1.0,5952.0,1000.0
5953.0,0.781205,2.0209829219513604E-10,5953.0,18.0,1.0,1.8173206380521534,1.0,2.0,1.0,1.0,5953.0,1000.0
5954.0,0.781319,2.0212778407666555E-10,5954.0,18.0,1.0,1.8170154112066628,1.0,2.0,1.0,1.0,5954.0,1000.0
5955.0,0.781431,2.021567585567647E-10,5955.0,18.0,1.0,1.816710286872287,1.0,2.0,1.0,1.0,5955.0,1000.0
5956.0,0.781545,2.021862504382942E-10,5956.0,18.0,1.0,1.8164052649973925,1.0,2.0,1.0,1.0,5956.0,1000.0
5957.0,0.781656,2.022149662176782E-10,5957.0,18.0,1.0,1.8161003455303792,1.0,2.0,1.0,1.0,5957.0,1000.0
5958.0,0.781766,2.02243423296347E-10,5958.0,18.0,1.0,1.8157955284196827,1.0,2.0,1.0,1.0,5958.0,1000.0
5959.0,0.781878,2.0227239777644616E-10,5959.0,18.0,1.0,1.8154908136137724,1.0,2.0,1.0,1.0,5959.0,1000.0
5960.0,0.781992,2.0230188965797566E-10,5960.0,18.0,1.0,1.8151862010611526,1.0,2.0,1.0,1.0,5960.0,1000.0
5961.0,0.782105,2.0233112283879E-10,5961.0,18.0,1.0,1.8148816907103622,1.0,2.0,1.0,1.0,5961.0,1000.0
5962.0,0.782217,2.0236009731888915E-10,5962.0,18.0,1.0,1.8145772825099749,1.0,2.0,1.0,1.0,5962.0,1000.0
5963.0,0.782328,2.0238881309827313E-10,5963.0,18.0,1.0,1.8142729764085979,1.0,2.0,1.0,1.0,5963.0,1000.0
5964.0,0.78244,2.024177875783723E-10,5964.0,18.0,1.0,1.813968772354874,1.0,2.0,1.0,1.0,5964.0,1000.0
5965.0,0.782551,2.0244650335775627E-10,5965.0,18.0,1.0,1.8136646702974804,1.0,2.0,1.0,1.0,5965.0,1000.0
5966.0,0.782662,2.0247521913714026E-10,5966.0,18.0,1.0,1.8133606701851273,1.0,2.0,1.0,1.0,5966.0,1000.0
5967.0,0.782773,2.0250393491652424E-10,5967.0,18.0,1.0,1.8130567719665611,1.0,2.0,1.0,1.0,5967.0,1000.0
5968.0,0.782901,2.0253704860806614E-10,5968.0,18.0,1.0,1.8127529755905614,1.0,2.0,1.0,1.0,5968.0,1000.0
5969.0,0.783009,2.025649882853046E-10,5969.0,18.0,1.0,1.8124492810059423,1.0,2.0,1.0,1.0,5969.0,1000.0
5970.0,0.783118,2.0259318666325824E-10,5970.0,18.0,1.0,1.8121456881615527,1.0,2.0,1.0,1.0,5970.0,1000.0
5971.0,0.783231,2.0262241984407257E-10,5971.0,18.0,1.0,1.8118421970062752,1.0,2.0,1.0,1.0,5971.0,1000.0
5972.0,0.783343,2.0265139432417173E-10,5972.0,18.0,1.0,1.811538807489027,1.0,2.0,1.0,1.0,5972.0,1000.0
5973.0,0.783455,2.0268036880427089E-10,5973.0,18.0,1.0,1.8112355195587593,1.0,2.0,1.0,1.0,5973.0,1000.0
5974.0,0.783565,2.027088258829397E-10,5974.0,18.0,1.0,1.8109323331644576,1.0,2.0,1.0,1.0,5974.0,1000.0
5975.0,0.783681,2.0273883516589952E-10,5975.0,18.0,1.0,1.8106292482551414,1.0,2.0,1.0,1.0,5975.0,1000.0
5976.0,0.783792,2.027675509452835E-10,5976.0,18.0,1.0,1.8103262647798644,1.0,2.0,1.0,1.0,5976.0,1000.0
5977.0,0.783903,2.027962667246675E-10,5977.0,18.0,1.0,1.8100233826877146,1.0,2.0,1.0,1.0,5977.0,1000.0
5978.0,0.784012,2.0282446510262113E-10,5978.0,18.0,1.0,1.8097206019278136,1.0,2.0,1.0,1.0,5978.0,1000.0
5979.0,0.784122,2.0285292218128994E-10,5979.0,18.0,1.0,1.8094179224493177,1.0,2.0,1.0,1.0,5979.0,1000.0
5980.0,0.784234,2.028818966613891E-10,5980.0,18.0,1.0,1.8091153442014163,1.0,2.0,1.0,1.0,5980.0,1000.0
5981.0,0.784346,2.0291087114148825E-10,5981.0,18.0,1.0,1.808812867133334,1.0,2.0,1.0,1.0,5981.0,1000.0
5982.0,0.784456,2.0293932822015707E-10,5982.0,18.0,1.0,1.808510491194328,1.0,2.0,1.0,1.0,5982.0,1000.0
5983.0,0.784567,2.0296804399954105E-10,5983.0,18.0,1.0,1.8082082163336903,1.0,2.0,1.0,1.0,5983.0,1000.0
5984.0,0.784695,2.0300115769108294E-10,5984.0,18.0,1.0,1.807906042500747,1.0,2.0,1.0,1.0,5984.0,1000.0
5985.0,0.784804,2.0302935606903658E-10,5985.0,18.0,1.0,1.8076039696448571,1.0,2.0,1.0,1.0,5985.0,1000.0
5986.0,0.784914,2.030578131477054E-10,5986.0,18.0,1.0,1.8073019977154143,1.0,2.0,1.0,1.0,5986.0,1000.0
5987.0,0.785023,2.0308601152565903E-10,5987.0,18.0,1.0,1.8070001266618456,1.0,2.0,1.0,1.0,5987.0,1000.0
5988.0,0.785136,2.0311524470647336E-10,5988.0,18.0,1.0,1.806698356433612,1.0,2.0,1.0,1.0,5988.0,1000.0
5989.0,0.785246,2.0314370178514218E-10,5989.0,18.0,1.0,1.8063966869802086,1.0,2.0,1.0,1.0,5989.0,1000.0
5990.0,0.785354,2.0317164146238064E-10,5990.0,18.0,1.0,1.8060951182511635,1.0,2.0,1.0,1.0,5990.0,1000.0
5991.0,0.785469,2.032013920446253E-10,5991.0,18.0,1.0,1.805793650196039,1.0,2.0,1.0,1.0,5991.0,1000.0
5992.0,0.785581,2.0323036652472445E-10,5992.0,18.0,1.0,1.8054922827644309,1.0,2.0,1.0,1.0,5992.0,1000.0
5993.0,0.785693,2.032593410048236E-10,5993.0,18.0,1.0,1.8051910159059685,1.0,2.0,1.0,1.0,5993.0,1000.0
5994.0,0.785804,2.032880567842076E-10,5994.0,18.0,1.0,1.8048898495703152,1.0,2.0,1.0,1.0,5994.0,1000.0
5995.0,0.785913,2.0331625516216123E-10,5995.0,18.0,1.0,1.8045887837071677,1.0,2.0,1.0,1.0,5995.0,1000.0
5996.0,0.786027,2.0334574704369073E-10,5996.0,18.0,1.0,1.8042878182662558,1.0,2.0,1.0,1.0,5996.0,1000.0
5997.0,0.786135,2.033736867209292E-10,5997.0,18.0,1.0,1.8039869531973436,1.0,2.0,1.0,1.0,5997.0,1000.0
5998.0,0.786246,2.0340240250031318E-10,5998.0,18.0,1.0,1.8036861884502284,1.0,2.0,1.0,1.0,5998.0,1000.0
5999.0,0.786357,2.0343111827969717E-10,5999.0,18.0,1.0,1.8033855239747407,1.0,2.0,1.0,1.0,5999.0,1000.0
6000.0,0.786482,2.0346345586909354E-10,6000.0,18.0,1.0,1.803084959720745,1.0,2.0,1.0,1.0,6000.0,1000.0
6001.0,0.786595,2.0349268904990787E-10,6001.0,18.0,1.0,1.8027844956381387,1.0,2.0,1.0,1.0,6001.0,1000.0
6002.0,0.786705,2.0352114612857668E-10,6002.0,18.0,1.0,1.8024841316768527,1.0,2.0,1.0,1.0,6002.0,1000.0
6003.0,0.786817,2.0355012060867584E-10,6003.0,18.0,1.0,1.8021838677868516,1.0,2.0,1.0,1.0,6003.0,1000.0
6004.0,0.786931,2.0357961249020534E-10,6004.0,18.0,1.0,1.8018837039181328,1.0,2.0,1.0,1.0,6004.0,1000.0
6005.0,0.787044,2.0360884567101967E-10,6005.0,18.0,1.0,1.8015836400207277,1.0,2.0,1.0,1.0,6005.0,1000.0
6006.0,0.787155,2.0363756145040366E-10,6006.0,18.0,1.0,1.8012836760447002,1.0,2.0,1.0,1.0,6006.0,1000.0
6007.0,0.787265,2.0366601852907247E-10,6007.0,18.0,1.0,1.800983811940148,1.0,2.0,1.0,1.0,6007.0,1000.0
6008.0,0.787378,2.036952517098868E-10,6008.0,18.0,1.0,1.800684047657202,1.0,2.0,1.0,1.0,6008.0,1000.0
6009.0,0.787492,2.037247435914163E-10,6009.0,18.0,1.0,1.800384383146026,1.0,2.0,1.0,1.0,6009.0,1000.0
6010.0,0.787605,2.0375397677223063E-10,6010.0,18.0,1.0,1.800084818356817,1.0,2.0,1.0,1.0,6010.0,1000.0
6011.0,0.78772,2.0378372735447528E-10,6011.0,18.0,1.0,1.7997853532398054,1.0,2.0,1.0,1.0,6011.0,1000.0
6012.0,0.787833,2.038129605352896E-10,6012.0,18.0,1.0,1.7994859877452545,1.0,2.0,1.0,1.0,6012.0,1000.0
6013.0,0.787944,2.038416763146736E-10,6013.0,18.0,1.0,1.7991867218234607,1.0,2.0,1.0,1.0,6013.0,1000.0
6014.0,0.788062,2.0387220299906376E-10,6014.0,18.0,1.0,1.7988875554247539,1.0,2.0,1.0,1.0,6014.0,1000.0
6015.0,0.788171,2.039004013770174E-10,6015.0,18.0,1.0,1.7985884884994963,1.0,2.0,1.0,1.0,6015.0,1000.0
6016.0,0.788302,2.039342911707048E-10,6016.0,18.0,1.0,1.7982895209980834,1.0,2.0,1.0,1.0,6016.0,1000.0
6017.0,0.788411,2.0396248954865843E-10,6017.0,18.0,1.0,1.797990652870944,1.0,2.0,1.0,1.0,6017.0,1000.0
6018.0,0.788521,2.0399094662732724E-10,6018.0,18.0,1.0,1.7976918840685394,1.0,2.0,1.0,1.0,6018.0,1000.0
6019.0,0.788632,2.0401966240671122E-10,6019.0,18.0,1.0,1.797393214541364,1.0,2.0,1.0,1.0,6019.0,1000.0
6020.0,0.788748,2.0404967168967104E-10,6020.0,18.0,1.0,1.7970946442399451,1.0,2.0,1.0,1.0,6020.0,1000.0
6021.0,0.788864,2.0407968097263087E-10,6021.0,18.0,1.0,1.796796173114843,1.0,2.0,1.0,1.0,6021.0,1000.0
6022.0,0.788977,2.041089141534452E-10,6022.0,18.0,1.0,1.7964978011166506,1.0,2.0,1.0,1.0,6022.0,1000.0
6023.0,0.789086,2.0413711253139884E-10,6023.0,18.0,1.0,1.7961995281959937,1.0,2.0,1.0,1.0,6023.0,1000.0
6024.0,0.7892,2.0416660441292834E-10,6024.0,18.0,1.0,1.795901354303531,1.0,2.0,1.0,1.0,6024.0,1000.0
6025.0,0.789311,2.0419532019231232E-10,6025.0,18.0,1.0,1.7956032793899535,1.0,2.0,1.0,1.0,6025.0,1000.0
6026.0,0.789423,2.0422429467241148E-10,6026.0,18.0,1.0,1.7953053034059856,1.0,2.0,1.0,1.0,6026.0,1000.0
6027.0,0.789533,2.042527517510803E-10,6027.0,18.0,1.0,1.7950074263023843,1.0,2.0,1.0,1.0,6027.0,1000.0
6028.0,0.789645,2.0428172623117945E-10,6028.0,18.0,1.0,1.7947096480299385,1.0,2.0,1.0,1.0,6028.0,1000.0
6029.0,0.789756,2.0431044201056343E-10,6029.0,18.0,1.0,1.7944119685394708,1.0,2.0,1.0,1.0,6029.0,1000.0
6030.0,0.789865,2.0433864038851707E-10,6030.0,18.0,1.0,1.7941143877818357,1.0,2.0,1.0,1.0,6030.0,1000.0
6031.0,0.789979,2.0436813227004657E-10,6031.0,18.0,1.0,1.7938169057079207,1.0,2.0,1.0,1.0,6031.0,1000.0
6032.0,0.790107,2.0440124596158847E-10,6032.0,18.0,1.0,1.7935195222686455,1.0,2.0,1.0,1.0,6032.0,1000.0
6033.0,0.790215,2.0442918563882693E-10,6033.0,18.0,1.0,1.7932222374149627,1.0,2.0,1.0,1.0,6033.0,1000.0
6034.0,0.790325,2.0445764271749575E-10,6034.0,18.0,1.0,1.7929250510978572,1.0,2.0,1.0,1.0,6034.0,1000.0
6035.0,0.790435,2.0448609979616456E-10,6035.0,18.0,1.0,1.7926279632683462,1.0,2.0,1.0,1.0,6035.0,1000.0
6036.0,0.79055,2.045158503784092E-10,6036.0,18.0,1.0,1.79233097387748,1.0,2.0,1.0,1.0,6036.0,1000.0
6037.0,0.790662,2.0454482485850836E-10,6037.0,18.0,1.0,1.7920340828763408,1.0,2.0,1.0,1.0,6037.0,1000.0
6038.0,0.790773,2.0457354063789235E-10,6038.0,18.0,1.0,1.7917372902160433,1.0,2.0,1.0,1.0,6038.0,1000.0
6039.0,0.790882,2.04601739015846E-10,6039.0,18.0,1.0,1.7914405958477346,1.0,2.0,1.0,1.0,6039.0,1000.0
6040.0,0.790995,2.0463097219666032E-10,6040.0,18.0,1.0,1.7911439997225944,1.0,2.0,1.0,1.0,6040.0,1000.0
6041.0,0.791109,2.0466046407818982E-10,6041.0,18.0,1.0,1.7908475017918342,1.0,2.0,1.0,1.0,6041.0,1000.0
6042.0,0.791218,2.0468866245614346E-10,6042.0,18.0,1.0,1.790551102006698,1.0,2.0,1.0,1.0,6042.0,1000.0
6043.0,0.791329,2.0471737823552744E-10,6043.0,18.0,1.0,1.7902548003184626,1.0,2.0,1.0,1.0,6043.0,1000.0
6044.0,0.791442,2.0474661141634177E-10,6044.0,18.0,1.0,1.7899585966784364,1.0,2.0,1.0,1.0,6044.0,1000.0
6045.0,0.791553,2.0477532719572576E-10,6045.0,18.0,1.0,1.7896624910379602,1.0,2.0,1.0,1.0,6045.0,1000.0
6046.0,0.791662,2.048035255736794E-10,6046.0,18.0,1.0,1.789366483348407,1.0,2.0,1.0,1.0,6046.0,1000.0
6047.0,0.791784,2.0483508706093025E-10,6047.0,18.0,1.0,1.7890705735611823,1.0,2.0,1.0,1.0,6047.0,1000.0
6048.0,0.791895,2.0486380284031424E-10,6048.0,18.0,1.0,1.7887747616277232,1.0,2.0,1.0,1.0,6048.0,1000.0
6049.0,0.792005,2.0489225991898305E-10,6049.0,18.0,1.0,1.788479047499499,1.0,2.0,1.0,1.0,6049.0,1000.0
6050.0,0.792113,2.0492019959622152E-10,6050.0,18.0,1.0,1.7881834311280116,1.0,2.0,1.0,1.0,6050.0,1000.0
6051.0,0.792226,2.0494943277703585E-10,6051.0,18.0,1.0,1.7878879124647942,1.0,2.0,1.0,1.0,6051.0,1000.0
6052.0,0.792337,2.0497814855641983E-10,6052.0,18.0,1.0,1.7875924914614127,1.0,2.0,1.0,1.0,6052.0,1000.0
6053.0,0.792449,2.05007123036519E-10,6053.0,18.0,1.0,1.7872971680694647,1.0,2.0,1.0,1.0,6053.0,1000.0
6054.0,0.792566,2.0503739102019398E-10,6054.0,18.0,1.0,1.7870019422405796,1.0,2.0,1.0,1.0,6054.0,1000.0
6055.0,0.792675,2.0506558939814762E-10,6055.0,18.0,1.0,1.7867068139264195,1.0,2.0,1.0,1.0,6055.0,1000.0
6056.0,0.792786,2.050943051775316E-10,6056.0,18.0,1.0,1.7864117830786772,1.0,2.0,1.0,1.0,6056.0,1000.0
6057.0,0.792897,2.051230209569156E-10,6057.0,18.0,1.0,1.7861168496490787,1.0,2.0,1.0,1.0,6057.0,1000.0
6058.0,0.793008,2.0515173673629958E-10,6058.0,18.0,1.0,1.785822013589381,1.0,2.0,1.0,1.0,6058.0,1000.0
6059.0,0.793115,2.0517941771282287E-10,6059.0,18.0,1.0,1.785527274851373,1.0,2.0,1.0,1.0,6059.0,1000.0
6060.0,0.793226,2.0520813349220685E-10,6060.0,18.0,1.0,1.7852326333868762,1.0,2.0,1.0,1.0,6060.0,1000.0
6061.0,0.793343,2.0523840147588185E-10,6061.0,18.0,1.0,1.7849380891477429,1.0,2.0,1.0,1.0,6061.0,1000.0
6062.0,0.793455,2.05267375955981E-10,6062.0,18.0,1.0,1.7846436420858578,1.0,2.0,1.0,1.0,6062.0,1000.0
6063.0,0.793579,2.052994548446622E-10,6063.0,18.0,1.0,1.784349292153137,1.0,2.0,1.0,1.0,6063.0,1000.0
6064.0,0.793693,2.053289467261917E-10,6064.0,18.0,1.0,1.7840550393015286,1.0,2.0,1.0,1.0,6064.0,1000.0
6065.0,0.793808,2.0535869730843636E-10,6065.0,18.0,1.0,1.7837608834830123,1.0,2.0,1.0,1.0,6065.0,1000.0
6066.0,0.793918,2.0538715438710517E-10,6066.0,18.0,1.0,1.7834668246495993,1.0,2.0,1.0,1.0,6066.0,1000.0
6067.0,0.794031,2.054163875679195E-10,6067.0,18.0,1.0,1.7831728627533328,1.0,2.0,1.0,1.0,6067.0,1000.0
6068.0,0.794141,2.0544484464658831E-10,6068.0,18.0,1.0,1.782878997746287,1.0,2.0,1.0,1.0,6068.0,1000.0
6069.0,0.794253,2.0547381912668747E-10,6069.0,18.0,1.0,1.7825852295805684,1.0,2.0,1.0,1.0,6069.0,1000.0
6070.0,0.794362,2.055020175046411E-10,6070.0,18.0,1.0,1.7822915582083145,1.0,2.0,1.0,1.0,6070.0,1000.0
6071.0,0.794475,2.0553125068545544E-10,6071.0,18.0,1.0,1.7819979835816948,1.0,2.0,1.0,1.0,6071.0,1000.0
6072.0,0.794585,2.0555970776412425E-10,6072.0,18.0,1.0,1.78170450565291,1.0,2.0,1.0,1.0,6072.0,1000.0
6073.0,0.794698,2.0558894094493858E-10,6073.0,18.0,1.0,1.7814111243741924,1.0,2.0,1.0,1.0,6073.0,1000.0
6074.0,0.794809,2.0561765672432257E-10,6074.0,18.0,1.0,1.7811178396978053,1.0,2.0,1.0,1.0,6074.0,1000.0
6075.0,0.79492,2.0564637250370655E-10,6075.0,18.0,1.0,1.7808246515760444,1.0,2.0,1.0,1.0,6075.0,1000.0
6076.0,0.79503,2.0567482958237536E-10,6076.0,18.0,1.0,1.780531559961236,1.0,2.0,1.0,1.0,6076.0,1000.0
6077.0,0.795141,2.0570354536175935E-10,6077.0,18.0,1.0,1.780238564805738,1.0,2.0,1.0,1.0,6077.0,1000.0
6078.0,0.79525,2.0573174373971298E-10,6078.0,18.0,1.0,1.7799456660619397,1.0,2.0,1.0,1.0,6078.0,1000.0
6079.0,0.795372,2.0576330522696384E-10,6079.0,18.0,1.0,1.7796528636822617,1.0,2.0,1.0,1.0,6079.0,1000.0
6080.0,0.795484,2.05792279707063E-10,6080.0,18.0,1.0,1.7793601576191562,1.0,2.0,1.0,1.0,6080.0,1000.0
6081.0,0.795597,2.0582151288787733E-10,6081.0,18.0,1.0,1.7790675478251061,1.0,2.0,1.0,1.0,6081.0,1000.0
6082.0,0.795708,2.0585022866726131E-10,6082.0,18.0,1.0,1.7787750342526256,1.0,2.0,1.0,1.0,6082.0,1000.0
6083.0,0.795819,2.058789444466453E-10,6083.0,18.0,1.0,1.778482616854261,1.0,2.0,1.0,1.0,6083.0,1000.0
6084.0,0.795929,2.059074015253141E-10,6084.0,18.0,1.0,1.7781902955825888,1.0,2.0,1.0,1.0,6084.0,1000.0
6085.0,0.796045,2.0593741080827393E-10,6085.0,18.0,1.0,1.777898070390217,1.0,2.0,1.0,1.0,6085.0,1000.0
6086.0,0.796155,2.0596586788694274E-10,6086.0,18.0,1.0,1.7776059412297847,1.0,2.0,1.0,1.0,6086.0,1000.0
6087.0,0.796264,2.0599406626489638E-10,6087.0,18.0,1.0,1.7773139080539624,1.0,2.0,1.0,1.0,6087.0,1000.0
6088.0,0.796375,2.0602278204428037E-10,6088.0,18.0,1.0,1.7770219708154515,1.0,2.0,1.0,1.0,6088.0,1000.0
6089.0,0.796486,2.0605149782366435E-10,6089.0,18.0,1.0,1.7767301294669846,1.0,2.0,1.0,1.0,6089.0,1000.0
6090.0,0.796596,2.0607995490233316E-10,6090.0,18.0,1.0,1.7764383839613251,1.0,2.0,1.0,1.0,6090.0,1000.0
6091.0,0.796709,2.061091880831475E-10,6091.0,18.0,1.0,1.7761467342512673,1.0,2.0,1.0,1.0,6091.0,1000.0
6092.0,0.796819,2.061376451618163E-10,6092.0,18.0,1.0,1.7758551802896372,1.0,2.0,1.0,1.0,6092.0,1000.0
6093.0,0.79693,2.061663609412003E-10,6093.0,18.0,1.0,1.775563722029291,1.0,2.0,1.0,1.0,6093.0,1000.0
6094.0,0.797046,2.061963702241601E-10,6094.0,18.0,1.0,1.7752723594231161,1.0,2.0,1.0,1.0,6094.0,1000.0
6095.0,0.797167,2.062276730106958E-10,6095.0,18.0,1.0,1.774981092424031,1.0,2.0,1.0,1.0,6095.0,1000.0
6096.0,0.79728,2.0625690619151013E-10,6096.0,18.0,1.0,1.7746899209849851,1.0,2.0,1.0,1.0,6096.0,1000.0
6097.0,0.797392,2.0628588067160928E-10,6097.0,18.0,1.0,1.7743988450589585,1.0,2.0,1.0,1.0,6097.0,1000.0
6098.0,0.797503,2.0631459645099327E-10,6098.0,18.0,1.0,1.7741078645989619,1.0,2.0,1.0,1.0,6098.0,1000.0
6099.0,0.797616,2.063438296318076E-10,6099.0,18.0,1.0,1.7738169795580374,1.0,2.0,1.0,1.0,6099.0,1000.0
6100.0,0.797728,2.0637280411190675E-10,6100.0,18.0,1.0,1.7735261898892574,1.0,2.0,1.0,1.0,6100.0,1000.0
6101.0,0.797849,2.0640410689844244E-10,6101.0,18.0,1.0,1.7732354955457252,1.0,2.0,1.0,1.0,6101.0,1000.0
6102.0,0.79796,2.0643282267782642E-10,6102.0,18.0,1.0,1.7729448964805752,1.0,2.0,1.0,1.0,6102.0,1000.0
6103.0,0.798073,2.0646205585864075E-10,6103.0,18.0,1.0,1.772654392646972,1.0,2.0,1.0,1.0,6103.0,1000.0
6104.0,0.798183,2.0649051293730957E-10,6104.0,18.0,1.0,1.7723639839981111,1.0,2.0,1.0,1.0,6104.0,1000.0
6105.0,0.798295,2.0651948741740872E-10,6105.0,18.0,1.0,1.7720736704872186,1.0,2.0,1.0,1.0,6105.0,1000.0
6106.0,0.798408,2.0654872059822305E-10,6106.0,18.0,1.0,1.7717834520675515,1.0,2.0,1.0,1.0,6106.0,1000.0
6107.0,0.798518,2.0657717767689186E-10,6107.0,18.0,1.0,1.7714933286923973,1.0,2.0,1.0,1.0,6107.0,1000.0
6108.0,0.798629,2.0660589345627585E-10,6108.0,18.0,1.0,1.7712033003150736,1.0,2.0,1.0,1.0,6108.0,1000.0
6109.0,0.798742,2.0663512663709018E-10,6109.0,18.0,1.0,1.7709133668889294,1.0,2.0,1.0,1.0,6109.0,1000.0
6110.0,0.798853,2.0666384241647416E-10,6110.0,18.0,1.0,1.7706235283673437,1.0,2.0,1.0,1.0,6110.0,1000.0
6111.0,0.798981,2.0669695610801606E-10,6111.0,18.0,1.0,1.770333784703726,1.0,2.0,1.0,1.0,6111.0,1000.0
6112.0,0.799093,2.0672593058811521E-10,6112.0,18.0,1.0,1.7700441358515167,1.0,2.0,1.0,1.0,6112.0,1000.0
6113.0,0.799203,2.0675438766678403E-10,6113.0,18.0,1.0,1.7697545817641862,1.0,2.0,1.0,1.0,6113.0,1000.0
6114.0,0.799404,2.068063865105334E-10,6114.0,18.0,1.0,1.7694651223952356,1.0,2.0,1.0,1.0,6114.0,1000.0
6115.0,0.799519,2.0683613709277804E-10,6115.0,18.0,1.0,1.7691757576981961,1.0,2.0,1.0,1.0,6115.0,1000.0
6116.0,0.799632,2.0686537027359237E-10,6116.0,18.0,1.0,1.7688864876266301,1.0,2.0,1.0,1.0,6116.0,1000.0
6117.0,0.799745,2.068946034544067E-10,6117.0,18.0,1.0,1.7685973121341294,1.0,2.0,1.0,1.0,6117.0,1000.0
6118.0,0.799857,2.0692357793450586E-10,6118.0,18.0,1.0,1.7683082311743168,1.0,2.0,1.0,1.0,6118.0,1000.0
6119.0,0.799967,2.0695203501317467E-10,6119.0,18.0,1.0,1.768019244700845,1.0,2.0,1.0,1.0,6119.0,1000.0
6120.0,0.800079,2.0698100949327383E-10,6120.0,18.0,1.0,1.767730352667397,1.0,2.0,1.0,1.0,6120.0,1000.0
6121.0,0.800193,2.0701050137480333E-10,6121.0,18.0,1.0,1.7674415550276865,1.0,2.0,1.0,1.0,6121.0,1000.0
6122.0,0.800302,2.0703869975275697E-10,6122.0,18.0,1.0,1.7671528517354573,1.0,2.0,1.0,1.0,6122.0,1000.0
6123.0,0.800413,2.0706741553214096E-10,6123.0,18.0,1.0,1.766864242744483,1.0,2.0,1.0,1.0,6123.0,1000.0
6124.0,0.800525,2.070963900122401E-10,6124.0,18.0,1.0,1.7665757280085679,1.0,2.0,1.0,1.0,6124.0,1000.0
6125.0,0.800626,2.0712251878447237E-10,6125.0,18.0,1.0,1.7662873074815462,1.0,2.0,1.0,1.0,6125.0,1000.0
6126.0,0.800715,2.0714554314812258E-10,6126.0,18.0,1.0,1.765998981117282,1.0,2.0,1.0,1.0,6126.0,1000.0
6127.0,0.800805,2.0716882621248797E-10,6127.0,18.0,1.0,1.7657107488696702,1.0,2.0,1.0,1.0,6127.0,1000.0
6128.0,0.800893,2.07191591875423E-10,6128.0,18.0,1.0,1.7654226106926354,1.0,2.0,1.0,1.0,6128.0,1000.0
6129.0,0.800984,2.0721513364050356E-10,6129.0,18.0,1.0,1.7651345665401321,1.0,2.0,1.0,1.0,6129.0,1000.0
6130.0,0.801074,2.0723841670486895E-10,6130.0,18.0,1.0,1.7648466163661451,1.0,2.0,1.0,1.0,6130.0,1000.0
6131.0,0.801165,2.072619584699495E-10,6131.0,18.0,1.0,1.7645587601246893,1.0,2.0,1.0,1.0,6131.0,1000.0
6132.0,0.801255,2.072852415343149E-10,6132.0,18.0,1.0,1.7642709977698092,1.0,2.0,1.0,1.0,6132.0,1000.0
6133.0,0.80135,2.0730981810225614E-10,6133.0,18.0,1.0,1.7639833292555795,1.0,2.0,1.0,1.0,6133.0,1000.0
6134.0,0.801439,2.0733284246590635E-10,6134.0,18.0,1.0,1.7636957545361052,1.0,2.0,1.0,1.0,6134.0,1000.0
6135.0,0.801529,2.0735612553027173E-10,6135.0,18.0,1.0,1.7634082735655208,1.0,2.0,1.0,1.0,6135.0,1000.0
6136.0,0.801619,2.0737940859463712E-10,6136.0,18.0,1.0,1.7631208862979906,1.0,2.0,1.0,1.0,6136.0,1000.0
6137.0,0.80171,2.0740295035971767E-10,6137.0,18.0,1.0,1.762833592687709,1.0,2.0,1.0,1.0,6137.0,1000.0
6138.0,0.8018,2.0742623342408306E-10,6138.0,18.0,1.0,1.7625463926889002,1.0,2.0,1.0,1.0,6138.0,1000.0
6139.0,0.801891,2.0744977518916362E-10,6139.0,18.0,1.0,1.7622592862558184,1.0,2.0,1.0,1.0,6139.0,1000.0
6140.0,0.80198,2.0747279955281383E-10,6140.0,18.0,1.0,1.7619722733427474,1.0,2.0,1.0,1.0,6140.0,1000.0
6141.0,0.802072,2.0749660001860956E-10,6141.0,18.0,1.0,1.761685353904001,1.0,2.0,1.0,1.0,6141.0,1000.0
6142.0,0.802163,2.0752014178369011E-10,6142.0,18.0,1.0,1.7613985278939222,1.0,2.0,1.0,1.0,6142.0,1000.0
6143.0,0.80225,2.0754264874590998E-10,6143.0,18.0,1.0,1.7611117952668842,1.0,2.0,1.0,1.0,6143.0,1000.0
6144.0,0.80234,2.0756593181027536E-10,6144.0,18.0,1.0,1.76082515597729,1.0,2.0,1.0,1.0,6144.0,1000.0
6145.0,0.802432,2.075897322760711E-10,6145.0,18.0,1.0,1.760538609979572,1.0,2.0,1.0,1.0,6145.0,1000.0
6146.0,0.802523,2.0761327404115165E-10,6146.0,18.0,1.0,1.7602521572281922,1.0,2.0,1.0,1.0,6146.0,1000.0
6147.0,0.802613,2.0763655710551704E-10,6147.0,18.0,1.0,1.7599657976776426,1.0,2.0,1.0,1.0,6147.0,1000.0
6148.0,0.802702,2.0765958146916725E-10,6148.0,18.0,1.0,1.7596795312824447,1.0,2.0,1.0,1.0,6148.0,1000.0
6149.0,0.802791,2.0768260583281746E-10,6149.0,18.0,1.0,1.759393357997149,1.0,2.0,1.0,1.0,6149.0,1000.0
6150.0,0.802881,2.0770588889718284E-10,6150.0,18.0,1.0,1.7591072777763366,1.0,2.0,1.0,1.0,6150.0,1000.0
6151.0,0.802973,2.0772968936297857E-10,6151.0,18.0,1.0,1.758821290574617,1.0,2.0,1.0,1.0,6151.0,1000.0
6152.0,0.803061,2.077524550259136E-10,6152.0,18.0,1.0,1.7585353963466304,1.0,2.0,1.0,1.0,6152.0,1000.0
6153.0,0.803165,2.077793599002914E-10,6153.0,18.0,1.0,1.7582495950470454,1.0,2.0,1.0,1.0,6153.0,1000.0
6154.0,0.80327,2.0780652347538434E-10,6154.0,18.0,1.0,1.7579638866305605,1.0,2.0,1.0,1.0,6154.0,1000.0
6155.0,0.803362,2.0783032394118007E-10,6155.0,18.0,1.0,1.757678271051904,1.0,2.0,1.0,1.0,6155.0,1000.0
6156.0,0.803453,2.0785386570626062E-10,6156.0,18.0,1.0,1.7573927482658334,1.0,2.0,1.0,1.0,6156.0,1000.0
6157.0,0.803545,2.0787766617205635E-10,6157.0,18.0,1.0,1.7571073182271348,1.0,2.0,1.0,1.0,6157.0,1000.0
6158.0,0.803634,2.0790069053570656E-10,6158.0,18.0,1.0,1.7568219808906251,1.0,2.0,1.0,1.0,6158.0,1000.0
6159.0,0.803724,2.0792397360007195E-10,6159.0,18.0,1.0,1.7565367362111495,1.0,2.0,1.0,1.0,6159.0,1000.0
6160.0,0.803814,2.0794725666443733E-10,6160.0,18.0,1.0,1.7562515841435828,1.0,2.0,1.0,1.0,6160.0,1000.0
6161.0,0.803924,2.0797571374310615E-10,6161.0,18.0,1.0,1.755966524642829,1.0,2.0,1.0,1.0,6161.0,1000.0
6162.0,0.804036,2.080046882232053E-10,6162.0,18.0,1.0,1.7556815576638218,1.0,2.0,1.0,1.0,6162.0,1000.0
6163.0,0.804126,2.0802797128757069E-10,6163.0,18.0,1.0,1.7553966831615235,1.0,2.0,1.0,1.0,6163.0,1000.0
6164.0,0.804217,2.0805151305265124E-10,6164.0,18.0,1.0,1.7551119010909262,1.0,2.0,1.0,1.0,6164.0,1000.0
6165.0,0.804308,2.080750548177318E-10,6165.0,18.0,1.0,1.7548272114070511,1.0,2.0,1.0,1.0,6165.0,1000.0
6166.0,0.804399,2.0809859658281236E-10,6166.0,18.0,1.0,1.754542614064948,1.0,2.0,1.0,1.0,6166.0,1000.0
6167.0,0.804488,2.0812162094646257E-10,6167.0,18.0,1.0,1.7542581090196967,1.0,2.0,1.0,1.0,6167.0,1000.0
6168.0,0.804576,2.081443866093976E-10,6168.0,18.0,1.0,1.7539736962264056,1.0,2.0,1.0,1.0,6168.0,1000.0
6169.0,0.804665,2.0816741097304782E-10,6169.0,18.0,1.0,1.7536893756402123,1.0,2.0,1.0,1.0,6169.0,1000.0
6170.0,0.804754,2.0819043533669803E-10,6170.0,18.0,1.0,1.7534051472162835,1.0,2.0,1.0,1.0,6170.0,1000.0
6171.0,0.804847,2.0821449450320893E-10,6171.0,18.0,1.0,1.7531210109098152,1.0,2.0,1.0,1.0,6171.0,1000.0
6172.0,0.804936,2.0823751886685915E-10,6172.0,18.0,1.0,1.752836966676032,1.0,2.0,1.0,1.0,6172.0,1000.0
6173.0,0.80503,2.0826183673408522E-10,6173.0,18.0,1.0,1.752553014470188,1.0,2.0,1.0,1.0,6173.0,1000.0
6174.0,0.80512,2.082851197984506E-10,6174.0,18.0,1.0,1.7522691542475655,1.0,2.0,1.0,1.0,6174.0,1000.0
6175.0,0.805209,2.0830814416210082E-10,6175.0,18.0,1.0,1.7519853859634769,1.0,2.0,1.0,1.0,6175.0,1000.0
6176.0,0.805297,2.0833090982503586E-10,6176.0,18.0,1.0,1.7517017095732625,1.0,2.0,1.0,1.0,6176.0,1000.0
6177.0,0.805387,2.0835419288940124E-10,6177.0,18.0,1.0,1.7514181250322922,1.0,2.0,1.0,1.0,6177.0,1000.0
6178.0,0.805476,2.0837721725305145E-10,6178.0,18.0,1.0,1.7511346322959647,1.0,2.0,1.0,1.0,6178.0,1000.0
6179.0,0.805564,2.083999829159865E-10,6179.0,18.0,1.0,1.750851231319707,1.0,2.0,1.0,1.0,6179.0,1000.0
6180.0,0.805653,2.084230072796367E-10,6180.0,18.0,1.0,1.7505679220589756,1.0,2.0,1.0,1.0,6180.0,1000.0
6181.0,0.805746,2.084470664461476E-10,6181.0,18.0,1.0,1.7502847044692558,1.0,2.0,1.0,1.0,6181.0,1000.0
6182.0,0.805834,2.0846983210908265E-10,6182.0,18.0,1.0,1.7500015785060612,1.0,2.0,1.0,1.0,6182.0,1000.0
6183.0,0.805923,2.0849285647273286E-10,6183.0,18.0,1.0,1.7497185441249345,1.0,2.0,1.0,1.0,6183.0,1000.0
6184.0,0.806011,2.085156221356679E-10,6184.0,18.0,1.0,1.7494356012814472,1.0,2.0,1.0,1.0,6184.0,1000.0
6185.0,0.806101,2.0853890520003328E-10,6185.0,18.0,1.0,1.7491527499311996,1.0,2.0,1.0,1.0,6185.0,1000.0
6186.0,0.806191,2.0856218826439866E-10,6186.0,18.0,1.0,1.7488699900298206,1.0,2.0,1.0,1.0,6186.0,1000.0
6187.0,0.80628,2.0858521262804888E-10,6187.0,18.0,1.0,1.7485873215329675,1.0,2.0,1.0,1.0,6187.0,1000.0
6188.0,0.80637,2.0860849569241426E-10,6188.0,18.0,1.0,1.7483047443963267,1.0,2.0,1.0,1.0,6188.0,1000.0
6189.0,0.806461,2.0863203745749482E-10,6189.0,18.0,1.0,1.748022258575613,1.0,2.0,1.0,1.0,6189.0,1000.0
6190.0,0.806549,2.0865480312042986E-10,6190.0,18.0,1.0,1.7477398640265702,1.0,2.0,1.0,1.0,6190.0,1000.0
6191.0,0.806641,2.0867860358622559E-10,6191.0,18.0,1.0,1.74745756070497,1.0,2.0,1.0,1.0,6191.0,1000.0
6192.0,0.80673,2.087016279498758E-10,6192.0,18.0,1.0,1.7471753485666133,1.0,2.0,1.0,1.0,6192.0,1000.0
6193.0,0.806819,2.08724652313526E-10,6193.0,18.0,1.0,1.7468932275673292,1.0,2.0,1.0,1.0,6193.0,1000.0
6194.0,0.806908,2.0874767667717622E-10,6194.0,18.0,1.0,1.7466111976629755,1.0,2.0,1.0,1.0,6194.0,1000.0
6195.0,0.806998,2.087709597415416E-10,6195.0,18.0,1.0,1.7463292588094381,1.0,2.0,1.0,1.0,6195.0,1000.0
6196.0,0.807087,2.0879398410519182E-10,6196.0,18.0,1.0,1.7460474109626323,1.0,2.0,1.0,1.0,6196.0,1000.0
6197.0,0.807177,2.088172671695572E-10,6197.0,18.0,1.0,1.745765654078501,1.0,2.0,1.0,1.0,6197.0,1000.0
6198.0,0.807266,2.0884029153320741E-10,6198.0,18.0,1.0,1.7454839881130155,1.0,2.0,1.0,1.0,6198.0,1000.0
6199.0,0.807355,2.0886331589685763E-10,6199.0,18.0,1.0,1.7452024130221762,1.0,2.0,1.0,1.0,6199.0,1000.0
6200.0,0.807446,2.0888685766193818E-10,6200.0,18.0,1.0,1.7449209287620113,1.0,2.0,1.0,1.0,6200.0,1000.0
6201.0,0.807538,2.089106581277339E-10,6201.0,18.0,1.0,1.7446395352885775,1.0,2.0,1.0,1.0,6201.0,1000.0
6202.0,0.807627,2.0893368249138412E-10,6202.0,18.0,1.0,1.7443582325579603,1.0,2.0,1.0,1.0,6202.0,1000.0
6203.0,0.807717,2.089569655557495E-10,6203.0,18.0,1.0,1.7440770205262728,1.0,2.0,1.0,1.0,6203.0,1000.0
6204.0,0.807809,2.0898076602154524E-10,6204.0,18.0,1.0,1.7437958991496567,1.0,2.0,1.0,1.0,6204.0,1000.0
6205.0,0.807897,2.0900353168448028E-10,6205.0,18.0,1.0,1.743514868384282,1.0,2.0,1.0,1.0,6205.0,1000.0
6206.0,0.807988,2.0902707344956083E-10,6206.0,18.0,1.0,1.743233928186347,1.0,2.0,1.0,1.0,6206.0,1000.0
6207.0,0.808078,2.0905035651392622E-10,6207.0,18.0,1.0,1.7429530785120781,1.0,2.0,1.0,1.0,6207.0,1000.0
6208.0,0.808166,2.0907312217686126E-10,6208.0,18.0,1.0,1.7426723193177303,1.0,2.0,1.0,1.0,6208.0,1000.0
6209.0,0.808256,2.0909640524122664E-10,6209.0,18.0,1.0,1.742391650559586,1.0,2.0,1.0,1.0,6209.0,1000.0
6210.0,0.808344,2.0911917090416168E-10,6210.0,18.0,1.0,1.7421110721939566,1.0,2.0,1.0,1.0,6210.0,1000.0
6211.0,0.808435,2.0914271266924224E-10,6211.0,18.0,1.0,1.7418305841771808,1.0,2.0,1.0,1.0,6211.0,1000.0
6212.0,0.808529,2.0916703053646831E-10,6212.0,18.0,1.0,1.7415501864656262,1.0,2.0,1.0,1.0,6212.0,1000.0
6213.0,0.808618,2.0919005490011853E-10,6213.0,18.0,1.0,1.741269879015688,1.0,2.0,1.0,1.0,6213.0,1000.0
6214.0,0.808706,2.0921282056305356E-10,6214.0,18.0,1.0,1.7409896617837897,1.0,2.0,1.0,1.0,6214.0,1000.0
6215.0,0.808795,2.0923584492670378E-10,6215.0,18.0,1.0,1.7407095347263828,1.0,2.0,1.0,1.0,6215.0,1000.0
6216.0,0.808884,2.09258869290354E-10,6216.0,18.0,1.0,1.7404294977999468,1.0,2.0,1.0,1.0,6216.0,1000.0
6217.0,0.808972,2.0928163495328903E-10,6217.0,18.0,1.0,1.7401495509609892,1.0,2.0,1.0,1.0,6217.0,1000.0
6218.0,0.809061,2.0930465931693924E-10,6218.0,18.0,1.0,1.7398696941660452,1.0,2.0,1.0,1.0,6218.0,1000.0
6219.0,0.80915,2.0932768368058945E-10,6219.0,18.0,1.0,1.7395899273716786,1.0,2.0,1.0,1.0,6219.0,1000.0
6220.0,0.809237,2.0935019064280932E-10,6220.0,18.0,1.0,1.7393102505344806,1.0,2.0,1.0,1.0,6220.0,1000.0
6221.0,0.809331,2.093745085100354E-10,6221.0,18.0,1.0,1.7390306636110706,1.0,2.0,1.0,1.0,6221.0,1000.0
6222.0,0.809421,2.0939779157440078E-10,6222.0,18.0,1.0,1.7387511665580955,1.0,2.0,1.0,1.0,6222.0,1000.0
6223.0,0.80951,2.09420815938051E-10,6223.0,18.0,1.0,1.7384717593322303,1.0,2.0,1.0,1.0,6223.0,1000.0
6224.0,0.809599,2.094438403017012E-10,6224.0,18.0,1.0,1.7381924418901782,1.0,2.0,1.0,1.0,6224.0,1000.0
6225.0,0.809686,2.0946634726392107E-10,6225.0,18.0,1.0,1.7379132141886697,1.0,2.0,1.0,1.0,6225.0,1000.0
6226.0,0.809775,2.0948937162757128E-10,6226.0,18.0,1.0,1.7376340761844635,1.0,2.0,1.0,1.0,6226.0,1000.0
6227.0,0.809864,2.095123959912215E-10,6227.0,18.0,1.0,1.7373550278343455,1.0,2.0,1.0,1.0,6227.0,1000.0
6228.0,0.809952,2.0953516165415653E-10,6228.0,18.0,1.0,1.73707606909513,1.0,2.0,1.0,1.0,6228.0,1000.0
6229.0,0.81004,2.0955792731709157E-10,6229.0,18.0,1.0,1.7367971999236587,1.0,2.0,1.0,1.0,6229.0,1000.0
6230.0,0.810131,2.0958146908217213E-10,6230.0,18.0,1.0,1.736518420276801,1.0,2.0,1.0,1.0,6230.0,1000.0
6231.0,0.810223,2.0960526954796785E-10,6231.0,18.0,1.0,1.736239730111454,1.0,2.0,1.0,1.0,6231.0,1000.0
6232.0,0.810311,2.096280352109029E-10,6232.0,18.0,1.0,1.7359611293845427,1.0,2.0,1.0,1.0,6232.0,1000.0
6233.0,0.810399,2.0965080087383793E-10,6233.0,18.0,1.0,1.7356826180530194,1.0,2.0,1.0,1.0,6233.0,1000.0
6234.0,0.810489,2.0967408393820332E-10,6234.0,18.0,1.0,1.7354041960738642,1.0,2.0,1.0,1.0,6234.0,1000.0
6235.0,0.810578,2.0969710830185353E-10,6235.0,18.0,1.0,1.735125863404085,1.0,2.0,1.0,1.0,6235.0,1000.0
6236.0,0.810667,2.0972013266550374E-10,6236.0,18.0,1.0,1.7348476200007168,1.0,2.0,1.0,1.0,6236.0,1000.0
6237.0,0.810754,2.097426396277236E-10,6237.0,18.0,1.0,1.7345694658208224,1.0,2.0,1.0,1.0,6237.0,1000.0
6238.0,0.810845,2.0976618139280416E-10,6238.0,18.0,1.0,1.7342914008214925,1.0,2.0,1.0,1.0,6238.0,1000.0
6239.0,0.810935,2.0978946445716955E-10,6239.0,18.0,1.0,1.7340134249598445,1.0,2.0,1.0,1.0,6239.0,1000.0
6240.0,0.811022,2.0981197141938942E-10,6240.0,18.0,1.0,1.733735538193024,1.0,2.0,1.0,1.0,6240.0,1000.0
6241.0,0.811112,2.098352544837548E-10,6241.0,18.0,1.0,1.7334577404782037,1.0,2.0,1.0,1.0,6241.0,1000.0
6242.0,0.811202,2.0985853754812018E-10,6242.0,18.0,1.0,1.733180031772584,1.0,2.0,1.0,1.0,6242.0,1000.0
6243.0,0.811291,2.098815619117704E-10,6243.0,18.0,1.0,1.7329024120333925,1.0,2.0,1.0,1.0,6243.0,1000.0
6244.0,0.811379,2.0990432757470543E-10,6244.0,18.0,1.0,1.7326248812178844,1.0,2.0,1.0,1.0,6244.0,1000.0
6245.0,0.811467,2.0992709323764047E-10,6245.0,18.0,1.0,1.7323474392833418,1.0,2.0,1.0,1.0,6245.0,1000.0
6246.0,0.811557,2.0995037630200586E-10,6246.0,18.0,1.0,1.7320700861870748,1.0,2.0,1.0,1.0,6246.0,1000.0
6247.0,0.811646,2.0997340066565607E-10,6247.0,18.0,1.0,1.7317928218864207,1.0,2.0,1.0,1.0,6247.0,1000.0
6248.0,0.811752,2.100008229414642E-10,6248.0,18.0,1.0,1.7315156463387436,1.0,2.0,1.0,1.0,6248.0,1000.0
6249.0,0.811841,2.100238473051144E-10,6249.0,18.0,1.0,1.7312385595014355,1.0,2.0,1.0,1.0,6249.0,1000.0
6250.0,0.81193,2.1004687166876461E-10,6250.0,18.0,1.0,1.7309615613319151,1.0,2.0,1.0,1.0,6250.0,1000.0
6251.0,0.812022,2.1007067213456034E-10,6251.0,18.0,1.0,1.730684651787629,1.0,2.0,1.0,1.0,6251.0,1000.0
6252.0,0.812117,2.100952487025016E-10,6252.0,18.0,1.0,1.7304078308260509,1.0,2.0,1.0,1.0,6252.0,1000.0
6253.0,0.812206,2.101182730661518E-10,6253.0,18.0,1.0,1.730131098404681,1.0,2.0,1.0,1.0,6253.0,1000.0
6254.0,0.812298,2.1014207353194753E-10,6254.0,18.0,1.0,1.7298544544810472,1.0,2.0,1.0,1.0,6254.0,1000.0
6255.0,0.812388,2.1016535659631292E-10,6255.0,18.0,1.0,1.729577899012705,1.0,2.0,1.0,1.0,6255.0,1000.0
6256.0,0.812477,2.1018838095996313E-10,6256.0,18.0,1.0,1.7293014319572362,1.0,2.0,1.0,1.0,6256.0,1000.0
6257.0,0.812565,2.1021114662289817E-10,6257.0,18.0,1.0,1.7290250532722502,1.0,2.0,1.0,1.0,6257.0,1000.0
6258.0,0.812656,2.1023468838797873E-10,6258.0,18.0,1.0,1.7287487629153835,1.0,2.0,1.0,1.0,6258.0,1000.0
6259.0,0.812744,2.1025745405091376E-10,6259.0,18.0,1.0,1.7284725608442995,1.0,2.0,1.0,1.0,6259.0,1000.0
6260.0,0.812834,2.1028073711527915E-10,6260.0,18.0,1.0,1.7281964470166884,1.0,2.0,1.0,1.0,6260.0,1000.0
6261.0,0.812925,2.103042788803597E-10,6261.0,18.0,1.0,1.7279204213902684,1.0,2.0,1.0,1.0,6261.0,1000.0
6262.0,0.813016,2.1032782064544026E-10,6262.0,18.0,1.0,1.7276444839227834,1.0,2.0,1.0,1.0,6262.0,1000.0
6263.0,0.813105,2.1035084500909048E-10,6263.0,18.0,1.0,1.7273686345720054,1.0,2.0,1.0,1.0,6263.0,1000.0
6264.0,0.813193,2.1037361067202551E-10,6264.0,18.0,1.0,1.7270928732957327,1.0,2.0,1.0,1.0,6264.0,1000.0
6265.0,0.813282,2.1039663503567573E-10,6265.0,18.0,1.0,1.726817200051791,1.0,2.0,1.0,1.0,6265.0,1000.0
6266.0,0.813372,2.104199181000411E-10,6266.0,18.0,1.0,1.7265416147980321,1.0,2.0,1.0,1.0,6266.0,1000.0
6267.0,0.813462,2.104432011644065E-10,6267.0,18.0,1.0,1.726266117492336,1.0,2.0,1.0,1.0,6267.0,1000.0
6268.0,0.81355,2.1046596682734153E-10,6268.0,18.0,1.0,1.7259907080926085,1.0,2.0,1.0,1.0,6268.0,1000.0
6269.0,0.813641,2.104895085924221E-10,6269.0,18.0,1.0,1.7257153865567825,1.0,2.0,1.0,1.0,6269.0,1000.0
6270.0,0.813734,2.10513567758933E-10,6270.0,18.0,1.0,1.725440152842818,1.0,2.0,1.0,1.0,6270.0,1000.0
6271.0,0.813825,2.1053710952401355E-10,6271.0,18.0,1.0,1.725165006908702,1.0,2.0,1.0,1.0,6271.0,1000.0
6272.0,0.813913,2.105598751869486E-10,6272.0,18.0,1.0,1.7248899487124474,1.0,2.0,1.0,1.0,6272.0,1000.0
6273.0,0.814004,2.1058341695202915E-10,6273.0,18.0,1.0,1.7246149782120945,1.0,2.0,1.0,1.0,6273.0,1000.0
6274.0,0.814094,2.1060670001639453E-10,6274.0,18.0,1.0,1.7243400953657109,1.0,2.0,1.0,1.0,6274.0,1000.0
6275.0,0.814183,2.1062972438004474E-10,6275.0,18.0,1.0,1.7240653001313895,1.0,2.0,1.0,1.0,6275.0,1000.0
6276.0,0.814272,2.1065274874369495E-10,6276.0,18.0,1.0,1.7237905924672514,1.0,2.0,1.0,1.0,6276.0,1000.0
6277.0,0.814362,2.1067603180806034E-10,6277.0,18.0,1.0,1.7235159723314433,1.0,2.0,1.0,1.0,6277.0,1000.0
6278.0,0.814454,2.1069983227385607E-10,6278.0,18.0,1.0,1.7232414396821392,1.0,2.0,1.0,1.0,6278.0,1000.0
6279.0,0.814544,2.1072311533822145E-10,6279.0,18.0,1.0,1.7229669944775394,1.0,2.0,1.0,1.0,6279.0,1000.0
6280.0,0.814634,2.1074639840258684E-10,6280.0,18.0,1.0,1.722692636675871,1.0,2.0,1.0,1.0,6280.0,1000.0
6281.0,0.814727,2.1077045756909774E-10,6281.0,18.0,1.0,1.7224183662353876,1.0,2.0,1.0,1.0,6281.0,1000.0
6282.0,0.814817,2.1079374063346312E-10,6282.0,18.0,1.0,1.7221441831143696,1.0,2.0,1.0,1.0,6282.0,1000.0
6283.0,0.814907,2.108170236978285E-10,6283.0,18.0,1.0,1.7218700872711237,1.0,2.0,1.0,1.0,6283.0,1000.0
6284.0,0.814996,2.1084004806147872E-10,6284.0,18.0,1.0,1.721596078663983,1.0,2.0,1.0,1.0,6284.0,1000.0
6285.0,0.815084,2.1086281372441376E-10,6285.0,18.0,1.0,1.7213221572513078,1.0,2.0,1.0,1.0,6285.0,1000.0
6286.0,0.815174,2.1088609678877914E-10,6286.0,18.0,1.0,1.7210483229914841,1.0,2.0,1.0,1.0,6286.0,1000.0
6287.0,0.815265,2.109096385538597E-10,6287.0,18.0,1.0,1.720774575842925,1.0,2.0,1.0,1.0,6287.0,1000.0
6288.0,0.815354,2.109326629175099E-10,6288.0,18.0,1.0,1.7205009157640696,1.0,2.0,1.0,1.0,6288.0,1000.0
6289.0,0.815441,2.1095516987972978E-10,6289.0,18.0,1.0,1.7202273427133836,1.0,2.0,1.0,1.0,6289.0,1000.0
6290.0,0.815532,2.1097871164481034E-10,6290.0,18.0,1.0,1.7199538566493593,1.0,2.0,1.0,1.0,6290.0,1000.0
6291.0,0.815624,2.1100251211060607E-10,6291.0,18.0,1.0,1.719680457530515,1.0,2.0,1.0,1.0,6291.0,1000.0
6292.0,0.815719,2.1102708867854731E-10,6292.0,18.0,1.0,1.7194071453153956,1.0,2.0,1.0,1.0,6292.0,1000.0
6293.0,0.815809,2.110503717429127E-10,6293.0,18.0,1.0,1.7191339199625726,1.0,2.0,1.0,1.0,6293.0,1000.0
6294.0,0.8159,2.1107391350799325E-10,6294.0,18.0,1.0,1.7188607814306434,1.0,2.0,1.0,1.0,6294.0,1000.0
6295.0,0.815989,2.1109693787164347E-10,6295.0,18.0,1.0,1.718587729678232,1.0,2.0,1.0,1.0,6295.0,1000.0
6296.0,0.816079,2.1112022093600885E-10,6296.0,18.0,1.0,1.7183147646639882,1.0,2.0,1.0,1.0,6296.0,1000.0
6297.0,0.816167,2.111429865989439E-10,6297.0,18.0,1.0,1.7180418863465887,1.0,2.0,1.0,1.0,6297.0,1000.0
6298.0,0.816257,2.1116626966330927E-10,6298.0,18.0,1.0,1.7177690946847364,1.0,2.0,1.0,1.0,6298.0,1000.0
6299.0,0.816347,2.1118955272767466E-10,6299.0,18.0,1.0,1.7174963896371598,1.0,2.0,1.0,1.0,6299.0,1000.0
6300.0,0.816436,2.1121257709132487E-10,6300.0,18.0,1.0,1.7172237711626142,1.0,2.0,1.0,1.0,6300.0,1000.0
6301.0,0.816528,2.112363775571206E-10,6301.0,18.0,1.0,1.716951239219881,1.0,2.0,1.0,1.0,6301.0,1000.0
6302.0,0.816618,2.1125966062148598E-10,6302.0,18.0,1.0,1.7166787937677672,1.0,2.0,1.0,1.0,6302.0,1000.0
6303.0,0.816707,2.112826849851362E-10,6303.0,18.0,1.0,1.7164064347651071,1.0,2.0,1.0,1.0,6303.0,1000.0
6304.0,0.816796,2.113057093487864E-10,6304.0,18.0,1.0,1.7161341621707598,1.0,2.0,1.0,1.0,6304.0,1000.0
6305.0,0.816884,2.1132847501172145E-10,6305.0,18.0,1.0,1.7158619759436113,1.0,2.0,1.0,1.0,6305.0,1000.0
6306.0,0.816974,2.1135175807608683E-10,6306.0,18.0,1.0,1.7155898760425736,1.0,2.0,1.0,1.0,6306.0,1000.0
6307.0,0.817063,2.1137478243973704E-10,6307.0,18.0,1.0,1.7153178624265848,1.0,2.0,1.0,1.0,6307.0,1000.0
6308.0,0.817152,2.1139780680338725E-10,6308.0,18.0,1.0,1.7150459350546083,1.0,2.0,1.0,1.0,6308.0,1000.0
6309.0,0.817241,2.1142083116703747E-10,6309.0,18.0,1.0,1.7147740938856348,1.0,2.0,1.0,1.0,6309.0,1000.0
6310.0,0.817332,2.1144437293211802E-10,6310.0,18.0,1.0,1.7145023388786798,1.0,2.0,1.0,1.0,6310.0,1000.0
6311.0,0.817424,2.1146817339791375E-10,6311.0,18.0,1.0,1.7142306699927856,1.0,2.0,1.0,1.0,6311.0,1000.0
6312.0,0.817513,2.1149119776156397E-10,6312.0,18.0,1.0,1.7139590871870198,1.0,2.0,1.0,1.0,6312.0,1000.0
6313.0,0.817602,2.1151422212521418E-10,6313.0,18.0,1.0,1.7136875904204767,1.0,2.0,1.0,1.0,6313.0,1000.0
6314.0,0.817693,2.1153776389029473E-10,6314.0,18.0,1.0,1.7134161796522758,1.0,2.0,1.0,1.0,6314.0,1000.0
6315.0,0.81778,2.115602708525146E-10,6315.0,18.0,1.0,1.7131448548415629,1.0,2.0,1.0,1.0,6315.0,1000.0
6316.0,0.81787,2.1158355391687998E-10,6316.0,18.0,1.0,1.7128736159475095,1.0,2.0,1.0,1.0,6316.0,1000.0
6317.0,0.817959,2.116065782805302E-10,6317.0,18.0,1.0,1.7126024629293128,1.0,2.0,1.0,1.0,6317.0,1000.0
6318.0,0.818051,2.1163037874632593E-10,6318.0,18.0,1.0,1.7123313957461965,1.0,2.0,1.0,1.0,6318.0,1000.0
6319.0,0.818139,2.1165314440926097E-10,6319.0,18.0,1.0,1.7120604143574094,1.0,2.0,1.0,1.0,6319.0,1000.0
6320.0,0.81823,2.1167668617434152E-10,6320.0,18.0,1.0,1.7117895187222263,1.0,2.0,1.0,1.0,6320.0,1000.0
6321.0,0.818327,2.1170178014371312E-10,6321.0,18.0,1.0,1.7115187087999477,1.0,2.0,1.0,1.0,6321.0,1000.0
6322.0,0.818436,2.1172997852166675E-10,6322.0,18.0,1.0,1.7112479845499002,1.0,2.0,1.0,1.0,6322.0,1000.0
6323.0,0.818543,2.1175765949819005E-10,6323.0,18.0,1.0,1.710977345931436,1.0,2.0,1.0,1.0,6323.0,1000.0
6324.0,0.818651,2.1178559917542851E-10,6324.0,18.0,1.0,1.7107067929039326,1.0,2.0,1.0,1.0,6324.0,1000.0
6325.0,0.81875,2.1181121054623045E-10,6325.0,18.0,1.0,1.7104363254267936,1.0,2.0,1.0,1.0,6325.0,1000.0
6326.0,0.818841,2.11834752311311E-10,6326.0,18.0,1.0,1.7101659434594483,1.0,2.0,1.0,1.0,6326.0,1000.0
6327.0,0.81893,2.1185777667496122E-10,6327.0,18.0,1.0,1.7098956469613513,1.0,2.0,1.0,1.0,6327.0,1000.0
6328.0,0.819019,2.1188080103861143E-10,6328.0,18.0,1.0,1.7096254358919831,1.0,2.0,1.0,1.0,6328.0,1000.0
6329.0,0.819108,2.1190382540226165E-10,6329.0,18.0,1.0,1.70935531021085,1.0,2.0,1.0,1.0,6329.0,1000.0
6330.0,0.819199,2.119273671673422E-10,6330.0,18.0,1.0,1.7090852698774834,1.0,2.0,1.0,1.0,6330.0,1000.0
6331.0,0.819294,2.1195194373528345E-10,6331.0,18.0,1.0,1.7088153148514404,1.0,2.0,1.0,1.0,6331.0,1000.0
6332.0,0.819386,2.1197574420107918E-10,6332.0,18.0,1.0,1.708545445092304,1.0,2.0,1.0,1.0,6332.0,1000.0
6333.0,0.819474,2.1199850986401422E-10,6333.0,18.0,1.0,1.7082756605596825,1.0,2.0,1.0,1.0,6333.0,1000.0
6334.0,0.819565,2.1202205162909478E-10,6334.0,18.0,1.0,1.7080059612132097,1.0,2.0,1.0,1.0,6334.0,1000.0
6335.0,0.819655,2.1204533469346016E-10,6335.0,18.0,1.0,1.7077363470125446,1.0,2.0,1.0,1.0,6335.0,1000.0
6336.0,0.819744,2.1206835905711037E-10,6336.0,18.0,1.0,1.7074668179173722,1.0,2.0,1.0,1.0,6336.0,1000.0
6337.0,0.819833,2.1209138342076058E-10,6337.0,18.0,1.0,1.7071973738874024,1.0,2.0,1.0,1.0,6337.0,1000.0
6338.0,0.819924,2.1211492518584114E-10,6338.0,18.0,1.0,1.7069280148823713,1.0,2.0,1.0,1.0,6338.0,1000.0
6339.0,0.820014,2.1213820825020653E-10,6339.0,18.0,1.0,1.7066587408620397,1.0,2.0,1.0,1.0,6339.0,1000.0
6340.0,0.820103,2.1216123261385674E-10,6340.0,18.0,1.0,1.706389551786194,1.0,2.0,1.0,1.0,6340.0,1000.0
6341.0,0.820193,2.1218451567822212E-10,6341.0,18.0,1.0,1.7061204476146459,1.0,2.0,1.0,1.0,6341.0,1000.0
6342.0,0.820361,2.1222797739837084E-10,6342.0,18.0,1.0,1.7058514283072326,1.0,2.0,1.0,1.0,6342.0,1000.0
6343.0,0.820459,2.122533300684576E-10,6343.0,18.0,1.0,1.7055824938238167,1.0,2.0,1.0,1.0,6343.0,1000.0
6344.0,0.820549,2.12276613132823E-10,6344.0,18.0,1.0,1.705313644124286,1.0,2.0,1.0,1.0,6344.0,1000.0
6345.0,0.820638,2.122996374964732E-10,6345.0,18.0,1.0,1.705044879168553,1.0,2.0,1.0,1.0,6345.0,1000.0
6346.0,0.820729,2.1232317926155376E-10,6346.0,18.0,1.0,1.7047761989165569,1.0,2.0,1.0,1.0,6346.0,1000.0
6347.0,0.820826,2.1234827323092536E-10,6347.0,18.0,1.0,1.7045076033282605,1.0,2.0,1.0,1.0,6347.0,1000.0
6348.0,0.82092,2.1237259109815143E-10,6348.0,18.0,1.0,1.704239092363653,1.0,2.0,1.0,1.0,6348.0,1000.0
6349.0,0.82101,2.1239587416251682E-10,6349.0,18.0,1.0,1.7039706659827485,1.0,2.0,1.0,1.0,6349.0,1000.0
6350.0,0.821103,2.1241993332902772E-10,6350.0,18.0,1.0,1.7037023241455858,1.0,2.0,1.0,1.0,6350.0,1000.0
6351.0,0.821193,2.124432163933931E-10,6351.0,18.0,1.0,1.7034340668122294,1.0,2.0,1.0,1.0,6351.0,1000.0
6352.0,0.821282,2.1246624075704331E-10,6352.0,18.0,1.0,1.7031658939427692,1.0,2.0,1.0,1.0,6352.0,1000.0
6353.0,0.821371,2.1248926512069353E-10,6353.0,18.0,1.0,1.7028978054973194,1.0,2.0,1.0,1.0,6353.0,1000.0
6354.0,0.821462,2.1251280688577408E-10,6354.0,18.0,1.0,1.7026298014360197,1.0,2.0,1.0,1.0,6354.0,1000.0
6355.0,0.82155,2.1253557254870912E-10,6355.0,18.0,1.0,1.7023618817190354,1.0,2.0,1.0,1.0,6355.0,1000.0
6356.0,0.821638,2.1255833821164416E-10,6356.0,18.0,1.0,1.702094046306556,1.0,2.0,1.0,1.0,6356.0,1000.0
6357.0,0.821727,2.1258136257529437E-10,6357.0,18.0,1.0,1.7018262951587966,1.0,2.0,1.0,1.0,6357.0,1000.0
6358.0,0.821816,2.1260438693894458E-10,6358.0,18.0,1.0,1.7015586282359971,1.0,2.0,1.0,1.0,6358.0,1000.0
6359.0,0.821907,2.1262792870402514E-10,6359.0,18.0,1.0,1.7012910454984227,1.0,2.0,1.0,1.0,6359.0,1000.0
6360.0,0.822041,2.1266259459985805E-10,6360.0,18.0,1.0,1.7010235469063633,1.0,2.0,1.0,1.0,6360.0,1000.0
6361.0,0.822165,2.1269467348853925E-10,6361.0,18.0,1.0,1.7007561324201337,1.0,2.0,1.0,1.0,6361.0,1000.0
6362.0,0.822281,2.1272468277149907E-10,6362.0,18.0,1.0,1.700488802000074,1.0,2.0,1.0,1.0,6362.0,1000.0
6363.0,0.822414,2.127590899666168E-10,6363.0,18.0,1.0,1.7002215556065488,1.0,2.0,1.0,1.0,6363.0,1000.0
6364.0,0.822515,2.1278521873884906E-10,6364.0,18.0,1.0,1.6999543931999481,1.0,2.0,1.0,1.0,6364.0,1000.0
6365.0,0.822626,2.1281393451823304E-10,6365.0,18.0,1.0,1.6996873147406866,1.0,2.0,1.0,1.0,6365.0,1000.0
6366.0,0.822737,2.1284265029761703E-10,6366.0,18.0,1.0,1.6994203201892035,1.0,2.0,1.0,1.0,6366.0,1000.0
6367.0,0.822863,2.1287524658772858E-10,6367.0,18.0,1.0,1.6991534095059635,1.0,2.0,1.0,1.0,6367.0,1000.0
6368.0,0.822973,2.129037036663974E-10,6368.0,18.0,1.0,1.6988865826514556,1.0,2.0,1.0,1.0,6368.0,1000.0
6369.0,0.823063,2.1292698673076277E-10,6369.0,18.0,1.0,1.698619839586194,1.0,2.0,1.0,1.0,6369.0,1000.0
6370.0,0.823152,2.1295001109441298E-10,6370.0,18.0,1.0,1.6983531802707175,1.0,2.0,1.0,1.0,6370.0,1000.0
6371.0,0.823249,2.1297510506378458E-10,6371.0,18.0,1.0,1.6980866046655894,1.0,2.0,1.0,1.0,6371.0,1000.0
6372.0,0.823353,2.1300200993816235E-10,6372.0,18.0,1.0,1.6978201127313983,1.0,2.0,1.0,1.0,6372.0,1000.0
6373.0,0.8235,2.1304003894329248E-10,6373.0,18.0,1.0,1.6975537044287572,1.0,2.0,1.0,1.0,6373.0,1000.0
6374.0,0.823596,2.130648742119489E-10,6374.0,18.0,1.0,1.697287379718304,1.0,2.0,1.0,1.0,6374.0,1000.0
6375.0,0.823689,2.130889333784598E-10,6375.0,18.0,1.0,1.697021138560701,1.0,2.0,1.0,1.0,6375.0,1000.0
6376.0,0.823779,2.1311221644282518E-10,6376.0,18.0,1.0,1.6967549809166358,1.0,2.0,1.0,1.0,6376.0,1000.0
6377.0,0.823908,2.1314558883508225E-10,6377.0,18.0,1.0,1.6964889067468198,1.0,2.0,1.0,1.0,6377.0,1000.0
6378.0,0.824026,2.1317611551947242E-10,6378.0,18.0,1.0,1.6962229160119895,1.0,2.0,1.0,1.0,6378.0,1000.0
6379.0,0.824128,2.1320250299241985E-10,6379.0,18.0,1.0,1.6959570086729063,1.0,2.0,1.0,1.0,6379.0,1000.0
6380.0,0.824219,2.132260447575004E-10,6380.0,18.0,1.0,1.6956911846903557,1.0,2.0,1.0,1.0,6380.0,1000.0
6381.0,0.82437,2.1326510856549122E-10,6381.0,18.0,1.0,1.695425444025148,1.0,2.0,1.0,1.0,6381.0,1000.0
6382.0,0.824475,2.1329227214058417E-10,6382.0,18.0,1.0,1.695159786638118,1.0,2.0,1.0,1.0,6382.0,1000.0
6383.0,0.824593,2.1332279882497433E-10,6383.0,18.0,1.0,1.6948942124901252,1.0,2.0,1.0,1.0,6383.0,1000.0
6384.0,0.824703,2.1335125590364315E-10,6384.0,18.0,1.0,1.6946287215420535,1.0,2.0,1.0,1.0,6384.0,1000.0
6385.0,0.824815,2.133802303837423E-10,6385.0,18.0,1.0,1.6943633137548113,1.0,2.0,1.0,1.0,6385.0,1000.0
6386.0,0.824919,2.1340713525812008E-10,6386.0,18.0,1.0,1.6940979890893313,1.0,2.0,1.0,1.0,6386.0,1000.0
6387.0,0.825032,2.134363684389344E-10,6387.0,18.0,1.0,1.693832747506571,1.0,2.0,1.0,1.0,6387.0,1000.0
6388.0,0.825123,2.1345991020401497E-10,6388.0,18.0,1.0,1.6935675889675124,1.0,2.0,1.0,1.0,6388.0,1000.0
6389.0,0.825212,2.1348293456766518E-10,6389.0,18.0,1.0,1.6933025134331616,1.0,2.0,1.0,1.0,6389.0,1000.0
6390.0,0.8253,2.1350570023060022E-10,6390.0,18.0,1.0,1.6930375208645492,1.0,2.0,1.0,1.0,6390.0,1000.0
6391.0,0.825397,2.135307941999718E-10,6391.0,18.0,1.0,1.6927726112227304,1.0,2.0,1.0,1.0,6391.0,1000.0
6392.0,0.825511,2.135602860815013E-10,6392.0,18.0,1.0,1.6925077844687844,1.0,2.0,1.0,1.0,6392.0,1000.0
6393.0,0.825605,2.1358460394872739E-10,6393.0,18.0,1.0,1.6922430405638151,1.0,2.0,1.0,1.0,6393.0,1000.0
6394.0,0.825722,2.1361487193240238E-10,6394.0,18.0,1.0,1.6919783794689505,1.0,2.0,1.0,1.0,6394.0,1000.0
6395.0,0.825827,2.1364203550749533E-10,6395.0,18.0,1.0,1.6917138011453432,1.0,2.0,1.0,1.0,6395.0,1000.0
6396.0,0.82594,2.1367126868830966E-10,6396.0,18.0,1.0,1.6914493055541697,1.0,2.0,1.0,1.0,6396.0,1000.0
6397.0,0.826033,2.1369532785482056E-10,6397.0,18.0,1.0,1.691184892656631,1.0,2.0,1.0,1.0,6397.0,1000.0
6398.0,0.82614,2.1372300883134386E-10,6398.0,18.0,1.0,1.6909205624139527,1.0,2.0,1.0,1.0,6398.0,1000.0
6399.0,0.826236,2.1374784410000028E-10,6399.0,18.0,1.0,1.6906563147873839,1.0,2.0,1.0,1.0,6399.0,1000.0
6400.0,0.826366,2.137814751929725E-10,6400.0,18.0,1.0,1.6903921497381984,1.0,2.0,1.0,1.0,6400.0,1000.0
6401.0,0.826461,2.1380605176091374E-10,6401.0,18.0,1.0,1.6901280672276942,1.0,2.0,1.0,1.0,6401.0,1000.0
6402.0,0.826554,2.1383011092742464E-10,6402.0,18.0,1.0,1.689864067217193,1.0,2.0,1.0,1.0,6402.0,1000.0
6403.0,0.826645,2.138536526925052E-10,6403.0,18.0,1.0,1.6896001496680415,1.0,2.0,1.0,1.0,6403.0,1000.0
6404.0,0.826751,2.1388107496831332E-10,6404.0,18.0,1.0,1.6893363145416098,1.0,2.0,1.0,1.0,6404.0,1000.0
6405.0,0.826844,2.1390513413482422E-10,6405.0,18.0,1.0,1.6890725617992928,1.0,2.0,1.0,1.0,6405.0,1000.0
6406.0,0.826935,2.1392867589990478E-10,6406.0,18.0,1.0,1.6888088914025086,1.0,2.0,1.0,1.0,6406.0,1000.0
6407.0,0.82703,2.1395325246784602E-10,6407.0,18.0,1.0,1.6885453033127,1.0,2.0,1.0,1.0,6407.0,1000.0
6408.0,0.827122,2.1397705293364175E-10,6408.0,18.0,1.0,1.6882817974913342,1.0,2.0,1.0,1.0,6408.0,1000.0
6409.0,0.827211,2.1400007729729197E-10,6409.0,18.0,1.0,1.6880183738999017,1.0,2.0,1.0,1.0,6409.0,1000.0
6410.0,0.82731,2.140256886680939E-10,6410.0,18.0,1.0,1.6877550324999173,1.0,2.0,1.0,1.0,6410.0,1000.0
6411.0,0.827403,2.140497478346048E-10,6411.0,18.0,1.0,1.68749177325292,1.0,2.0,1.0,1.0,6411.0,1000.0
6412.0,0.827492,2.1407277219825502E-10,6412.0,18.0,1.0,1.6872285961204725,1.0,2.0,1.0,1.0,6412.0,1000.0
6413.0,0.827582,2.140960552626204E-10,6413.0,18.0,1.0,1.6869655010641618,1.0,2.0,1.0,1.0,6413.0,1000.0
6414.0,0.827672,2.141193383269858E-10,6414.0,18.0,1.0,1.6867024880455987,1.0,2.0,1.0,1.0,6414.0,1000.0
6415.0,0.827764,2.1414313879278152E-10,6415.0,18.0,1.0,1.6864395570264177,1.0,2.0,1.0,1.0,6415.0,1000.0
6416.0,0.827852,2.1416590445571656E-10,6416.0,18.0,1.0,1.6861767079682777,1.0,2.0,1.0,1.0,6416.0,1000.0
6417.0,0.827961,2.141941028336702E-10,6417.0,18.0,1.0,1.6859139408328612,1.0,2.0,1.0,1.0,6417.0,1000.0
6418.0,0.828088,2.1422695782449692E-10,6418.0,18.0,1.0,1.6856512555818743,1.0,2.0,1.0,1.0,6418.0,1000.0
6419.0,0.828202,2.1425644970602642E-10,6419.0,18.0,1.0,1.6853886521770478,1.0,2.0,1.0,1.0,6419.0,1000.0
6420.0,0.828293,2.1427999147110698E-10,6420.0,18.0,1.0,1.6851261305801355,1.0,2.0,1.0,1.0,6420.0,1000.0
6421.0,0.828413,2.143110355569275E-10,6421.0,18.0,1.0,1.6848636907529153,1.0,2.0,1.0,1.0,6421.0,1000.0
6422.0,0.828517,2.1433794043130526E-10,6422.0,18.0,1.0,1.6846013326571894,1.0,2.0,1.0,1.0,6422.0,1000.0
6423.0,0.828628,2.1436665621068925E-10,6423.0,18.0,1.0,1.6843390562547829,1.0,2.0,1.0,1.0,6423.0,1000.0
6424.0,0.828719,2.143901979757698E-10,6424.0,18.0,1.0,1.684076861507545,1.0,2.0,1.0,1.0,6424.0,1000.0
6425.0,0.828836,2.144204659594448E-10,6425.0,18.0,1.0,1.6838147483773493,1.0,2.0,1.0,1.0,6425.0,1000.0
6426.0,0.828943,2.144481469359681E-10,6426.0,18.0,1.0,1.6835527168260924,1.0,2.0,1.0,1.0,6426.0,1000.0
6427.0,0.829038,2.1447272350390934E-10,6427.0,18.0,1.0,1.6832907668156947,1.0,2.0,1.0,1.0,6427.0,1000.0
6428.0,0.829147,2.1450092188186298E-10,6428.0,18.0,1.0,1.6830288983081005,1.0,2.0,1.0,1.0,6428.0,1000.0
6429.0,0.82924,2.1452498104837388E-10,6429.0,18.0,1.0,1.6827671112652776,1.0,2.0,1.0,1.0,6429.0,1000.0
6430.0,0.829373,2.1455938824349161E-10,6430.0,18.0,1.0,1.6825054056492177,1.0,2.0,1.0,1.0,6430.0,1000.0
6431.0,0.829472,2.1458499961429355E-10,6431.0,18.0,1.0,1.682243781421936,1.0,2.0,1.0,1.0,6431.0,1000.0
6432.0,0.829584,2.146139740943927E-10,6432.0,18.0,1.0,1.681982238545471,1.0,2.0,1.0,1.0,6432.0,1000.0
6433.0,0.829693,2.1464217247234635E-10,6433.0,18.0,1.0,1.6817207769818856,1.0,2.0,1.0,1.0,6433.0,1000.0
6434.0,0.829829,2.146773557696096E-10,6434.0,18.0,1.0,1.6814593966932654,1.0,2.0,1.0,1.0,6434.0,1000.0
6435.0,0.829942,2.1470658895042393E-10,6435.0,18.0,1.0,1.6811980976417202,1.0,2.0,1.0,1.0,6435.0,1000.0
6436.0,0.830031,2.1472961331407414E-10,6436.0,18.0,1.0,1.680936879789383,1.0,2.0,1.0,1.0,6436.0,1000.0
6437.0,0.830121,2.1475289637843952E-10,6437.0,18.0,1.0,1.6806757430984107,1.0,2.0,1.0,1.0,6437.0,1000.0
6438.0,0.830212,2.1477643814352008E-10,6438.0,18.0,1.0,1.680414687530983,1.0,2.0,1.0,1.0,6438.0,1000.0
6439.0,0.830307,2.1480101471146133E-10,6439.0,18.0,1.0,1.6801537130493043,1.0,2.0,1.0,1.0,6439.0,1000.0
6440.0,0.830424,2.1483128269513632E-10,6440.0,18.0,1.0,1.6798928196156009,1.0,2.0,1.0,1.0,6440.0,1000.0
6441.0,0.830578,2.1487112260527265E-10,6441.0,18.0,1.0,1.6796320071921238,1.0,2.0,1.0,1.0,6441.0,1000.0
6442.0,0.830675,2.1489621657464425E-10,6442.0,18.0,1.0,1.6793712757411472,1.0,2.0,1.0,1.0,6442.0,1000.0
6443.0,0.830779,2.1492312144902202E-10,6443.0,18.0,1.0,1.6791106252249681,1.0,2.0,1.0,1.0,6443.0,1000.0
6444.0,0.830889,2.1495157852769084E-10,6444.0,18.0,1.0,1.6788500556059078,1.0,2.0,1.0,1.0,6444.0,1000.0
6445.0,0.830983,2.149758963949169E-10,6445.0,18.0,1.0,1.6785895668463102,1.0,2.0,1.0,1.0,6445.0,1000.0
6446.0,0.831092,2.1500409477287055E-10,6446.0,18.0,1.0,1.6783291589085432,1.0,2.0,1.0,1.0,6446.0,1000.0
6447.0,0.831195,2.1503074094653315E-10,6447.0,18.0,1.0,1.6780688317549977,1.0,2.0,1.0,1.0,6447.0,1000.0
6448.0,0.831307,2.150597154266323E-10,6448.0,18.0,1.0,1.6778085853480877,1.0,2.0,1.0,1.0,6448.0,1000.0
6449.0,0.831398,2.1508325719171287E-10,6449.0,18.0,1.0,1.6775484196502513,1.0,2.0,1.0,1.0,6449.0,1000.0
6450.0,0.831497,2.151088685625148E-10,6450.0,18.0,1.0,1.6772883346239489,1.0,2.0,1.0,1.0,6450.0,1000.0
6451.0,0.831604,2.151365495390381E-10,6451.0,18.0,1.0,1.6770283302316649,1.0,2.0,1.0,1.0,6451.0,1000.0
6452.0,0.831694,2.1515983260340348E-10,6452.0,18.0,1.0,1.6767684064359067,1.0,2.0,1.0,1.0,6452.0,1000.0
6453.0,0.831805,2.1518854838278747E-10,6453.0,18.0,1.0,1.676508563199205,1.0,2.0,1.0,1.0,6453.0,1000.0
6454.0,0.831896,2.1521209014786802E-10,6454.0,18.0,1.0,1.6762488004841136,1.0,2.0,1.0,1.0,6454.0,1000.0
6455.0,0.832019,2.1524391033583406E-10,6455.0,18.0,1.0,1.6759891182532098,1.0,2.0,1.0,1.0,6455.0,1000.0
6456.0,0.832131,2.152728848159332E-10,6456.0,18.0,1.0,1.6757295164690937,1.0,2.0,1.0,1.0,6456.0,1000.0
6457.0,0.832225,2.152972026831593E-10,6457.0,18.0,1.0,1.675469995094389,1.0,2.0,1.0,1.0,6457.0,1000.0
6458.0,0.832332,2.1532488365968258E-10,6458.0,18.0,1.0,1.675210554091742,1.0,2.0,1.0,1.0,6458.0,1000.0
6459.0,0.832425,2.1534894282619348E-10,6459.0,18.0,1.0,1.6749511934238226,1.0,2.0,1.0,1.0,6459.0,1000.0
6460.0,0.832542,2.1537921080986848E-10,6460.0,18.0,1.0,1.6746919130533235,1.0,2.0,1.0,1.0,6460.0,1000.0
6461.0,0.832639,2.1540430477924007E-10,6461.0,18.0,1.0,1.6744327129429608,1.0,2.0,1.0,1.0,6461.0,1000.0
6462.0,0.832746,2.1543198575576337E-10,6462.0,18.0,1.0,1.6741735930554735,1.0,2.0,1.0,1.0,6462.0,1000.0
6463.0,0.832845,2.154575971265653E-10,6463.0,18.0,1.0,1.6739145533536237,1.0,2.0,1.0,1.0,6463.0,1000.0
6464.0,0.832957,2.1548657160666446E-10,6464.0,18.0,1.0,1.6736555938001965,1.0,2.0,1.0,1.0,6464.0,1000.0
6465.0,0.833049,2.155103720724602E-10,6465.0,18.0,1.0,1.673396714358,1.0,2.0,1.0,1.0,6465.0,1000.0
6466.0,0.833137,2.1553313773539523E-10,6466.0,18.0,1.0,1.6731379149898653,1.0,2.0,1.0,1.0,6466.0,1000.0
6467.0,0.833229,2.1555693820119096E-10,6467.0,18.0,1.0,1.6728791956586468,1.0,2.0,1.0,1.0,6467.0,1000.0
6468.0,0.833332,2.1558358437485356E-10,6468.0,18.0,1.0,1.6726205563272216,1.0,2.0,1.0,1.0,6468.0,1000.0
6469.0,0.833425,2.1560764354136446E-10,6469.0,18.0,1.0,1.6723619969584897,1.0,2.0,1.0,1.0,6469.0,1000.0
6470.0,0.833535,2.1563610062003328E-10,6470.0,18.0,1.0,1.672103517515374,1.0,2.0,1.0,1.0,6470.0,1000.0
6471.0,0.833631,2.156609358886897E-10,6471.0,18.0,1.0,1.6718451179608205,1.0,2.0,1.0,1.0,6471.0,1000.0
6472.0,0.833741,2.156893929673585E-10,6472.0,18.0,1.0,1.671586798257798,1.0,2.0,1.0,1.0,6472.0,1000.0
6473.0,0.833836,2.1571396953529976E-10,6473.0,18.0,1.0,1.6713285583692985,1.0,2.0,1.0,1.0,6473.0,1000.0
6474.0,0.833932,2.1573880480395618E-10,6474.0,18.0,1.0,1.6710703982583364,1.0,2.0,1.0,1.0,6474.0,1000.0
6475.0,0.834025,2.1576286397046708E-10,6475.0,18.0,1.0,1.670812317887949,1.0,2.0,1.0,1.0,6475.0,1000.0
6476.0,0.834131,2.157902862462752E-10,6476.0,18.0,1.0,1.6705543172211967,1.0,2.0,1.0,1.0,6476.0,1000.0
6477.0,0.834221,2.1581356931064058E-10,6477.0,18.0,1.0,1.6702963962211625,1.0,2.0,1.0,1.0,6477.0,1000.0
6478.0,0.83434,2.1584435469574592E-10,6478.0,18.0,1.0,1.6700385548509524,1.0,2.0,1.0,1.0,6478.0,1000.0
6479.0,0.834449,2.1587255307369956E-10,6479.0,18.0,1.0,1.669780793073695,1.0,2.0,1.0,1.0,6479.0,1000.0
6480.0,0.834543,2.1589687094092564E-10,6480.0,18.0,1.0,1.6695231108525417,1.0,2.0,1.0,1.0,6480.0,1000.0
6481.0,0.834635,2.1592067140672137E-10,6481.0,18.0,1.0,1.6692655081506664,1.0,2.0,1.0,1.0,6481.0,1000.0
6482.0,0.834725,2.1594395447108675E-10,6482.0,18.0,1.0,1.6690079849312665,1.0,2.0,1.0,1.0,6482.0,1000.0
6483.0,0.834816,2.159674962361673E-10,6483.0,18.0,1.0,1.6687505411575612,1.0,2.0,1.0,1.0,6483.0,1000.0
6484.0,0.834924,2.1599543591340578E-10,6484.0,18.0,1.0,1.668493176792793,1.0,2.0,1.0,1.0,6484.0,1000.0
6485.0,0.83502,2.160202711820622E-10,6485.0,18.0,1.0,1.6682358918002267,1.0,2.0,1.0,1.0,6485.0,1000.0
6486.0,0.835124,2.1604717605643997E-10,6486.0,18.0,1.0,1.6679786861431498,1.0,2.0,1.0,1.0,6486.0,1000.0
6487.0,0.83522,2.160720113250964E-10,6487.0,18.0,1.0,1.6677215597848727,1.0,2.0,1.0,1.0,6487.0,1000.0
6488.0,0.835327,2.1609969230161969E-10,6488.0,18.0,1.0,1.6674645126887284,1.0,2.0,1.0,1.0,6488.0,1000.0
6489.0,0.835422,2.1612426886956093E-10,6489.0,18.0,1.0,1.667207544818072,1.0,2.0,1.0,1.0,6489.0,1000.0
6490.0,0.835519,2.1614936283893253E-10,6490.0,18.0,1.0,1.666950656136282,1.0,2.0,1.0,1.0,6490.0,1000.0
6491.0,0.835641,2.1618092432618339E-10,6491.0,18.0,1.0,1.6666938466067585,1.0,2.0,1.0,1.0,6491.0,1000.0
6492.0,0.835752,2.1620964010556737E-10,6492.0,18.0,1.0,1.666437116192925,1.0,2.0,1.0,1.0,6492.0,1000.0
6493.0,0.835863,2.1623835588495135E-10,6493.0,18.0,1.0,1.6661804648582272,1.0,2.0,1.0,1.0,6493.0,1000.0
6494.0,0.83597,2.1626603686147465E-10,6494.0,18.0,1.0,1.6659238925661333,1.0,2.0,1.0,1.0,6494.0,1000.0
6495.0,0.836081,2.1629475264085863E-10,6495.0,18.0,1.0,1.6656673992801339,1.0,2.0,1.0,1.0,6495.0,1000.0
6496.0,0.836171,2.1631803570522402E-10,6496.0,18.0,1.0,1.6654109849637422,1.0,2.0,1.0,1.0,6496.0,1000.0
6497.0,0.836275,2.163449405796018E-10,6497.0,18.0,1.0,1.665154649580494,1.0,2.0,1.0,1.0,6497.0,1000.0
6498.0,0.836364,2.16367964943252E-10,6498.0,18.0,1.0,1.6648983930939474,1.0,2.0,1.0,1.0,6498.0,1000.0
6499.0,0.836463,2.1639357631405394E-10,6499.0,18.0,1.0,1.6646422154676828,1.0,2.0,1.0,1.0,6499.0,1000.0
6500.0,0.836553,2.1641685937841933E-10,6500.0,18.0,1.0,1.6643861166653031,1.0,2.0,1.0,1.0,6500.0,1000.0
6501.0,0.836651,2.164422120485061E-10,6501.0,18.0,1.0,1.6641300966504338,1.0,2.0,1.0,1.0,6501.0,1000.0
6502.0,0.836762,2.1647092782789008E-10,6502.0,18.0,1.0,1.6638741553867225,1.0,2.0,1.0,1.0,6502.0,1000.0
6503.0,0.836856,2.1649524569511615E-10,6503.0,18.0,1.0,1.6636182928378394,1.0,2.0,1.0,1.0,6503.0,1000.0
6504.0,0.836947,2.165187874601967E-10,6504.0,18.0,1.0,1.6633625089674768,1.0,2.0,1.0,1.0,6504.0,1000.0
6505.0,0.837072,2.1655112504959308E-10,6505.0,18.0,1.0,1.6631068037393497,1.0,2.0,1.0,1.0,6505.0,1000.0
6506.0,0.837163,2.1657466681467364E-10,6506.0,18.0,1.0,1.6628511771171948,1.0,2.0,1.0,1.0,6506.0,1000.0
6507.0,0.837253,2.1659794987903903E-10,6507.0,18.0,1.0,1.6625956290647717,1.0,2.0,1.0,1.0,6507.0,1000.0
6508.0,0.837344,2.1662149164411958E-10,6508.0,18.0,1.0,1.662340159545862,1.0,2.0,1.0,1.0,6508.0,1000.0
6509.0,0.837443,2.1664710301492152E-10,6509.0,18.0,1.0,1.6620847685242695,1.0,2.0,1.0,1.0,6509.0,1000.0
6510.0,0.837537,2.166714208821476E-10,6510.0,18.0,1.0,1.6618294559638203,1.0,2.0,1.0,1.0,6510.0,1000.0
6511.0,0.837698,2.167130716972901E-10,6511.0,18.0,1.0,1.6615742218283627,1.0,2.0,1.0,1.0,6511.0,1000.0
6512.0,0.837879,2.1675989652673605E-10,6512.0,18.0,1.0,1.6613190660817674,1.0,2.0,1.0,1.0,6512.0,1000.0
6513.0,0.837992,2.1678912970755038E-10,6513.0,18.0,1.0,1.6610639886879273,1.0,2.0,1.0,1.0,6513.0,1000.0
6514.0,0.838109,2.1681939769122538E-10,6514.0,18.0,1.0,1.6608089896107567,1.0,2.0,1.0,1.0,6514.0,1000.0
6515.0,0.838205,2.168442329598818E-10,6515.0,18.0,1.0,1.6605540688141933,1.0,2.0,1.0,1.0,6515.0,1000.0
6516.0,0.838316,2.1687294873926578E-10,6516.0,18.0,1.0,1.660299226262196,1.0,2.0,1.0,1.0,6516.0,1000.0
6517.0,0.838409,2.1689700790577668E-10,6517.0,18.0,1.0,1.6600444619187462,1.0,2.0,1.0,1.0,6517.0,1000.0
6518.0,0.838498,2.169200322694269E-10,6518.0,18.0,1.0,1.6597897757478475,1.0,2.0,1.0,1.0,6518.0,1000.0
6519.0,0.83859,2.1694383273522263E-10,6519.0,18.0,1.0,1.659535167713525,1.0,2.0,1.0,1.0,6519.0,1000.0
6520.0,0.838682,2.1696763320101835E-10,6520.0,18.0,1.0,1.6592806377798266,1.0,2.0,1.0,1.0,6520.0,1000.0
6521.0,0.838802,2.1699867728683887E-10,6521.0,18.0,1.0,1.659026185910822,1.0,2.0,1.0,1.0,6521.0,1000.0
6522.0,0.838997,2.170491239262972E-10,6522.0,18.0,1.0,1.6587718120706025,1.0,2.0,1.0,1.0,6522.0,1000.0
6523.0,0.839089,2.1707292439209293E-10,6523.0,18.0,1.0,1.6585175162232821,1.0,2.0,1.0,1.0,6523.0,1000.0
6524.0,0.839179,2.1709620745645831E-10,6524.0,18.0,1.0,1.6582632983329966,1.0,2.0,1.0,1.0,6524.0,1000.0
6525.0,0.83927,2.1711974922153887E-10,6525.0,18.0,1.0,1.6580091583639034,1.0,2.0,1.0,1.0,6525.0,1000.0
6526.0,0.83936,2.1714303228590426E-10,6526.0,18.0,1.0,1.6577550962801824,1.0,2.0,1.0,1.0,6526.0,1000.0
6527.0,0.839449,2.1716605664955447E-10,6527.0,18.0,1.0,1.6575011120460348,1.0,2.0,1.0,1.0,6527.0,1000.0
6528.0,0.839541,2.171898571153502E-10,6528.0,18.0,1.0,1.6572472056256846,1.0,2.0,1.0,1.0,6528.0,1000.0
6529.0,0.839637,2.1721469238400662E-10,6529.0,18.0,1.0,1.6569933769833771,1.0,2.0,1.0,1.0,6529.0,1000.0
6530.0,0.839727,2.17237975448372E-10,6530.0,18.0,1.0,1.6567396260833798,1.0,2.0,1.0,1.0,6530.0,1000.0
6531.0,0.839819,2.1726177591416773E-10,6531.0,18.0,1.0,1.6564859528899816,1.0,2.0,1.0,1.0,6531.0,1000.0
6532.0,0.839912,2.1728583508067863E-10,6532.0,18.0,1.0,1.6562323573674937,1.0,2.0,1.0,1.0,6532.0,1000.0
6533.0,0.840004,2.1730963554647436E-10,6533.0,18.0,1.0,1.6559788394802495,1.0,2.0,1.0,1.0,6533.0,1000.0
6534.0,0.840093,2.1733265991012458E-10,6534.0,18.0,1.0,1.6557253991926033,1.0,2.0,1.0,1.0,6534.0,1000.0
6535.0,0.840183,2.1735594297448996E-10,6535.0,18.0,1.0,1.655472036468932,1.0,2.0,1.0,1.0,6535.0,1000.0
6536.0,0.840274,2.1737948473957052E-10,6536.0,18.0,1.0,1.6552187512736336,1.0,2.0,1.0,1.0,6536.0,1000.0
6537.0,0.840368,2.174038026067966E-10,6537.0,18.0,1.0,1.654965543571129,1.0,2.0,1.0,1.0,6537.0,1000.0
6538.0,0.840457,2.174268269704468E-10,6538.0,18.0,1.0,1.6547124133258595,1.0,2.0,1.0,1.0,6538.0,1000.0
6539.0,0.840547,2.174501100348122E-10,6539.0,18.0,1.0,1.6544593605022893,1.0,2.0,1.0,1.0,6539.0,1000.0
6540.0,0.840638,2.1747365179989275E-10,6540.0,18.0,1.0,1.6542063850649036,1.0,2.0,1.0,1.0,6540.0,1000.0
6541.0,0.840738,2.1749952187140983E-10,6541.0,18.0,1.0,1.6539534869782098,1.0,2.0,1.0,1.0,6541.0,1000.0
6542.0,0.840828,2.1752280493577521E-10,6542.0,18.0,1.0,1.6537006662067364,1.0,2.0,1.0,1.0,6542.0,1000.0
6543.0,0.840956,2.175559186273171E-10,6543.0,18.0,1.0,1.6534479227150343,1.0,2.0,1.0,1.0,6543.0,1000.0
6544.0,0.841115,2.175970520410293E-10,6544.0,18.0,1.0,1.6531952564676757,1.0,2.0,1.0,1.0,6544.0,1000.0
6545.0,0.841208,2.176211112075402E-10,6545.0,18.0,1.0,1.6529426674292544,1.0,2.0,1.0,1.0,6545.0,1000.0
6546.0,0.841331,2.1765293139550624E-10,6546.0,18.0,1.0,1.6526901555643858,1.0,2.0,1.0,1.0,6546.0,1000.0
6547.0,0.841442,2.1768164717489022E-10,6547.0,18.0,1.0,1.6524377208377072,1.0,2.0,1.0,1.0,6547.0,1000.0
6548.0,0.841666,2.177395961350885E-10,6548.0,18.0,1.0,1.6521853632138774,1.0,2.0,1.0,1.0,6548.0,1000.0
6549.0,0.84176,2.1776391400231458E-10,6549.0,18.0,1.0,1.6519330826575767,1.0,2.0,1.0,1.0,6549.0,1000.0
6550.0,0.84185,2.1778719706667997E-10,6550.0,18.0,1.0,1.651680879133507,1.0,2.0,1.0,1.0,6550.0,1000.0
6551.0,0.841943,2.1781125623319087E-10,6551.0,18.0,1.0,1.6514287526063913,1.0,2.0,1.0,1.0,6551.0,1000.0
6552.0,0.842036,2.1783531539970177E-10,6552.0,18.0,1.0,1.6511767030409752,1.0,2.0,1.0,1.0,6552.0,1000.0
6553.0,0.842125,2.1785833976335199E-10,6553.0,18.0,1.0,1.650924730402025,1.0,2.0,1.0,1.0,6553.0,1000.0
6554.0,0.842214,2.178813641270022E-10,6554.0,18.0,1.0,1.6506728346543287,1.0,2.0,1.0,1.0,6554.0,1000.0
6555.0,0.842303,2.179043884906524E-10,6555.0,18.0,1.0,1.6504210157626955,1.0,2.0,1.0,1.0,6555.0,1000.0
6556.0,0.842393,2.179276715550178E-10,6556.0,18.0,1.0,1.6501692736919569,1.0,2.0,1.0,1.0,6556.0,1000.0
6557.0,0.842482,2.17950695918668E-10,6557.0,18.0,1.0,1.649917608406965,1.0,2.0,1.0,1.0,6557.0,1000.0
6558.0,0.842572,2.179739789830334E-10,6558.0,18.0,1.0,1.6496660198725936,1.0,2.0,1.0,1.0,6558.0,1000.0
6559.0,0.842664,2.1799777944882912E-10,6559.0,18.0,1.0,1.6494145080537383,1.0,2.0,1.0,1.0,6559.0,1000.0
6560.0,0.842756,2.1802157991462485E-10,6560.0,18.0,1.0,1.6491630729153155,1.0,2.0,1.0,1.0,6560.0,1000.0
6561.0,0.842862,2.1804900219043297E-10,6561.0,18.0,1.0,1.6489117144222634,1.0,2.0,1.0,1.0,6561.0,1000.0
6562.0,0.842965,2.1807564836409557E-10,6562.0,18.0,1.0,1.6486604325395413,1.0,2.0,1.0,1.0,6562.0,1000.0
6563.0,0.843055,2.1809893142846096E-10,6563.0,18.0,1.0,1.64840922723213,1.0,2.0,1.0,1.0,6563.0,1000.0
6564.0,0.843145,2.1812221449282634E-10,6564.0,18.0,1.0,1.648158098465032,1.0,2.0,1.0,1.0,6564.0,1000.0
6565.0,0.843256,2.1815093027221033E-10,6565.0,18.0,1.0,1.6479070462032703,1.0,2.0,1.0,1.0,6565.0,1000.0
6566.0,0.843347,2.1817447203729088E-10,6566.0,18.0,1.0,1.6476560704118899,1.0,2.0,1.0,1.0,6566.0,1000.0
6567.0,0.843578,2.1823423190249538E-10,6567.0,18.0,1.0,1.647405171055957,1.0,2.0,1.0,1.0,6567.0,1000.0
6568.0,0.843711,2.182686390976131E-10,6568.0,18.0,1.0,1.6471543481005586,1.0,2.0,1.0,1.0,6568.0,1000.0
6569.0,0.843811,2.182945091691302E-10,6569.0,18.0,1.0,1.6469036015108036,1.0,2.0,1.0,1.0,6569.0,1000.0
6570.0,0.843901,2.1831779223349558E-10,6570.0,18.0,1.0,1.6466529312518219,1.0,2.0,1.0,1.0,6570.0,1000.0
6571.0,0.843993,2.183415926992913E-10,6571.0,18.0,1.0,1.6464023372887642,1.0,2.0,1.0,1.0,6571.0,1000.0
6572.0,0.844083,2.183648757636567E-10,6572.0,18.0,1.0,1.646151819586803,1.0,2.0,1.0,1.0,6572.0,1000.0
6573.0,0.844173,2.1838815882802208E-10,6573.0,18.0,1.0,1.6459013781111318,1.0,2.0,1.0,1.0,6573.0,1000.0
6574.0,0.844264,2.1841170059310264E-10,6574.0,18.0,1.0,1.6456510128269652,1.0,2.0,1.0,1.0,6574.0,1000.0
6575.0,0.84442,2.1845205790466931E-10,6575.0,18.0,1.0,1.6454007236995392,1.0,2.0,1.0,1.0,6575.0,1000.0
6576.0,0.844662,2.1851466347774068E-10,6576.0,18.0,1.0,1.6451505106941104,1.0,2.0,1.0,1.0,6576.0,1000.0
6577.0,0.844841,2.1856097090575628E-10,6577.0,18.0,1.0,1.644900373775957,1.0,2.0,1.0,1.0,6577.0,1000.0
6578.0,0.84502,2.1860727833377188E-10,6578.0,18.0,1.0,1.6446503129103784,1.0,2.0,1.0,1.0,6578.0,1000.0
6579.0,0.845124,2.1863418320814965E-10,6579.0,18.0,1.0,1.6444003280626949,1.0,2.0,1.0,1.0,6579.0,1000.0
6580.0,0.845218,2.1865850107537573E-10,6580.0,18.0,1.0,1.6441504191982477,1.0,2.0,1.0,1.0,6580.0,1000.0
6581.0,0.845312,2.186828189426018E-10,6581.0,18.0,1.0,1.6439005862823992,1.0,2.0,1.0,1.0,6581.0,1000.0
6582.0,0.845403,2.1870636070768236E-10,6582.0,18.0,1.0,1.6436508292805332,1.0,2.0,1.0,1.0,6582.0,1000.0
6583.0,0.845493,2.1872964377204774E-10,6583.0,18.0,1.0,1.643401148158054,1.0,2.0,1.0,1.0,6583.0,1000.0
6584.0,0.845589,2.1875447904070416E-10,6584.0,18.0,1.0,1.6431515428803873,1.0,2.0,1.0,1.0,6584.0,1000.0
6585.0,0.845681,2.187782795064999E-10,6585.0,18.0,1.0,1.6429020134129795,1.0,2.0,1.0,1.0,6585.0,1000.0
6586.0,0.845771,2.1880156257086528E-10,6586.0,18.0,1.0,1.6426525597212982,1.0,2.0,1.0,1.0,6586.0,1000.0
6587.0,0.845863,2.18825363036661E-10,6587.0,18.0,1.0,1.642403181770832,1.0,2.0,1.0,1.0,6587.0,1000.0
6588.0,0.845956,2.188494222031719E-10,6588.0,18.0,1.0,1.64215387952709,1.0,2.0,1.0,1.0,6588.0,1000.0
6589.0,0.846046,2.188727052675373E-10,6589.0,18.0,1.0,1.6419046529556032,1.0,2.0,1.0,1.0,6589.0,1000.0
6590.0,0.846138,2.1889650573333302E-10,6590.0,18.0,1.0,1.6416555020219226,1.0,2.0,1.0,1.0,6590.0,1000.0
6591.0,0.846229,2.1892004749841358E-10,6591.0,18.0,1.0,1.6414064266916204,1.0,2.0,1.0,1.0,6591.0,1000.0
6592.0,0.846324,2.1894462406635483E-10,6592.0,18.0,1.0,1.6411574269302898,1.0,2.0,1.0,1.0,6592.0,1000.0
6593.0,0.846414,2.189679071307202E-10,6593.0,18.0,1.0,1.6409085027035446,1.0,2.0,1.0,1.0,6593.0,1000.0
6594.0,0.846503,2.1899093149437042E-10,6594.0,18.0,1.0,1.64065965397702,1.0,2.0,1.0,1.0,6594.0,1000.0
6595.0,0.846593,2.190142145587358E-10,6595.0,18.0,1.0,1.6404108807163715,1.0,2.0,1.0,1.0,6595.0,1000.0
6596.0,0.846684,2.1903775632381637E-10,6596.0,18.0,1.0,1.6401621828872757,1.0,2.0,1.0,1.0,6596.0,1000.0
6597.0,0.846774,2.1906103938818175E-10,6597.0,18.0,1.0,1.6399135604554298,1.0,2.0,1.0,1.0,6597.0,1000.0
6598.0,0.846864,2.1908432245254713E-10,6598.0,18.0,1.0,1.639665013386552,1.0,2.0,1.0,1.0,6598.0,1000.0
6599.0,0.846952,2.1910708811548217E-10,6599.0,18.0,1.0,1.6394165416463813,1.0,2.0,1.0,1.0,6599.0,1000.0
6600.0,0.847044,2.191308885812779E-10,6600.0,18.0,1.0,1.6391681452006772,1.0,2.0,1.0,1.0,6600.0,1000.0
6601.0,0.847135,2.1915443034635846E-10,6601.0,18.0,1.0,1.6389198240152203,1.0,2.0,1.0,1.0,6601.0,1000.0
6602.0,0.847224,2.1917745471000867E-10,6602.0,18.0,1.0,1.6386715780558119,1.0,2.0,1.0,1.0,6602.0,1000.0
6603.0,0.847312,2.192002203729437E-10,6603.0,18.0,1.0,1.6384234072882735,1.0,2.0,1.0,1.0,6603.0,1000.0
6604.0,0.847403,2.1922376213802427E-10,6604.0,18.0,1.0,1.6381753116784479,1.0,2.0,1.0,1.0,6604.0,1000.0
6605.0,0.847496,2.1924782130453517E-10,6605.0,18.0,1.0,1.6379272911921983,1.0,2.0,1.0,1.0,6605.0,1000.0
6606.0,0.847585,2.1927084566818538E-10,6606.0,18.0,1.0,1.6376793457954086,1.0,2.0,1.0,1.0,6606.0,1000.0
6607.0,0.847674,2.192938700318356E-10,6607.0,18.0,1.0,1.6374314754539836,1.0,2.0,1.0,1.0,6607.0,1000.0
6608.0,0.847765,2.1931741179691615E-10,6608.0,18.0,1.0,1.6371836801338484,1.0,2.0,1.0,1.0,6608.0,1000.0
6609.0,0.847861,2.1934224706557257E-10,6609.0,18.0,1.0,1.6369359598009487,1.0,2.0,1.0,1.0,6609.0,1000.0
6610.0,0.847952,2.1936578883065313E-10,6610.0,18.0,1.0,1.6366883144212512,1.0,2.0,1.0,1.0,6610.0,1000.0
6611.0,0.848043,2.1938933059573369E-10,6611.0,18.0,1.0,1.6364407439607427,1.0,2.0,1.0,1.0,6611.0,1000.0
6612.0,0.848133,2.1941261366009907E-10,6612.0,18.0,1.0,1.636193248385431,1.0,2.0,1.0,1.0,6612.0,1000.0
6613.0,0.848223,2.1943589672446445E-10,6613.0,18.0,1.0,1.6359458276613443,1.0,2.0,1.0,1.0,6613.0,1000.0
6614.0,0.848312,2.1945892108811467E-10,6614.0,18.0,1.0,1.6356984817545313,1.0,2.0,1.0,1.0,6614.0,1000.0
6615.0,0.8484,2.194816867510497E-10,6615.0,18.0,1.0,1.6354512106310612,1.0,2.0,1.0,1.0,6615.0,1000.0
6616.0,0.848495,2.1950626331899095E-10,6616.0,18.0,1.0,1.6352040142570239,1.0,2.0,1.0,1.0,6616.0,1000.0
6617.0,0.848585,2.1952954638335634E-10,6617.0,18.0,1.0,1.6349568925985294,1.0,2.0,1.0,1.0,6617.0,1000.0
6618.0,0.848673,2.1955231204629138E-10,6618.0,18.0,1.0,1.6347098456217088,1.0,2.0,1.0,1.0,6618.0,1000.0
6619.0,0.848764,2.1957585381137193E-10,6619.0,18.0,1.0,1.6344628732927133,1.0,2.0,1.0,1.0,6619.0,1000.0
6620.0,0.848857,2.1959991297788284E-10,6620.0,18.0,1.0,1.6342159755777144,1.0,2.0,1.0,1.0,6620.0,1000.0
6621.0,0.848948,2.196234547429634E-10,6621.0,18.0,1.0,1.6339691524429043,1.0,2.0,1.0,1.0,6621.0,1000.0
6622.0,0.849036,2.1964622040589843E-10,6622.0,18.0,1.0,1.6337224038544955,1.0,2.0,1.0,1.0,6622.0,1000.0
6623.0,0.849128,2.1967002087169416E-10,6623.0,18.0,1.0,1.633475729778721,1.0,2.0,1.0,1.0,6623.0,1000.0
6624.0,0.849218,2.1969330393605955E-10,6624.0,18.0,1.0,1.6332291301818342,1.0,2.0,1.0,1.0,6624.0,1000.0
6625.0,0.849308,2.1971658700042493E-10,6625.0,18.0,1.0,1.6329826050301086,1.0,2.0,1.0,1.0,6625.0,1000.0
6626.0,0.849401,2.1974064616693583E-10,6626.0,18.0,1.0,1.6327361542898384,1.0,2.0,1.0,1.0,6626.0,1000.0
6627.0,0.849491,2.1976392923130122E-10,6627.0,18.0,1.0,1.6324897779273382,1.0,2.0,1.0,1.0,6627.0,1000.0
6628.0,0.849582,2.1978747099638177E-10,6628.0,18.0,1.0,1.6322434759089424,1.0,2.0,1.0,1.0,6628.0,1000.0
6629.0,0.849674,2.198112714621775E-10,6629.0,18.0,1.0,1.6319972482010061,1.0,2.0,1.0,1.0,6629.0,1000.0
6630.0,0.849763,2.1983429582582772E-10,6630.0,18.0,1.0,1.631751094769905,1.0,2.0,1.0,1.0,6630.0,1000.0
6631.0,0.849855,2.1985809629162345E-10,6631.0,18.0,1.0,1.6315050155820343,1.0,2.0,1.0,1.0,6631.0,1000.0
6632.0,0.849947,2.1988189675741918E-10,6632.0,18.0,1.0,1.6312590106038103,1.0,2.0,1.0,1.0,6632.0,1000.0
6633.0,0.850036,2.199049211210694E-10,6633.0,18.0,1.0,1.6310130798016689,1.0,2.0,1.0,1.0,6633.0,1000.0
6634.0,0.850126,2.1992820418543477E-10,6634.0,18.0,1.0,1.6307672231420667,1.0,2.0,1.0,1.0,6634.0,1000.0
6635.0,0.850215,2.1995122854908498E-10,6635.0,18.0,1.0,1.63052144059148,1.0,2.0,1.0,1.0,6635.0,1000.0
6636.0,0.850304,2.199742529127352E-10,6636.0,18.0,1.0,1.6302757321164059,1.0,2.0,1.0,1.0,6636.0,1000.0
6637.0,0.850396,2.1999805337853092E-10,6637.0,18.0,1.0,1.6300300976833615,1.0,2.0,1.0,1.0,6637.0,1000.0
6638.0,0.850486,2.200213364428963E-10,6638.0,18.0,1.0,1.6297845372588837,1.0,2.0,1.0,1.0,6638.0,1000.0
6639.0,0.850573,2.2004384340511618E-10,6639.0,18.0,1.0,1.62953905080953,1.0,2.0,1.0,1.0,6639.0,1000.0
6640.0,0.850666,2.2006790257162708E-10,6640.0,18.0,1.0,1.629293638301878,1.0,2.0,1.0,1.0,6640.0,1000.0
6641.0,0.850757,2.2009144433670764E-10,6641.0,18.0,1.0,1.629048299702525,1.0,2.0,1.0,1.0,6641.0,1000.0
6642.0,0.850845,2.2011420999964267E-10,6642.0,18.0,1.0,1.6288030349780893,1.0,2.0,1.0,1.0,6642.0,1000.0
6643.0,0.850938,2.2013826916615358E-10,6643.0,18.0,1.0,1.6285578440952084,1.0,2.0,1.0,1.0,6643.0,1000.0
6644.0,0.851029,2.2016181093123413E-10,6644.0,18.0,1.0,1.6283127270205402,1.0,2.0,1.0,1.0,6644.0,1000.0
6645.0,0.851118,2.2018483529488435E-10,6645.0,18.0,1.0,1.6280676837207628,1.0,2.0,1.0,1.0,6645.0,1000.0
6646.0,0.85121,2.2020863576068008E-10,6646.0,18.0,1.0,1.6278227141625745,1.0,2.0,1.0,1.0,6646.0,1000.0
6647.0,0.851301,2.2023217752576063E-10,6647.0,18.0,1.0,1.627577818312693,1.0,2.0,1.0,1.0,6647.0,1000.0
6648.0,0.851399,2.202575301958474E-10,6648.0,18.0,1.0,1.6273329961378564,1.0,2.0,1.0,1.0,6648.0,1000.0
6649.0,0.851492,2.202815893623583E-10,6649.0,18.0,1.0,1.6270882476048232,1.0,2.0,1.0,1.0,6649.0,1000.0
6650.0,0.851584,2.2030538982815403E-10,6650.0,18.0,1.0,1.6268435726803714,1.0,2.0,1.0,1.0,6650.0,1000.0
6651.0,0.851679,2.2032996639609528E-10,6651.0,18.0,1.0,1.626598971331299,1.0,2.0,1.0,1.0,6651.0,1000.0
6652.0,0.851768,2.203529907597455E-10,6652.0,18.0,1.0,1.6263544435244242,1.0,2.0,1.0,1.0,6652.0,1000.0
6653.0,0.85186,2.2037679122554122E-10,6653.0,18.0,1.0,1.626109989226585,1.0,2.0,1.0,1.0,6653.0,1000.0
6654.0,0.85195,2.204000742899066E-10,6654.0,18.0,1.0,1.6258656084046392,1.0,2.0,1.0,1.0,6654.0,1000.0
6655.0,0.85204,2.20423357354272E-10,6655.0,18.0,1.0,1.625621301025465,1.0,2.0,1.0,1.0,6655.0,1000.0
6656.0,0.85213,2.2044664041863737E-10,6656.0,18.0,1.0,1.62537706705596,1.0,2.0,1.0,1.0,6656.0,1000.0
6657.0,0.852222,2.204704408844331E-10,6657.0,18.0,1.0,1.6251329064630418,1.0,2.0,1.0,1.0,6657.0,1000.0
6658.0,0.852311,2.2049346524808331E-10,6658.0,18.0,1.0,1.6248888192136481,1.0,2.0,1.0,1.0,6658.0,1000.0
6659.0,0.852399,2.2051623091101835E-10,6659.0,18.0,1.0,1.6246448052747364,1.0,2.0,1.0,1.0,6659.0,1000.0
6660.0,0.852488,2.2053925527466856E-10,6660.0,18.0,1.0,1.6244008646132837,1.0,2.0,1.0,1.0,6660.0,1000.0
6661.0,0.852581,2.2056331444117947E-10,6661.0,18.0,1.0,1.6241569971962873,1.0,2.0,1.0,1.0,6661.0,1000.0
6662.0,0.85267,2.2058633880482968E-10,6662.0,18.0,1.0,1.623913202990764,1.0,2.0,1.0,1.0,6662.0,1000.0
6663.0,0.85276,2.2060962186919506E-10,6663.0,18.0,1.0,1.6236694819637505,1.0,2.0,1.0,1.0,6663.0,1000.0
6664.0,0.85285,2.2063290493356045E-10,6664.0,18.0,1.0,1.6234258340823033,1.0,2.0,1.0,1.0,6664.0,1000.0
6665.0,0.852943,2.2065696410007135E-10,6665.0,18.0,1.0,1.6231822593134988,1.0,2.0,1.0,1.0,6665.0,1000.0
6666.0,0.853073,2.2069059519304356E-10,6666.0,18.0,1.0,1.622938757624433,1.0,2.0,1.0,1.0,6666.0,1000.0
6667.0,0.853177,2.2071750006742134E-10,6667.0,18.0,1.0,1.6226953289822212,1.0,2.0,1.0,1.0,6667.0,1000.0
6668.0,0.853268,2.207410418325019E-10,6668.0,18.0,1.0,1.6224519733539997,1.0,2.0,1.0,1.0,6668.0,1000.0
6669.0,0.853365,2.207661358018735E-10,6669.0,18.0,1.0,1.622208690706923,1.0,2.0,1.0,1.0,6669.0,1000.0
6670.0,0.853457,2.2078993626766922E-10,6670.0,18.0,1.0,1.6219654810081663,1.0,2.0,1.0,1.0,6670.0,1000.0
6671.0,0.853549,2.2081373673346495E-10,6671.0,18.0,1.0,1.6217223442249242,1.0,2.0,1.0,1.0,6671.0,1000.0
6672.0,0.853641,2.2083753719926068E-10,6672.0,18.0,1.0,1.621479280324411,1.0,2.0,1.0,1.0,6672.0,1000.0
6673.0,0.853733,2.208613376650564E-10,6673.0,18.0,1.0,1.6212362892738603,1.0,2.0,1.0,1.0,6673.0,1000.0
6674.0,0.853823,2.208846207294218E-10,6674.0,18.0,1.0,1.6209933710405258,1.0,2.0,1.0,1.0,6674.0,1000.0
6675.0,0.853914,2.2090816249450235E-10,6675.0,18.0,1.0,1.6207505255916808,1.0,2.0,1.0,1.0,6675.0,1000.0
6676.0,0.854004,2.2093144555886773E-10,6676.0,18.0,1.0,1.620507752894618,1.0,2.0,1.0,1.0,6676.0,1000.0
6677.0,0.854095,2.209549873239483E-10,6677.0,18.0,1.0,1.6202650529166496,1.0,2.0,1.0,1.0,6677.0,1000.0
6678.0,0.854184,2.209780116875985E-10,6678.0,18.0,1.0,1.6200224256251077,1.0,2.0,1.0,1.0,6678.0,1000.0
6679.0,0.854275,2.2100155345267906E-10,6679.0,18.0,1.0,1.6197798709873439,1.0,2.0,1.0,1.0,6679.0,1000.0
6680.0,0.854365,2.2102483651704444E-10,6680.0,18.0,1.0,1.619537388970729,1.0,2.0,1.0,1.0,6680.0,1000.0
6681.0,0.85446,2.210494130849857E-10,6681.0,18.0,1.0,1.6192949795426537,1.0,2.0,1.0,1.0,6681.0,1000.0
6682.0,0.854548,2.2107217874792073E-10,6682.0,18.0,1.0,1.6190526426705283,1.0,2.0,1.0,1.0,6682.0,1000.0
6683.0,0.854638,2.2109546181228612E-10,6683.0,18.0,1.0,1.618810378321782,1.0,2.0,1.0,1.0,6683.0,1000.0
6684.0,0.854727,2.2111848617593633E-10,6684.0,18.0,1.0,1.6185681864638644,1.0,2.0,1.0,1.0,6684.0,1000.0
6685.0,0.854818,2.2114202794101688E-10,6685.0,18.0,1.0,1.6183260670642439,1.0,2.0,1.0,1.0,6685.0,1000.0
6686.0,0.854907,2.211650523046671E-10,6686.0,18.0,1.0,1.6180840200904083,1.0,2.0,1.0,1.0,6686.0,1000.0
6687.0,0.854995,2.2118781796760213E-10,6687.0,18.0,1.0,1.6178420455098654,1.0,2.0,1.0,1.0,6687.0,1000.0
6688.0,0.855092,2.2121291193697373E-10,6688.0,18.0,1.0,1.617600143290142,1.0,2.0,1.0,1.0,6688.0,1000.0
6689.0,0.855185,2.2123697110348463E-10,6689.0,18.0,1.0,1.6173583133987846,1.0,2.0,1.0,1.0,6689.0,1000.0
6690.0,0.855274,2.2125999546713484E-10,6690.0,18.0,1.0,1.6171165558033587,1.0,2.0,1.0,1.0,6690.0,1000.0
6691.0,0.855364,2.2128327853150023E-10,6691.0,18.0,1.0,1.6168748704714497,1.0,2.0,1.0,1.0,6691.0,1000.0
6692.0,0.855454,2.213065615958656E-10,6692.0,18.0,1.0,1.6166332573706619,1.0,2.0,1.0,1.0,6692.0,1000.0
6693.0,0.855545,2.2133010336094617E-10,6693.0,18.0,1.0,1.6163917164686195,1.0,2.0,1.0,1.0,6693.0,1000.0
6694.0,0.855634,2.2135312772459638E-10,6694.0,18.0,1.0,1.6161502477329652,1.0,2.0,1.0,1.0,6694.0,1000.0
6695.0,0.855723,2.213761520882466E-10,6695.0,18.0,1.0,1.6159088511313622,1.0,2.0,1.0,1.0,6695.0,1000.0
6696.0,0.855811,2.2139891775118163E-10,6696.0,18.0,1.0,1.615667526631492,1.0,2.0,1.0,1.0,6696.0,1000.0
6697.0,0.855903,2.2142271821697736E-10,6697.0,18.0,1.0,1.6154262742010557,1.0,2.0,1.0,1.0,6697.0,1000.0
6698.0,0.855991,2.214454838799124E-10,6698.0,18.0,1.0,1.6151850938077739,1.0,2.0,1.0,1.0,6698.0,1000.0
6699.0,0.856081,2.2146876694427778E-10,6699.0,18.0,1.0,1.6149439854193863,1.0,2.0,1.0,1.0,6699.0,1000.0
6700.0,0.85617,2.21491791307928E-10,6700.0,18.0,1.0,1.6147029490036522,1.0,2.0,1.0,1.0,6700.0,1000.0
6701.0,0.856263,2.215158504744389E-10,6701.0,18.0,1.0,1.6144619845283494,1.0,2.0,1.0,1.0,6701.0,1000.0
6702.0,0.856351,2.2153861613737394E-10,6702.0,18.0,1.0,1.6142210919612756,1.0,2.0,1.0,1.0,6702.0,1000.0
6703.0,0.856442,2.215621579024545E-10,6703.0,18.0,1.0,1.6139802712702476,1.0,2.0,1.0,1.0,6703.0,1000.0
6704.0,0.856533,2.2158569966753505E-10,6704.0,18.0,1.0,1.613739522423101,1.0,2.0,1.0,1.0,6704.0,1000.0
6705.0,0.856626,2.2160975883404595E-10,6705.0,18.0,1.0,1.6134988453876913,1.0,2.0,1.0,1.0,6705.0,1000.0
6706.0,0.856811,2.2165761846635259E-10,6706.0,18.0,1.0,1.6132582401318922,1.0,2.0,1.0,1.0,6706.0,1000.0
6707.0,0.856903,2.2168141893214832E-10,6707.0,18.0,1.0,1.6130177066235978,1.0,2.0,1.0,1.0,6707.0,1000.0
6708.0,0.856995,2.2170521939794404E-10,6708.0,18.0,1.0,1.61277724483072,1.0,2.0,1.0,1.0,6708.0,1000.0
6709.0,0.857085,2.2172850246230943E-10,6709.0,18.0,1.0,1.612536854721191,1.0,2.0,1.0,1.0,6709.0,1000.0
6710.0,0.857176,2.2175204422738999E-10,6710.0,18.0,1.0,1.612296536262961,1.0,2.0,1.0,1.0,6710.0,1000.0
6711.0,0.857272,2.217768794960464E-10,6711.0,18.0,1.0,1.612056289424001,1.0,2.0,1.0,1.0,6711.0,1000.0
6712.0,0.857367,2.2180145606398765E-10,6712.0,18.0,1.0,1.6118161141722989,1.0,2.0,1.0,1.0,6712.0,1000.0
6713.0,0.857463,2.2182629133264407E-10,6713.0,18.0,1.0,1.6115760104758632,1.0,2.0,1.0,1.0,6713.0,1000.0
6714.0,0.857557,2.2185060919987015E-10,6714.0,18.0,1.0,1.6113359783027212,1.0,2.0,1.0,1.0,6714.0,1000.0
6715.0,0.857648,2.218741509649507E-10,6715.0,18.0,1.0,1.6110960176209188,1.0,2.0,1.0,1.0,6715.0,1000.0
6716.0,0.857739,2.2189769273003126E-10,6716.0,18.0,1.0,1.6108561283985214,1.0,2.0,1.0,1.0,6716.0,1000.0
6717.0,0.857835,2.2192252799868768E-10,6717.0,18.0,1.0,1.610616310603613,1.0,2.0,1.0,1.0,6717.0,1000.0
6718.0,0.857928,2.2194658716519859E-10,6718.0,18.0,1.0,1.6103765642042973,1.0,2.0,1.0,1.0,6718.0,1000.0
6719.0,0.858022,2.2197090503242466E-10,6719.0,18.0,1.0,1.6101368891686962,1.0,2.0,1.0,1.0,6719.0,1000.0
6720.0,0.858112,2.2199418809679005E-10,6720.0,18.0,1.0,1.609897285464951,1.0,2.0,1.0,1.0,6720.0,1000.0
6721.0,0.858208,2.2201902336544647E-10,6721.0,18.0,1.0,1.6096577530612215,1.0,2.0,1.0,1.0,6721.0,1000.0
6722.0,0.858301,2.2204308253195737E-10,6722.0,18.0,1.0,1.6094182919256872,1.0,2.0,1.0,1.0,6722.0,1000.0
6723.0,0.85839,2.2206610689560758E-10,6723.0,18.0,1.0,1.6091789020265461,1.0,2.0,1.0,1.0,6723.0,1000.0
6724.0,0.858479,2.220891312592578E-10,6724.0,18.0,1.0,1.608939583332015,1.0,2.0,1.0,1.0,6724.0,1000.0
6725.0,0.858573,2.2211344912648387E-10,6725.0,18.0,1.0,1.60870033581033,1.0,2.0,1.0,1.0,6725.0,1000.0
6726.0,0.858663,2.2213673219084925E-10,6726.0,18.0,1.0,1.6084611594297458,1.0,2.0,1.0,1.0,6726.0,1000.0
6727.0,0.858762,2.221623435616512E-10,6727.0,18.0,1.0,1.6082220541585357,1.0,2.0,1.0,1.0,6727.0,1000.0
6728.0,0.858851,2.221853679253014E-10,6728.0,18.0,1.0,1.6079830199649925,1.0,2.0,1.0,1.0,6728.0,1000.0
6729.0,0.858941,2.2220865098966679E-10,6729.0,18.0,1.0,1.6077440568174275,1.0,2.0,1.0,1.0,6729.0,1000.0
6730.0,0.859034,2.222327101561777E-10,6730.0,18.0,1.0,1.607505164684171,1.0,2.0,1.0,1.0,6730.0,1000.0
6731.0,0.859131,2.2225780412554928E-10,6731.0,18.0,1.0,1.6072663435335715,1.0,2.0,1.0,1.0,6731.0,1000.0
6732.0,0.859221,2.2228108718991467E-10,6732.0,18.0,1.0,1.6070275933339973,1.0,2.0,1.0,1.0,6732.0,1000.0
6733.0,0.859311,2.2230437025428005E-10,6733.0,18.0,1.0,1.6067889140538347,1.0,2.0,1.0,1.0,6733.0,1000.0
6734.0,0.859401,2.2232765331864543E-10,6734.0,18.0,1.0,1.6065503056614894,1.0,2.0,1.0,1.0,6734.0,1000.0
6735.0,0.85949,2.2235067768229565E-10,6735.0,18.0,1.0,1.6063117681253853,1.0,2.0,1.0,1.0,6735.0,1000.0
6736.0,0.859584,2.2237499554952172E-10,6736.0,18.0,1.0,1.6060733014139652,1.0,2.0,1.0,1.0,6736.0,1000.0
6737.0,0.859678,2.223993134167478E-10,6737.0,18.0,1.0,1.6058349054956909,1.0,2.0,1.0,1.0,6737.0,1000.0
6738.0,0.859771,2.224233725832587E-10,6738.0,18.0,1.0,1.6055965803390426,1.0,2.0,1.0,1.0,6738.0,1000.0
6739.0,0.859862,2.2244691434833926E-10,6739.0,18.0,1.0,1.6053583259125197,1.0,2.0,1.0,1.0,6739.0,1000.0
6740.0,0.859953,2.2247045611341981E-10,6740.0,18.0,1.0,1.6051201421846395,1.0,2.0,1.0,1.0,6740.0,1000.0
6741.0,0.860053,2.224963261849369E-10,6741.0,18.0,1.0,1.6048820291239385,1.0,2.0,1.0,1.0,6741.0,1000.0
6742.0,0.860147,2.2252064405216297E-10,6742.0,18.0,1.0,1.6046439866989721,1.0,2.0,1.0,1.0,6742.0,1000.0
6743.0,0.860237,2.2254392711652836E-10,6743.0,18.0,1.0,1.6044060148783137,1.0,2.0,1.0,1.0,6743.0,1000.0
6744.0,0.860329,2.225677275823241E-10,6744.0,18.0,1.0,1.604168113630556,1.0,2.0,1.0,1.0,6744.0,1000.0
6745.0,0.860421,2.2259152804811982E-10,6745.0,18.0,1.0,1.6039302829243098,1.0,2.0,1.0,1.0,6745.0,1000.0
6746.0,0.860511,2.226148111124852E-10,6746.0,18.0,1.0,1.6036925227282048,1.0,2.0,1.0,1.0,6746.0,1000.0
6747.0,0.860603,2.2263861157828093E-10,6747.0,18.0,1.0,1.6034548330108893,1.0,2.0,1.0,1.0,6747.0,1000.0
6748.0,0.860693,2.2266189464264632E-10,6748.0,18.0,1.0,1.6032172137410299,1.0,2.0,1.0,1.0,6748.0,1000.0
6749.0,0.860793,2.226877647141634E-10,6749.0,18.0,1.0,1.6029796648873122,1.0,2.0,1.0,1.0,6749.0,1000.0
6750.0,0.860884,2.2271130647924396E-10,6750.0,18.0,1.0,1.60274218641844,1.0,2.0,1.0,1.0,6750.0,1000.0
6751.0,0.860974,2.2273458954360934E-10,6751.0,18.0,1.0,1.6025047783031359,1.0,2.0,1.0,1.0,6751.0,1000.0
6752.0,0.861063,2.2275761390725955E-10,6752.0,18.0,1.0,1.6022674405101407,1.0,2.0,1.0,1.0,6752.0,1000.0
6753.0,0.861232,2.2280133432812345E-10,6753.0,18.0,1.0,1.602030173008214,1.0,2.0,1.0,1.0,6753.0,1000.0
6754.0,0.861347,2.228310849103681E-10,6754.0,18.0,1.0,1.601792975766134,1.0,2.0,1.0,1.0,6754.0,1000.0
6755.0,0.861445,2.2285643758045486E-10,6755.0,18.0,1.0,1.6015558487526973,1.0,2.0,1.0,1.0,6755.0,1000.0
6756.0,0.861539,2.2288075544768094E-10,6756.0,18.0,1.0,1.6013187919367184,1.0,2.0,1.0,1.0,6756.0,1000.0
6757.0,0.861634,2.229053320156222E-10,6757.0,18.0,1.0,1.6010818052870313,1.0,2.0,1.0,1.0,6757.0,1000.0
6758.0,0.861727,2.229293911821331E-10,6758.0,18.0,1.0,1.6008448887724873,1.0,2.0,1.0,1.0,6758.0,1000.0
6759.0,0.861818,2.2295293294721365E-10,6759.0,18.0,1.0,1.6006080423619573,1.0,2.0,1.0,1.0,6759.0,1000.0
6760.0,0.861923,2.229800965223066E-10,6760.0,18.0,1.0,1.6003712660243299,1.0,2.0,1.0,1.0,6760.0,1000.0
6761.0,0.862038,2.2300984710455124E-10,6761.0,18.0,1.0,1.600134559728512,1.0,2.0,1.0,1.0,6761.0,1000.0
6762.0,0.862147,2.2303804548250488E-10,6762.0,18.0,1.0,1.5998979234434294,1.0,2.0,1.0,1.0,6762.0,1000.0
6763.0,0.862256,2.2306624386045852E-10,6763.0,18.0,1.0,1.599661357138026,1.0,2.0,1.0,1.0,6763.0,1000.0
6764.0,0.862351,2.2309082042839977E-10,6764.0,18.0,1.0,1.599424860781264,1.0,2.0,1.0,1.0,6764.0,1000.0
6765.0,0.862445,2.2311513829562585E-10,6765.0,18.0,1.0,1.599188434342124,1.0,2.0,1.0,1.0,6765.0,1000.0
6766.0,0.862539,2.2313945616285192E-10,6766.0,18.0,1.0,1.5989520777896054,1.0,2.0,1.0,1.0,6766.0,1000.0
6767.0,0.862636,2.2316455013222351E-10,6767.0,18.0,1.0,1.598715791092725,1.0,2.0,1.0,1.0,6767.0,1000.0
6768.0,0.862728,2.2318835059801924E-10,6768.0,18.0,1.0,1.5984795742205187,1.0,2.0,1.0,1.0,6768.0,1000.0
6769.0,0.86282,2.2321215106381497E-10,6769.0,18.0,1.0,1.59824342714204,1.0,2.0,1.0,1.0,6769.0,1000.0
6770.0,0.862907,2.2323465802603484E-10,6770.0,18.0,1.0,1.5980073498263618,1.0,2.0,1.0,1.0,6770.0,1000.0
6771.0,0.863,2.2325871719254574E-10,6771.0,18.0,1.0,1.597771342242574,1.0,2.0,1.0,1.0,6771.0,1000.0
6772.0,0.86309,2.2328200025691113E-10,6772.0,18.0,1.0,1.5975354043597858,1.0,2.0,1.0,1.0,6772.0,1000.0
6773.0,0.863179,2.2330502462056134E-10,6773.0,18.0,1.0,1.5972995361471238,1.0,2.0,1.0,1.0,6773.0,1000.0
6774.0,0.863295,2.2333503390352116E-10,6774.0,18.0,1.0,1.5970637375737333,1.0,2.0,1.0,1.0,6774.0,1000.0
6775.0,0.863399,2.2336193877789894E-10,6775.0,18.0,1.0,1.5968280086087778,1.0,2.0,1.0,1.0,6775.0,1000.0
6776.0,0.863512,2.2339117195871327E-10,6776.0,18.0,1.0,1.596592349221439,1.0,2.0,1.0,1.0,6776.0,1000.0
6777.0,0.863621,2.234193703366669E-10,6777.0,18.0,1.0,1.5963567593809163,1.0,2.0,1.0,1.0,6777.0,1000.0
6778.0,0.863734,2.2344860351748123E-10,6778.0,18.0,1.0,1.596121239056428,1.0,2.0,1.0,1.0,6778.0,1000.0
6779.0,0.863841,2.2347628449400453E-10,6779.0,18.0,1.0,1.5958857882172104,1.0,2.0,1.0,1.0,6779.0,1000.0
6780.0,0.86393,2.2349930885765474E-10,6780.0,18.0,1.0,1.5956504068325177,1.0,2.0,1.0,1.0,6780.0,1000.0
6781.0,0.864024,2.2352362672488081E-10,6781.0,18.0,1.0,1.5954150948716221,1.0,2.0,1.0,1.0,6781.0,1000.0
6782.0,0.864114,2.235469097892462E-10,6782.0,18.0,1.0,1.5951798523038145,1.0,2.0,1.0,1.0,6782.0,1000.0
6783.0,0.864204,2.2357019285361158E-10,6783.0,18.0,1.0,1.5949446790984032,1.0,2.0,1.0,1.0,6783.0,1000.0
6784.0,0.864293,2.235932172172618E-10,6784.0,18.0,1.0,1.5947095752247153,1.0,2.0,1.0,1.0,6784.0,1000.0
6785.0,0.864381,2.2361598288019683E-10,6785.0,18.0,1.0,1.5944745406520957,1.0,2.0,1.0,1.0,6785.0,1000.0
6786.0,0.864474,2.2364004204670774E-10,6786.0,18.0,1.0,1.594239575349907,1.0,2.0,1.0,1.0,6786.0,1000.0
6787.0,0.864565,2.236635838117883E-10,6787.0,18.0,1.0,1.5940046792875304,1.0,2.0,1.0,1.0,6787.0,1000.0
6788.0,0.864655,2.2368686687615368E-10,6788.0,18.0,1.0,1.593769852434365,1.0,2.0,1.0,1.0,6788.0,1000.0
6789.0,0.864744,2.237098912398039E-10,6789.0,18.0,1.0,1.5935350947598277,1.0,2.0,1.0,1.0,6789.0,1000.0
6790.0,0.864842,2.2373524390989066E-10,6790.0,18.0,1.0,1.5933004062333533,1.0,2.0,1.0,1.0,6790.0,1000.0
6791.0,0.864939,2.2376033787926225E-10,6791.0,18.0,1.0,1.5930657868243954,1.0,2.0,1.0,1.0,6791.0,1000.0
6792.0,0.865047,2.2378827755650072E-10,6792.0,18.0,1.0,1.5928312365024249,1.0,2.0,1.0,1.0,6792.0,1000.0
6793.0,0.865159,2.2381725203659987E-10,6793.0,18.0,1.0,1.5925967552369307,1.0,2.0,1.0,1.0,6793.0,1000.0
6794.0,0.865268,2.238454504145535E-10,6794.0,18.0,1.0,1.5923623429974196,1.0,2.0,1.0,1.0,6794.0,1000.0
6795.0,0.86537,2.2387183788750094E-10,6795.0,18.0,1.0,1.5921279997534172,1.0,2.0,1.0,1.0,6795.0,1000.0
6796.0,0.865459,2.2389486225115115E-10,6796.0,18.0,1.0,1.5918937254744658,1.0,2.0,1.0,1.0,6796.0,1000.0
6797.0,0.865548,2.2391788661480137E-10,6797.0,18.0,1.0,1.5916595201301265,1.0,2.0,1.0,1.0,6797.0,1000.0
6798.0,0.865638,2.2394116967916675E-10,6798.0,18.0,1.0,1.5914253836899779,1.0,2.0,1.0,1.0,6798.0,1000.0
6799.0,0.865726,2.239639353421018E-10,6799.0,18.0,1.0,1.5911913161236166,1.0,2.0,1.0,1.0,6799.0,1000.0
6800.0,0.865814,2.2398670100503683E-10,6800.0,18.0,1.0,1.5909573174006573,1.0,2.0,1.0,1.0,6800.0,1000.0
6801.0,0.865904,2.240099840694022E-10,6801.0,18.0,1.0,1.5907233874907323,1.0,2.0,1.0,1.0,6801.0,1000.0
6802.0,0.865997,2.2403404323591311E-10,6802.0,18.0,1.0,1.5904895263634915,1.0,2.0,1.0,1.0,6802.0,1000.0
6803.0,0.866086,2.2405706759956333E-10,6803.0,18.0,1.0,1.5902557339886034,1.0,2.0,1.0,1.0,6803.0,1000.0
6804.0,0.866174,2.2407983326249837E-10,6804.0,18.0,1.0,1.5900220103357539,1.0,2.0,1.0,1.0,6804.0,1000.0
6805.0,0.866262,2.241025989254334E-10,6805.0,18.0,1.0,1.5897883553746466,1.0,2.0,1.0,1.0,6805.0,1000.0
6806.0,0.866352,2.241258819897988E-10,6806.0,18.0,1.0,1.589554769075003,1.0,2.0,1.0,1.0,6806.0,1000.0
6807.0,0.866456,2.2415278686417656E-10,6807.0,18.0,1.0,1.5893212514065622,1.0,2.0,1.0,1.0,6807.0,1000.0
6808.0,0.866561,2.2417995043926951E-10,6808.0,18.0,1.0,1.589087802339082,1.0,2.0,1.0,1.0,6808.0,1000.0
6809.0,0.866668,2.242076314157928E-10,6809.0,18.0,1.0,1.5888544218423366,1.0,2.0,1.0,1.0,6809.0,1000.0
6810.0,0.866774,2.2423505369160093E-10,6810.0,18.0,1.0,1.588621109886119,1.0,2.0,1.0,1.0,6810.0,1000.0
6811.0,0.866875,2.2426118246383319E-10,6811.0,18.0,1.0,1.5883878664402393,1.0,2.0,1.0,1.0,6811.0,1000.0
6812.0,0.866966,2.2428472422891374E-10,6812.0,18.0,1.0,1.5881546914745257,1.0,2.0,1.0,1.0,6812.0,1000.0
6813.0,0.867056,2.2430800729327913E-10,6813.0,18.0,1.0,1.5879215849588242,1.0,2.0,1.0,1.0,6813.0,1000.0
6814.0,0.867145,2.2433103165692934E-10,6814.0,18.0,1.0,1.5876885468629982,1.0,2.0,1.0,1.0,6814.0,1000.0
6815.0,0.867233,2.2435379731986438E-10,6815.0,18.0,1.0,1.5874555771569288,1.0,2.0,1.0,1.0,6815.0,1000.0
6816.0,0.867323,2.2437708038422976E-10,6816.0,18.0,1.0,1.587222675810515,1.0,2.0,1.0,1.0,6816.0,1000.0
6817.0,0.867411,2.243998460471648E-10,6817.0,18.0,1.0,1.586989842793673,1.0,2.0,1.0,1.0,6817.0,1000.0
6818.0,0.867502,2.2442338781224536E-10,6818.0,18.0,1.0,1.5867570780763376,1.0,2.0,1.0,1.0,6818.0,1000.0
6819.0,0.867592,2.2444667087661074E-10,6819.0,18.0,1.0,1.5865243816284602,1.0,2.0,1.0,1.0,6819.0,1000.0
6820.0,0.867682,2.2446995394097613E-10,6820.0,18.0,1.0,1.5862917534200103,1.0,2.0,1.0,1.0,6820.0,1000.0
6821.0,0.867772,2.244932370053415E-10,6821.0,18.0,1.0,1.586059193420975,1.0,2.0,1.0,1.0,6821.0,1000.0
6822.0,0.867863,2.2451677877042207E-10,6822.0,18.0,1.0,1.5858267016013587,1.0,2.0,1.0,1.0,6822.0,1000.0
6823.0,0.867969,2.245442010462302E-10,6823.0,18.0,1.0,1.5855942779311842,1.0,2.0,1.0,1.0,6823.0,1000.0
6824.0,0.868079,2.24572658124899E-10,6824.0,18.0,1.0,1.585361922380491,1.0,2.0,1.0,1.0,6824.0,1000.0
6825.0,0.868187,2.2460059780213747E-10,6825.0,18.0,1.0,1.5851296349193362,1.0,2.0,1.0,1.0,6825.0,1000.0
6826.0,0.868295,2.2462853747937593E-10,6826.0,18.0,1.0,1.584897415517795,1.0,2.0,1.0,1.0,6826.0,1000.0
6827.0,0.868389,2.24652855346602E-10,6827.0,18.0,1.0,1.5846652641459602,1.0,2.0,1.0,1.0,6827.0,1000.0
6828.0,0.868478,2.2467587971025222E-10,6828.0,18.0,1.0,1.5844331807739411,1.0,2.0,1.0,1.0,6828.0,1000.0
6829.0,0.868569,2.2469942147533278E-10,6829.0,18.0,1.0,1.5842011653718655,1.0,2.0,1.0,1.0,6829.0,1000.0
6830.0,0.868658,2.24722445838983E-10,6830.0,18.0,1.0,1.5839692179098783,1.0,2.0,1.0,1.0,6830.0,1000.0
6831.0,0.868749,2.2474598760406355E-10,6831.0,18.0,1.0,1.5837373383581423,1.0,2.0,1.0,1.0,6831.0,1000.0
6832.0,0.868838,2.2476901196771376E-10,6832.0,18.0,1.0,1.583505526686837,1.0,2.0,1.0,1.0,6832.0,1000.0
6833.0,0.86893,2.247928124335095E-10,6833.0,18.0,1.0,1.5832737828661598,1.0,2.0,1.0,1.0,6833.0,1000.0
6834.0,0.869022,2.2481661289930522E-10,6834.0,18.0,1.0,1.5830421068663256,1.0,2.0,1.0,1.0,6834.0,1000.0
6835.0,0.869155,2.2485102009442295E-10,6835.0,18.0,1.0,1.5828104986575668,1.0,2.0,1.0,1.0,6835.0,1000.0
6836.0,0.869244,2.2487404445807316E-10,6836.0,18.0,1.0,1.582578958210133,1.0,2.0,1.0,1.0,6836.0,1000.0
6837.0,0.869333,2.2489706882172337E-10,6837.0,18.0,1.0,1.5823474854942914,1.0,2.0,1.0,1.0,6837.0,1000.0
6838.0,0.869423,2.2492035188608876E-10,6838.0,18.0,1.0,1.582116080480326,1.0,2.0,1.0,1.0,6838.0,1000.0
6839.0,0.869527,2.2494725676046653E-10,6839.0,18.0,1.0,1.5818847431385392,1.0,2.0,1.0,1.0,6839.0,1000.0
6840.0,0.869637,2.2497571383913535E-10,6840.0,18.0,1.0,1.58165347343925,1.0,2.0,1.0,1.0,6840.0,1000.0
6841.0,0.869748,2.2500442961851933E-10,6841.0,18.0,1.0,1.5814222713527948,1.0,2.0,1.0,1.0,6841.0,1000.0
6842.0,0.869857,2.2503262799647297E-10,6842.0,18.0,1.0,1.581191136849528,1.0,2.0,1.0,1.0,6842.0,1000.0
6843.0,0.869948,2.2505616976155353E-10,6843.0,18.0,1.0,1.5809600698998203,1.0,2.0,1.0,1.0,6843.0,1000.0
6844.0,0.870037,2.2507919412520374E-10,6844.0,18.0,1.0,1.5807290704740604,1.0,2.0,1.0,1.0,6844.0,1000.0
6845.0,0.870128,2.251027358902843E-10,6845.0,18.0,1.0,1.5804981385426544,1.0,2.0,1.0,1.0,6845.0,1000.0
6846.0,0.870224,2.2512757115894071E-10,6846.0,18.0,1.0,1.5802672740760253,1.0,2.0,1.0,1.0,6846.0,1000.0
6847.0,0.870313,2.2515059552259093E-10,6847.0,18.0,1.0,1.5800364770446136,1.0,2.0,1.0,1.0,6847.0,1000.0
6848.0,0.870402,2.2517361988624114E-10,6848.0,18.0,1.0,1.579805747418877,1.0,2.0,1.0,1.0,6848.0,1000.0
6849.0,0.870491,2.2519664424989135E-10,6849.0,18.0,1.0,1.5795750851692905,1.0,2.0,1.0,1.0,6849.0,1000.0
6850.0,0.870582,2.252201860149719E-10,6850.0,18.0,1.0,1.579344490266346,1.0,2.0,1.0,1.0,6850.0,1000.0
6851.0,0.870672,2.252434690793373E-10,6851.0,18.0,1.0,1.5791139626805533,1.0,2.0,1.0,1.0,6851.0,1000.0
6852.0,0.870761,2.252664934429875E-10,6852.0,18.0,1.0,1.5788835023824386,1.0,2.0,1.0,1.0,6852.0,1000.0
6853.0,0.87085,2.2528951780663772E-10,6853.0,18.0,1.0,1.5786531093425462,1.0,2.0,1.0,1.0,6853.0,1000.0
6854.0,0.87094,2.253128008710031E-10,6854.0,18.0,1.0,1.578422783531437,1.0,2.0,1.0,1.0,6854.0,1000.0
6855.0,0.871055,2.2534255145324775E-10,6855.0,18.0,1.0,1.5781925249196893,1.0,2.0,1.0,1.0,6855.0,1000.0
6856.0,0.871166,2.2537126723263173E-10,6856.0,18.0,1.0,1.577962333477898,1.0,2.0,1.0,1.0,6856.0,1000.0
6857.0,0.871275,2.2539946561058537E-10,6857.0,18.0,1.0,1.5777322091766763,1.0,2.0,1.0,1.0,6857.0,1000.0
6858.0,0.871386,2.2542818138996936E-10,6858.0,18.0,1.0,1.5775021519866534,1.0,2.0,1.0,1.0,6858.0,1000.0
6859.0,0.871479,2.2545224055648026E-10,6859.0,18.0,1.0,1.5772721618784764,1.0,2.0,1.0,1.0,6859.0,1000.0
6860.0,0.871569,2.2547552362084564E-10,6860.0,18.0,1.0,1.577042238822809,1.0,2.0,1.0,1.0,6860.0,1000.0
6861.0,0.871661,2.2549932408664137E-10,6861.0,18.0,1.0,1.5768123827903322,1.0,2.0,1.0,1.0,6861.0,1000.0
6862.0,0.871751,2.2552260715100676E-10,6862.0,18.0,1.0,1.5765825937517444,1.0,2.0,1.0,1.0,6862.0,1000.0
6863.0,0.87185,2.255482185218087E-10,6863.0,18.0,1.0,1.5763528716777604,1.0,2.0,1.0,1.0,6863.0,1000.0
6864.0,0.871954,2.2557512339618647E-10,6864.0,18.0,1.0,1.5761232165391128,1.0,2.0,1.0,1.0,6864.0,1000.0
6865.0,0.872054,2.2560099346770356E-10,6865.0,18.0,1.0,1.5758936283065506,1.0,2.0,1.0,1.0,6865.0,1000.0
6866.0,0.872146,2.2562479393349929E-10,6866.0,18.0,1.0,1.5756641069508404,1.0,2.0,1.0,1.0,6866.0,1000.0
6867.0,0.872235,2.256478182971495E-10,6867.0,18.0,1.0,1.5754346524427654,1.0,2.0,1.0,1.0,6867.0,1000.0
6868.0,0.872323,2.2567058396008454E-10,6868.0,18.0,1.0,1.575205264753126,1.0,2.0,1.0,1.0,6868.0,1000.0
6869.0,0.872413,2.2569386702444992E-10,6869.0,18.0,1.0,1.5749759438527398,1.0,2.0,1.0,1.0,6869.0,1000.0
6870.0,0.872508,2.2571844359239117E-10,6870.0,18.0,1.0,1.574746689712441,1.0,2.0,1.0,1.0,6870.0,1000.0
6871.0,0.872617,2.257466419703448E-10,6871.0,18.0,1.0,1.574517502303081,1.0,2.0,1.0,1.0,6871.0,1000.0
6872.0,0.872722,2.2577380554543776E-10,6872.0,18.0,1.0,1.5742883815955282,1.0,2.0,1.0,1.0,6872.0,1000.0
6873.0,0.872831,2.258020039233914E-10,6873.0,18.0,1.0,1.5740593275606678,1.0,2.0,1.0,1.0,6873.0,1000.0
6874.0,0.872943,2.2583097840349055E-10,6874.0,18.0,1.0,1.573830340169402,1.0,2.0,1.0,1.0,6874.0,1000.0
6875.0,0.873052,2.258591767814442E-10,6875.0,18.0,1.0,1.5736014193926502,1.0,2.0,1.0,1.0,6875.0,1000.0
6876.0,0.873166,2.258886686629737E-10,6876.0,18.0,1.0,1.5733725652013482,1.0,2.0,1.0,1.0,6876.0,1000.0
6877.0,0.873276,2.259171257416425E-10,6877.0,18.0,1.0,1.573143777566449,1.0,2.0,1.0,1.0,6877.0,1000.0
6878.0,0.873386,2.2594558282031132E-10,6878.0,18.0,1.0,1.5729150564589227,1.0,2.0,1.0,1.0,6878.0,1000.0
6879.0,0.873495,2.2597378119826496E-10,6879.0,18.0,1.0,1.5726864018497557,1.0,2.0,1.0,1.0,6879.0,1000.0
6880.0,0.873606,2.2600249697764894E-10,6880.0,18.0,1.0,1.572457813709952,1.0,2.0,1.0,1.0,6880.0,1000.0
6881.0,0.87371,2.2602940185202672E-10,6881.0,18.0,1.0,1.5722292920105319,1.0,2.0,1.0,1.0,6881.0,1000.0
6882.0,0.8738,2.260526849163921E-10,6882.0,18.0,1.0,1.5720008367225327,1.0,2.0,1.0,1.0,6882.0,1000.0
6883.0,0.87389,2.2607596798075749E-10,6883.0,18.0,1.0,1.5717724478170085,1.0,2.0,1.0,1.0,6883.0,1000.0
6884.0,0.873977,2.2609847494297735E-10,6884.0,18.0,1.0,1.5715441252650304,1.0,2.0,1.0,1.0,6884.0,1000.0
6885.0,0.874065,2.261212406059124E-10,6885.0,18.0,1.0,1.5713158690376863,1.0,2.0,1.0,1.0,6885.0,1000.0
6886.0,0.87417,2.2614840418100534E-10,6886.0,18.0,1.0,1.5710876791060804,1.0,2.0,1.0,1.0,6886.0,1000.0
6887.0,0.874278,2.261763438582438E-10,6887.0,18.0,1.0,1.5708595554413343,1.0,2.0,1.0,1.0,6887.0,1000.0
6888.0,0.874387,2.2620454223619745E-10,6888.0,18.0,1.0,1.5706314980145861,1.0,2.0,1.0,1.0,6888.0,1000.0
6889.0,0.874502,2.262342928184421E-10,6889.0,18.0,1.0,1.5704035067969908,1.0,2.0,1.0,1.0,6889.0,1000.0
6890.0,0.874615,2.2626352599925643E-10,6890.0,18.0,1.0,1.5701755817597198,1.0,2.0,1.0,1.0,6890.0,1000.0
6891.0,0.874725,2.2629198307792524E-10,6891.0,18.0,1.0,1.5699477228739616,1.0,2.0,1.0,1.0,6891.0,1000.0
6892.0,0.874835,2.2632044015659405E-10,6892.0,18.0,1.0,1.5697199301109213,1.0,2.0,1.0,1.0,6892.0,1000.0
6893.0,0.874944,2.263486385345477E-10,6893.0,18.0,1.0,1.5694922034418206,1.0,2.0,1.0,1.0,6893.0,1000.0
6894.0,0.875052,2.2637657821178615E-10,6894.0,18.0,1.0,1.5692645428378982,1.0,2.0,1.0,1.0,6894.0,1000.0
6895.0,0.875162,2.2640503529045497E-10,6895.0,18.0,1.0,1.569036948270409,1.0,2.0,1.0,1.0,6895.0,1000.0
6896.0,0.875271,2.264332336684086E-10,6896.0,18.0,1.0,1.568809419710625,1.0,2.0,1.0,1.0,6896.0,1000.0
6897.0,0.875379,2.2646117334564707E-10,6897.0,18.0,1.0,1.5685819571298347,1.0,2.0,1.0,1.0,6897.0,1000.0
6898.0,0.875486,2.2648885432217037E-10,6898.0,18.0,1.0,1.5683545604993432,1.0,2.0,1.0,1.0,6898.0,1000.0
6899.0,0.875591,2.2651601789726331E-10,6899.0,18.0,1.0,1.5681272297904725,1.0,2.0,1.0,1.0,6899.0,1000.0
6900.0,0.875696,2.2654318147235626E-10,6900.0,18.0,1.0,1.5678999649745609,1.0,2.0,1.0,1.0,6900.0,1000.0
6901.0,0.875807,2.2657189725174025E-10,6901.0,18.0,1.0,1.5676727660229632,1.0,2.0,1.0,1.0,6901.0,1000.0
6902.0,0.875914,2.2659957822826354E-10,6902.0,18.0,1.0,1.5674456329070516,1.0,2.0,1.0,1.0,6902.0,1000.0
6903.0,0.876019,2.266267418033565E-10,6903.0,18.0,1.0,1.5672185655982138,1.0,2.0,1.0,1.0,6903.0,1000.0
6904.0,0.876129,2.266551988820253E-10,6904.0,18.0,1.0,1.566991564067855,1.0,2.0,1.0,1.0,6904.0,1000.0
6905.0,0.876243,2.266846907635548E-10,6905.0,18.0,1.0,1.566764628287396,1.0,2.0,1.0,1.0,6905.0,1000.0
6906.0,0.876355,2.2671366524365396E-10,6906.0,18.0,1.0,1.5665377582282753,1.0,2.0,1.0,1.0,6906.0,1000.0
6907.0,0.876473,2.2674419192804413E-10,6907.0,18.0,1.0,1.5663109538619473,1.0,2.0,1.0,1.0,6907.0,1000.0
6908.0,0.876582,2.2677239030599777E-10,6908.0,18.0,1.0,1.5660842151598826,1.0,2.0,1.0,1.0,6908.0,1000.0
6909.0,0.876689,2.2680007128252106E-10,6909.0,18.0,1.0,1.5658575420935692,1.0,2.0,1.0,1.0,6909.0,1000.0
6910.0,0.876799,2.2682852836118987E-10,6910.0,18.0,1.0,1.5656309346345108,1.0,2.0,1.0,1.0,6910.0,1000.0
6911.0,0.876911,2.2685750284128903E-10,6911.0,18.0,1.0,1.565404392754228,1.0,2.0,1.0,1.0,6911.0,1000.0
6912.0,0.877019,2.268854425185275E-10,6912.0,18.0,1.0,1.5651779164242579,1.0,2.0,1.0,1.0,6912.0,1000.0
6913.0,0.877131,2.2691441699862665E-10,6913.0,18.0,1.0,1.5649515056161536,1.0,2.0,1.0,1.0,6913.0,1000.0
6914.0,0.877239,2.2694235667586512E-10,6914.0,18.0,1.0,1.5647251603014853,1.0,2.0,1.0,1.0,6914.0,1000.0
6915.0,0.877349,2.2697081375453393E-10,6915.0,18.0,1.0,1.5644988804518394,1.0,2.0,1.0,1.0,6915.0,1000.0
6916.0,0.877457,2.269987534317724E-10,6916.0,18.0,1.0,1.5642726660388186,1.0,2.0,1.0,1.0,6916.0,1000.0
6917.0,0.87757,2.2702798661258673E-10,6917.0,18.0,1.0,1.564046517034042,1.0,2.0,1.0,1.0,6917.0,1000.0
6918.0,0.877678,2.270559262898252E-10,6918.0,18.0,1.0,1.5638204334091457,1.0,2.0,1.0,1.0,6918.0,1000.0
6919.0,0.87779,2.2708490076992435E-10,6919.0,18.0,1.0,1.5635944151357812,1.0,2.0,1.0,1.0,6919.0,1000.0
6920.0,0.877898,2.2711284044716282E-10,6920.0,18.0,1.0,1.563368462185617,1.0,2.0,1.0,1.0,6920.0,1000.0
6921.0,0.87801,2.2714181492726197E-10,6921.0,18.0,1.0,1.563142574530338,1.0,2.0,1.0,1.0,6921.0,1000.0
6922.0,0.87812,2.2717027200593079E-10,6922.0,18.0,1.0,1.5629167521416454,1.0,2.0,1.0,1.0,6922.0,1000.0
6923.0,0.87823,2.271987290845996E-10,6923.0,18.0,1.0,1.5626909949912566,1.0,2.0,1.0,1.0,6923.0,1000.0
6924.0,0.87834,2.272271861632684E-10,6924.0,18.0,1.0,1.5624653030509055,1.0,2.0,1.0,1.0,6924.0,1000.0
6925.0,0.87845,2.2725564324193722E-10,6925.0,18.0,1.0,1.5622396762923423,1.0,2.0,1.0,1.0,6925.0,1000.0
6926.0,0.878562,2.2728461772203638E-10,6926.0,18.0,1.0,1.5620141146873332,1.0,2.0,1.0,1.0,6926.0,1000.0
6927.0,0.878672,2.273130748007052E-10,6927.0,18.0,1.0,1.5617886182076612,1.0,2.0,1.0,1.0,6927.0,1000.0
6928.0,0.878785,2.2734230798151952E-10,6928.0,18.0,1.0,1.5615631868251256,1.0,2.0,1.0,1.0,6928.0,1000.0
6929.0,0.878893,2.2737024765875799E-10,6929.0,18.0,1.0,1.5613378205115414,1.0,2.0,1.0,1.0,6929.0,1000.0
6930.0,0.879,2.2739792863528128E-10,6930.0,18.0,1.0,1.5611125192387403,1.0,2.0,1.0,1.0,6930.0,1000.0
6931.0,0.87911,2.274263857139501E-10,6931.0,18.0,1.0,1.56088728297857,1.0,2.0,1.0,1.0,6931.0,1000.0
6932.0,0.879215,2.2745354928904304E-10,6932.0,18.0,1.0,1.5606621117028951,1.0,2.0,1.0,1.0,6932.0,1000.0
6933.0,0.879324,2.2748174766699668E-10,6933.0,18.0,1.0,1.5604370053835959,1.0,2.0,1.0,1.0,6933.0,1000.0
6934.0,0.87943,2.275091699428048E-10,6934.0,18.0,1.0,1.5602119639925685,1.0,2.0,1.0,1.0,6934.0,1000.0
6935.0,0.879538,2.2753710962004327E-10,6935.0,18.0,1.0,1.559986987501726,1.0,2.0,1.0,1.0,6935.0,1000.0
6936.0,0.879643,2.2756427319513622E-10,6936.0,18.0,1.0,1.5597620758829973,1.0,2.0,1.0,1.0,6936.0,1000.0
6937.0,0.879751,2.2759221287237468E-10,6937.0,18.0,1.0,1.5595372291083278,1.0,2.0,1.0,1.0,6937.0,1000.0
6938.0,0.879858,2.2761989384889798E-10,6938.0,18.0,1.0,1.5593124471496784,1.0,2.0,1.0,1.0,6938.0,1000.0
6939.0,0.879965,2.2764757482542127E-10,6939.0,18.0,1.0,1.5590877299790271,1.0,2.0,1.0,1.0,6939.0,1000.0
6940.0,0.880071,2.276749971012294E-10,6940.0,18.0,1.0,1.5588630775683674,1.0,2.0,1.0,1.0,6940.0,1000.0
6941.0,0.880181,2.277034541798982E-10,6941.0,18.0,1.0,1.558638489889709,1.0,2.0,1.0,1.0,6941.0,1000.0
6942.0,0.880291,2.2773191125856701E-10,6942.0,18.0,1.0,1.5584139669150778,1.0,2.0,1.0,1.0,6942.0,1000.0
6943.0,0.880401,2.2776036833723583E-10,6943.0,18.0,1.0,1.5581895086165158,1.0,2.0,1.0,1.0,6943.0,1000.0
6944.0,0.880508,2.2778804931375912E-10,6944.0,18.0,1.0,1.5579651149660814,1.0,2.0,1.0,1.0,6944.0,1000.0
6945.0,0.880617,2.2781624769171276E-10,6945.0,18.0,1.0,1.5577407859358487,1.0,2.0,1.0,1.0,6945.0,1000.0
6946.0,0.880722,2.278434112668057E-10,6946.0,18.0,1.0,1.557516521497908,1.0,2.0,1.0,1.0,6946.0,1000.0
6947.0,0.880829,2.27871092243329E-10,6947.0,18.0,1.0,1.557292321624366,1.0,2.0,1.0,1.0,6947.0,1000.0
6948.0,0.880935,2.2789851451913712E-10,6948.0,18.0,1.0,1.5570681862873446,1.0,2.0,1.0,1.0,6948.0,1000.0
6949.0,0.881044,2.2792671289709076E-10,6949.0,18.0,1.0,1.5568441154589825,1.0,2.0,1.0,1.0,6949.0,1000.0
6950.0,0.881153,2.279549112750444E-10,6950.0,18.0,1.0,1.5566201091114344,1.0,2.0,1.0,1.0,6950.0,1000.0
6951.0,0.881264,2.2798362705442838E-10,6951.0,18.0,1.0,1.556396167216871,1.0,2.0,1.0,1.0,6951.0,1000.0
6952.0,0.881374,2.280120841330972E-10,6952.0,18.0,1.0,1.5561722897474783,1.0,2.0,1.0,1.0,6952.0,1000.0
6953.0,0.881482,2.2804002381033566E-10,6953.0,18.0,1.0,1.5559484766754594,1.0,2.0,1.0,1.0,6953.0,1000.0
6954.0,0.88159,2.2806796348757413E-10,6954.0,18.0,1.0,1.5557247279730326,1.0,2.0,1.0,1.0,6954.0,1000.0
6955.0,0.881699,2.2809616186552777E-10,6955.0,18.0,1.0,1.5555010436124328,1.0,2.0,1.0,1.0,6955.0,1000.0
6956.0,0.881808,2.281243602434814E-10,6956.0,18.0,1.0,1.55527742356591,1.0,2.0,1.0,1.0,6956.0,1000.0
6957.0,0.881921,2.2815359342429574E-10,6957.0,18.0,1.0,1.5550538678057308,1.0,2.0,1.0,1.0,6957.0,1000.0
6958.0,0.88203,2.2818179180224938E-10,6958.0,18.0,1.0,1.554830376304178,1.0,2.0,1.0,1.0,6958.0,1000.0
6959.0,0.882141,2.2821050758163336E-10,6959.0,18.0,1.0,1.5546069490335492,1.0,2.0,1.0,1.0,6959.0,1000.0
6960.0,0.882251,2.2823896466030217E-10,6960.0,18.0,1.0,1.5543835859661594,1.0,2.0,1.0,1.0,6960.0,1000.0
6961.0,0.882361,2.2826742173897098E-10,6961.0,18.0,1.0,1.5541602870743385,1.0,2.0,1.0,1.0,6961.0,1000.0
6962.0,0.882471,2.282958788176398E-10,6962.0,18.0,1.0,1.5539370523304323,1.0,2.0,1.0,1.0,6962.0,1000.0
6963.0,0.882583,2.2832485329773895E-10,6963.0,18.0,1.0,1.553713881706803,1.0,2.0,1.0,1.0,6963.0,1000.0
6964.0,0.88269,2.2835253427426225E-10,6964.0,18.0,1.0,1.5534907751758285,1.0,2.0,1.0,1.0,6964.0,1000.0
6965.0,0.882803,2.2838176745507658E-10,6965.0,18.0,1.0,1.5532677327099023,1.0,2.0,1.0,1.0,6965.0,1000.0
6966.0,0.882916,2.284110006358909E-10,6966.0,18.0,1.0,1.553044754281434,1.0,2.0,1.0,1.0,6966.0,1000.0
6967.0,0.883027,2.284397164152749E-10,6967.0,18.0,1.0,1.552821839862849,1.0,2.0,1.0,1.0,6967.0,1000.0
6968.0,0.883137,2.284681734939437E-10,6968.0,18.0,1.0,1.5525989894265886,1.0,2.0,1.0,1.0,6968.0,1000.0
6969.0,0.883246,2.2849637187189734E-10,6969.0,18.0,1.0,1.5523762029451098,1.0,2.0,1.0,1.0,6969.0,1000.0
6970.0,0.883353,2.2852405284842064E-10,6970.0,18.0,1.0,1.5521534803908852,1.0,2.0,1.0,1.0,6970.0,1000.0
6971.0,0.883461,2.285519925256591E-10,6971.0,18.0,1.0,1.5519308217364036,1.0,2.0,1.0,1.0,6971.0,1000.0
6972.0,0.883571,2.2858044960432791E-10,6972.0,18.0,1.0,1.5517082269541695,1.0,2.0,1.0,1.0,6972.0,1000.0
6973.0,0.883682,2.286091653837119E-10,6973.0,18.0,1.0,1.551485696016703,1.0,2.0,1.0,1.0,6973.0,1000.0
6974.0,0.883792,2.286376224623807E-10,6974.0,18.0,1.0,1.55126322889654,1.0,2.0,1.0,1.0,6974.0,1000.0
6975.0,0.883906,2.286671143439102E-10,6975.0,18.0,1.0,1.5510408255662322,1.0,2.0,1.0,1.0,6975.0,1000.0
6976.0,0.884017,2.286958301232942E-10,6976.0,18.0,1.0,1.5508184859983472,1.0,2.0,1.0,1.0,6976.0,1000.0
6977.0,0.884127,2.28724287201963E-10,6977.0,18.0,1.0,1.550596210165468,1.0,2.0,1.0,1.0,6977.0,1000.0
6978.0,0.884233,2.2875170947777113E-10,6978.0,18.0,1.0,1.5503739980401934,1.0,2.0,1.0,1.0,6978.0,1000.0
6979.0,0.884341,2.287796491550096E-10,6979.0,18.0,1.0,1.5501518495951383,1.0,2.0,1.0,1.0,6979.0,1000.0
6980.0,0.884448,2.288073301315329E-10,6980.0,18.0,1.0,1.5499297648029327,1.0,2.0,1.0,1.0,6980.0,1000.0
6981.0,0.884558,2.288357872102017E-10,6981.0,18.0,1.0,1.5497077436362225,1.0,2.0,1.0,1.0,6981.0,1000.0
6982.0,0.884668,2.2886424428887051E-10,6982.0,18.0,1.0,1.5494857860676696,1.0,2.0,1.0,1.0,6982.0,1000.0
6983.0,0.884781,2.2889347746968484E-10,6983.0,18.0,1.0,1.5492638920699513,1.0,2.0,1.0,1.0,6983.0,1000.0
6984.0,0.88489,2.2892167584763848E-10,6984.0,18.0,1.0,1.5490420616157603,1.0,2.0,1.0,1.0,6984.0,1000.0
6985.0,0.885,2.289501329263073E-10,6985.0,18.0,1.0,1.5488202946778054,1.0,2.0,1.0,1.0,6985.0,1000.0
6986.0,0.88511,2.289785900049761E-10,6986.0,18.0,1.0,1.5485985912288105,1.0,2.0,1.0,1.0,6986.0,1000.0
6987.0,0.885224,2.290080818865056E-10,6987.0,18.0,1.0,1.5483769512415155,1.0,2.0,1.0,1.0,6987.0,1000.0
6988.0,0.885338,2.290375737680351E-10,6988.0,18.0,1.0,1.5481553746886763,1.0,2.0,1.0,1.0,6988.0,1000.0
6989.0,0.885454,2.2906758305099493E-10,6989.0,18.0,1.0,1.5479338615430633,1.0,2.0,1.0,1.0,6989.0,1000.0
6990.0,0.88557,2.2909759233395475E-10,6990.0,18.0,1.0,1.5477124117774634,1.0,2.0,1.0,1.0,6990.0,1000.0
6991.0,0.885688,2.2912811901834492E-10,6991.0,18.0,1.0,1.5474910253646788,1.0,2.0,1.0,1.0,6991.0,1000.0
6992.0,0.885805,2.2915838700201992E-10,6992.0,18.0,1.0,1.547269702277527,1.0,2.0,1.0,1.0,6992.0,1000.0
6993.0,0.88592,2.2918813758426457E-10,6993.0,18.0,1.0,1.5470484424888415,1.0,2.0,1.0,1.0,6993.0,1000.0
6994.0,0.886034,2.2921762946579407E-10,6994.0,18.0,1.0,1.5468272459714711,1.0,2.0,1.0,1.0,6994.0,1000.0
6995.0,0.886149,2.2924738004803872E-10,6995.0,18.0,1.0,1.5466061126982802,1.0,2.0,1.0,1.0,6995.0,1000.0
6996.0,0.886261,2.2927635452813787E-10,6996.0,18.0,1.0,1.5463850426421484,1.0,2.0,1.0,1.0,6996.0,1000.0
6997.0,0.886388,2.293092095189646E-10,6997.0,18.0,1.0,1.5461640357759712,1.0,2.0,1.0,1.0,6997.0,1000.0
6998.0,0.886531,2.2934620372123405E-10,6998.0,18.0,1.0,1.5459430920726593,1.0,2.0,1.0,1.0,6998.0,1000.0
6999.0,0.886676,2.2938371532493383E-10,6999.0,18.0,1.0,1.5457222115051392,1.0,2.0,1.0,1.0,6999.0,1000.0
7000.0,0.886814,2.2941941602362743E-10,7000.0,18.0,1.0,1.545501394046353,1.0,2.0,1.0,1.0,7000.0,1000.0
7001.0,0.88695,2.2945459932089067E-10,7001.0,18.0,1.0,1.545280639669257,1.0,2.0,1.0,1.0,7001.0,1000.0
7002.0,0.88708,2.294882304138629E-10,7002.0,18.0,1.0,1.5450599483468253,1.0,2.0,1.0,1.0,7002.0,1000.0
7003.0,0.887217,2.295236724118413E-10,7003.0,18.0,1.0,1.5448393200520447,1.0,2.0,1.0,1.0,7003.0,1000.0
7004.0,0.88743,2.2957877566417272E-10,7004.0,18.0,1.0,1.5446187547579198,1.0,2.0,1.0,1.0,7004.0,1000.0
7005.0,0.887547,2.2960904364784772E-10,7005.0,18.0,1.0,1.5443982524374689,1.0,2.0,1.0,1.0,7005.0,1000.0
7006.0,0.887687,2.2964526174797166E-10,7006.0,18.0,1.0,1.5441778130637267,1.0,2.0,1.0,1.0,7006.0,1000.0
7007.0,0.8878,2.29674494928786E-10,7007.0,18.0,1.0,1.543957436609743,1.0,2.0,1.0,1.0,7007.0,1000.0
7008.0,0.887911,2.2970321070816997E-10,7008.0,18.0,1.0,1.543737123048583,1.0,2.0,1.0,1.0,7008.0,1000.0
7009.0,0.888023,2.2973218518826913E-10,7009.0,18.0,1.0,1.543516872353327,1.0,2.0,1.0,1.0,7009.0,1000.0
7010.0,0.888132,2.2976038356622277E-10,7010.0,18.0,1.0,1.5432966844970712,1.0,2.0,1.0,1.0,7010.0,1000.0
7011.0,0.88824,2.2978832324346124E-10,7011.0,18.0,1.0,1.5430765594529268,1.0,2.0,1.0,1.0,7011.0,1000.0
7012.0,0.88833,2.2981160630782662E-10,7012.0,18.0,1.0,1.5428564971940202,1.0,2.0,1.0,1.0,7012.0,1000.0
7013.0,0.88842,2.29834889372192E-10,7013.0,18.0,1.0,1.5426364976934934,1.0,2.0,1.0,1.0,7013.0,1000.0
7014.0,0.888513,2.298589485387029E-10,7014.0,18.0,1.0,1.5424165609245037,1.0,2.0,1.0,1.0,7014.0,1000.0
7015.0,0.888605,2.2988274900449864E-10,7015.0,18.0,1.0,1.5421966868602237,1.0,2.0,1.0,1.0,7015.0,1000.0
7016.0,0.888697,2.2990654947029437E-10,7016.0,18.0,1.0,1.5419768754738412,1.0,2.0,1.0,1.0,7016.0,1000.0
7017.0,0.888786,2.2992957383394458E-10,7017.0,18.0,1.0,1.5417571267385592,1.0,2.0,1.0,1.0,7017.0,1000.0
7018.0,0.888877,2.2995311559902514E-10,7018.0,18.0,1.0,1.5415374406275961,1.0,2.0,1.0,1.0,7018.0,1000.0
7019.0,0.888971,2.299774334662512E-10,7019.0,18.0,1.0,1.5413178171141857,1.0,2.0,1.0,1.0,7019.0,1000.0
7020.0,0.889061,2.300007165306166E-10,7020.0,18.0,1.0,1.541098256171577,1.0,2.0,1.0,1.0,7020.0,1000.0
7021.0,0.889153,2.3002451699641232E-10,7021.0,18.0,1.0,1.5408787577730336,1.0,2.0,1.0,1.0,7021.0,1000.0
7022.0,0.889241,2.3004728265934736E-10,7022.0,18.0,1.0,1.5406593218918356,1.0,2.0,1.0,1.0,7022.0,1000.0
7023.0,0.889407,2.3009022697806574E-10,7023.0,18.0,1.0,1.5404399485012772,1.0,2.0,1.0,1.0,7023.0,1000.0
7024.0,0.889522,2.301199775603104E-10,7024.0,18.0,1.0,1.5402206375746683,1.0,2.0,1.0,1.0,7024.0,1000.0
7025.0,0.889616,2.3014429542753647E-10,7025.0,18.0,1.0,1.5400013890853337,1.0,2.0,1.0,1.0,7025.0,1000.0
7026.0,0.889706,2.3016757849190185E-10,7026.0,18.0,1.0,1.539782203006614,1.0,2.0,1.0,1.0,7026.0,1000.0
7027.0,0.8898,2.3019189635912792E-10,7027.0,18.0,1.0,1.5395630793118642,1.0,2.0,1.0,1.0,7027.0,1000.0
7028.0,0.88989,2.302151794234933E-10,7028.0,18.0,1.0,1.539344017974455,1.0,2.0,1.0,1.0,7028.0,1000.0
7029.0,0.889984,2.3023949729071938E-10,7029.0,18.0,1.0,1.539125018967772,1.0,2.0,1.0,1.0,7029.0,1000.0
7030.0,0.890077,2.3026355645723029E-10,7030.0,18.0,1.0,1.538906082265216,1.0,2.0,1.0,1.0,7030.0,1000.0
7031.0,0.890171,2.3028787432445636E-10,7031.0,18.0,1.0,1.5386872078402034,1.0,2.0,1.0,1.0,7031.0,1000.0
7032.0,0.89026,2.3031089868810657E-10,7032.0,18.0,1.0,1.5384683956661647,1.0,2.0,1.0,1.0,7032.0,1000.0
7033.0,0.890351,2.3033444045318713E-10,7033.0,18.0,1.0,1.5382496457165462,1.0,2.0,1.0,1.0,7033.0,1000.0
7034.0,0.890441,2.3035772351755251E-10,7034.0,18.0,1.0,1.5380309579648095,1.0,2.0,1.0,1.0,7034.0,1000.0
7035.0,0.890532,2.3038126528263307E-10,7035.0,18.0,1.0,1.5378123323844306,1.0,2.0,1.0,1.0,7035.0,1000.0
7036.0,0.890621,2.3040428964628328E-10,7036.0,18.0,1.0,1.5375937689489012,1.0,2.0,1.0,1.0,7036.0,1000.0
7037.0,0.89071,2.304273140099335E-10,7037.0,18.0,1.0,1.537375267631728,1.0,2.0,1.0,1.0,7037.0,1000.0
7038.0,0.890798,2.3045007967286853E-10,7038.0,18.0,1.0,1.537156828406432,1.0,2.0,1.0,1.0,7038.0,1000.0
7039.0,0.890889,2.304736214379491E-10,7039.0,18.0,1.0,1.5369384512465507,1.0,2.0,1.0,1.0,7039.0,1000.0
7040.0,0.89098,2.3049716320302965E-10,7040.0,18.0,1.0,1.5367201361256349,1.0,2.0,1.0,1.0,7040.0,1000.0
7041.0,0.891072,2.3052096366882538E-10,7041.0,18.0,1.0,1.5365018830172517,1.0,2.0,1.0,1.0,7041.0,1000.0
7042.0,0.89116,2.3054372933176042E-10,7042.0,18.0,1.0,1.536283691894983,1.0,2.0,1.0,1.0,7042.0,1000.0
7043.0,0.891252,2.3056752979755615E-10,7043.0,18.0,1.0,1.5360655627324251,1.0,2.0,1.0,1.0,7043.0,1000.0
7044.0,0.891342,2.3059081286192153E-10,7044.0,18.0,1.0,1.53584749550319,1.0,2.0,1.0,1.0,7044.0,1000.0
7045.0,0.891441,2.3061642423272347E-10,7045.0,18.0,1.0,1.5356294901809042,1.0,2.0,1.0,1.0,7045.0,1000.0
7046.0,0.89153,2.3063944859637368E-10,7046.0,18.0,1.0,1.5354115467392095,1.0,2.0,1.0,1.0,7046.0,1000.0
7047.0,0.891622,2.306632490621694E-10,7047.0,18.0,1.0,1.5351936651517624,1.0,2.0,1.0,1.0,7047.0,1000.0
7048.0,0.891714,2.3068704952796514E-10,7048.0,18.0,1.0,1.5349758453922346,1.0,2.0,1.0,1.0,7048.0,1000.0
7049.0,0.891802,2.3070981519090018E-10,7049.0,18.0,1.0,1.5347580874343125,1.0,2.0,1.0,1.0,7049.0,1000.0
7050.0,0.891892,2.3073309825526556E-10,7050.0,18.0,1.0,1.5345403912516977,1.0,2.0,1.0,1.0,7050.0,1000.0
7051.0,0.891986,2.3075741612249164E-10,7051.0,18.0,1.0,1.5343227568181066,1.0,2.0,1.0,1.0,7051.0,1000.0
7052.0,0.892074,2.3078018178542668E-10,7052.0,18.0,1.0,1.5341051841072701,1.0,2.0,1.0,1.0,7052.0,1000.0
7053.0,0.892164,2.3080346484979206E-10,7053.0,18.0,1.0,1.533887673092935,1.0,2.0,1.0,1.0,7053.0,1000.0
7054.0,0.892254,2.3082674791415745E-10,7054.0,18.0,1.0,1.5336702237488615,1.0,2.0,1.0,1.0,7054.0,1000.0
7055.0,0.892343,2.3084977227780766E-10,7055.0,18.0,1.0,1.5334528360488262,1.0,2.0,1.0,1.0,7055.0,1000.0
7056.0,0.892432,2.3087279664145787E-10,7056.0,18.0,1.0,1.53323550996662,1.0,2.0,1.0,1.0,7056.0,1000.0
7057.0,0.892523,2.3089633840653843E-10,7057.0,18.0,1.0,1.533018245476048,1.0,2.0,1.0,1.0,7057.0,1000.0
7058.0,0.892616,2.3092039757304933E-10,7058.0,18.0,1.0,1.5328010425509309,1.0,2.0,1.0,1.0,7058.0,1000.0
7059.0,0.892707,2.309439393381299E-10,7059.0,18.0,1.0,1.5325839011651041,1.0,2.0,1.0,1.0,7059.0,1000.0
7060.0,0.892797,2.3096722240249527E-10,7060.0,18.0,1.0,1.5323668212924177,1.0,2.0,1.0,1.0,7060.0,1000.0
7061.0,0.89289,2.3099128156900617E-10,7061.0,18.0,1.0,1.5321498029067369,1.0,2.0,1.0,1.0,7061.0,1000.0
7062.0,0.892979,2.3101430593265639E-10,7062.0,18.0,1.0,1.5319328459819412,1.0,2.0,1.0,1.0,7062.0,1000.0
7063.0,0.89307,2.3103784769773694E-10,7063.0,18.0,1.0,1.5317159504919255,1.0,2.0,1.0,1.0,7063.0,1000.0
7064.0,0.893162,2.3106164816353267E-10,7064.0,18.0,1.0,1.5314991164105987,1.0,2.0,1.0,1.0,7064.0,1000.0
7065.0,0.893254,2.310854486293284E-10,7065.0,18.0,1.0,1.5312823437118852,1.0,2.0,1.0,1.0,7065.0,1000.0
7066.0,0.893345,2.3110899039440896E-10,7066.0,18.0,1.0,1.531065632369724,1.0,2.0,1.0,1.0,7066.0,1000.0
7067.0,0.893438,2.3113304956091986E-10,7067.0,18.0,1.0,1.5308489823580684,1.0,2.0,1.0,1.0,7067.0,1000.0
7068.0,0.893527,2.3115607392457007E-10,7068.0,18.0,1.0,1.530632393650887,1.0,2.0,1.0,1.0,7068.0,1000.0
7069.0,0.893616,2.3117909828822029E-10,7069.0,18.0,1.0,1.530415866222163,1.0,2.0,1.0,1.0,7069.0,1000.0
7070.0,0.893706,2.3120238135258567E-10,7070.0,18.0,1.0,1.5301994000458938,1.0,2.0,1.0,1.0,7070.0,1000.0
7071.0,0.893796,2.3122566441695105E-10,7071.0,18.0,1.0,1.5299829950960924,1.0,2.0,1.0,1.0,7071.0,1000.0
7072.0,0.893888,2.3124946488274678E-10,7072.0,18.0,1.0,1.5297666513467858,1.0,2.0,1.0,1.0,7072.0,1000.0
7073.0,0.893976,2.3127223054568182E-10,7073.0,18.0,1.0,1.529550368772016,1.0,2.0,1.0,1.0,7073.0,1000.0
7074.0,0.894067,2.3129577231076238E-10,7074.0,18.0,1.0,1.5293341473458397,1.0,2.0,1.0,1.0,7074.0,1000.0
7075.0,0.894156,2.313187966744126E-10,7075.0,18.0,1.0,1.529117987042328,1.0,2.0,1.0,1.0,7075.0,1000.0
7076.0,0.894247,2.3134233843949315E-10,7076.0,18.0,1.0,1.5289018878355667,1.0,2.0,1.0,1.0,7076.0,1000.0
7077.0,0.894337,2.3136562150385853E-10,7077.0,18.0,1.0,1.5286858496996565,1.0,2.0,1.0,1.0,7077.0,1000.0
7078.0,0.894425,2.3138838716679357E-10,7078.0,18.0,1.0,1.528469872608713,1.0,2.0,1.0,1.0,7078.0,1000.0
7079.0,0.894516,2.3141192893187413E-10,7079.0,18.0,1.0,1.5282539565368654,1.0,2.0,1.0,1.0,7079.0,1000.0
7080.0,0.894605,2.3143495329552434E-10,7080.0,18.0,1.0,1.5280381014582585,1.0,2.0,1.0,1.0,7080.0,1000.0
7081.0,0.894696,2.314584950606049E-10,7081.0,18.0,1.0,1.5278223073470512,1.0,2.0,1.0,1.0,7081.0,1000.0
7082.0,0.894787,2.3148203682568546E-10,7082.0,18.0,1.0,1.5276065741774174,1.0,2.0,1.0,1.0,7082.0,1000.0
7083.0,0.894876,2.3150506118933567E-10,7083.0,18.0,1.0,1.527390901923545,1.0,2.0,1.0,1.0,7083.0,1000.0
7084.0,0.894974,2.3153041385942243E-10,7084.0,18.0,1.0,1.5271752905596372,1.0,2.0,1.0,1.0,7084.0,1000.0
7085.0,0.895064,2.3155369692378782E-10,7085.0,18.0,1.0,1.526959740059911,1.0,2.0,1.0,1.0,7085.0,1000.0
7086.0,0.895154,2.315769799881532E-10,7086.0,18.0,1.0,1.5267442503985986,1.0,2.0,1.0,1.0,7086.0,1000.0
7087.0,0.895245,2.3160052175323376E-10,7087.0,18.0,1.0,1.5265288215499464,1.0,2.0,1.0,1.0,7087.0,1000.0
7088.0,0.895338,2.3162458091974466E-10,7088.0,18.0,1.0,1.5263134534882152,1.0,2.0,1.0,1.0,7088.0,1000.0
7089.0,0.895427,2.3164760528339487E-10,7089.0,18.0,1.0,1.5260981461876808,1.0,2.0,1.0,1.0,7089.0,1000.0
7090.0,0.895518,2.3167114704847543E-10,7090.0,18.0,1.0,1.5258828996226332,1.0,2.0,1.0,1.0,7090.0,1000.0
7091.0,0.895608,2.3169443011284081E-10,7091.0,18.0,1.0,1.5256677137673769,1.0,2.0,1.0,1.0,7091.0,1000.0
7092.0,0.895699,2.3171797187792137E-10,7092.0,18.0,1.0,1.525452588596231,1.0,2.0,1.0,1.0,7092.0,1000.0
7093.0,0.895788,2.3174099624157158E-10,7093.0,18.0,1.0,1.5252375240835288,1.0,2.0,1.0,1.0,7093.0,1000.0
7094.0,0.895878,2.3176427930593697E-10,7094.0,18.0,1.0,1.5250225202036185,1.0,2.0,1.0,1.0,7094.0,1000.0
7095.0,0.895969,2.3178782107101752E-10,7095.0,18.0,1.0,1.5248075769308624,1.0,2.0,1.0,1.0,7095.0,1000.0
7096.0,0.896058,2.3181084543466774E-10,7096.0,18.0,1.0,1.5245926942396377,1.0,2.0,1.0,1.0,7096.0,1000.0
7097.0,0.896147,2.3183386979831795E-10,7097.0,18.0,1.0,1.5243778721043355,1.0,2.0,1.0,1.0,7097.0,1000.0
7098.0,0.896236,2.3185689416196816E-10,7098.0,18.0,1.0,1.5241631104993618,1.0,2.0,1.0,1.0,7098.0,1000.0
7099.0,0.896326,2.3188017722633354E-10,7099.0,18.0,1.0,1.5239484093991364,1.0,2.0,1.0,1.0,7099.0,1000.0
7100.0,0.896415,2.3190320158998376E-10,7100.0,18.0,1.0,1.5237337687780943,1.0,2.0,1.0,1.0,7100.0,1000.0
7101.0,0.896507,2.3192700205577949E-10,7101.0,18.0,1.0,1.5235191886106845,1.0,2.0,1.0,1.0,7101.0,1000.0
7102.0,0.896596,2.319500264194297E-10,7102.0,18.0,1.0,1.52330466887137,1.0,2.0,1.0,1.0,7102.0,1000.0
7103.0,0.896687,2.3197356818451025E-10,7103.0,18.0,1.0,1.523090209534629,1.0,2.0,1.0,1.0,7103.0,1000.0
7104.0,0.896776,2.3199659254816047E-10,7104.0,18.0,1.0,1.5228758105749536,1.0,2.0,1.0,1.0,7104.0,1000.0
7105.0,0.896865,2.3201961691181068E-10,7105.0,18.0,1.0,1.52266147196685,1.0,2.0,1.0,1.0,7105.0,1000.0
7106.0,0.896955,2.3204289997617606E-10,7106.0,18.0,1.0,1.5224471936848396,1.0,2.0,1.0,1.0,7106.0,1000.0
7107.0,0.897044,2.3206592433982627E-10,7107.0,18.0,1.0,1.5222329757034572,1.0,2.0,1.0,1.0,7107.0,1000.0
7108.0,0.897136,2.32089724805622E-10,7108.0,18.0,1.0,1.5220188179972522,1.0,2.0,1.0,1.0,7108.0,1000.0
7109.0,0.897226,2.321130078699874E-10,7109.0,18.0,1.0,1.5218047205407892,1.0,2.0,1.0,1.0,7109.0,1000.0
7110.0,0.897319,2.321370670364983E-10,7110.0,18.0,1.0,1.5215906833086454,1.0,2.0,1.0,1.0,7110.0,1000.0
7111.0,0.89741,2.3216060880157885E-10,7111.0,18.0,1.0,1.521376706275414,1.0,2.0,1.0,1.0,7111.0,1000.0
7112.0,0.8975,2.3218389186594423E-10,7112.0,18.0,1.0,1.5211627894157016,1.0,2.0,1.0,1.0,7112.0,1000.0
7113.0,0.897589,2.3220691622959444E-10,7113.0,18.0,1.0,1.520948932704129,1.0,2.0,1.0,1.0,7113.0,1000.0
7114.0,0.897679,2.3223019929395983E-10,7114.0,18.0,1.0,1.5207351361153316,1.0,2.0,1.0,1.0,7114.0,1000.0
7115.0,0.897769,2.322534823583252E-10,7115.0,18.0,1.0,1.5205213996239593,1.0,2.0,1.0,1.0,7115.0,1000.0
7116.0,0.89786,2.3227702412340577E-10,7116.0,18.0,1.0,1.5203077232046753,1.0,2.0,1.0,1.0,7116.0,1000.0
7117.0,0.897949,2.3230004848705598E-10,7117.0,18.0,1.0,1.520094106832158,1.0,2.0,1.0,1.0,7117.0,1000.0
7118.0,0.898038,2.323230728507062E-10,7118.0,18.0,1.0,1.5198805504811,1.0,2.0,1.0,1.0,7118.0,1000.0
7119.0,0.898127,2.323460972143564E-10,7119.0,18.0,1.0,1.5196670541262074,1.0,2.0,1.0,1.0,7119.0,1000.0
7120.0,0.898217,2.323693802787218E-10,7120.0,18.0,1.0,1.519453617742201,1.0,2.0,1.0,1.0,7120.0,1000.0
7121.0,0.898308,2.3239292204380235E-10,7121.0,18.0,1.0,1.5192402413038155,1.0,2.0,1.0,1.0,7121.0,1000.0
7122.0,0.898398,2.3241620510816773E-10,7122.0,18.0,1.0,1.5190269247858004,1.0,2.0,1.0,1.0,7122.0,1000.0
7123.0,0.898497,2.3244181647896967E-10,7123.0,18.0,1.0,1.5188136681629187,1.0,2.0,1.0,1.0,7123.0,1000.0
7124.0,0.898595,2.3246716914905643E-10,7124.0,18.0,1.0,1.518600471409948,1.0,2.0,1.0,1.0,7124.0,1000.0
7125.0,0.898684,2.3249019351270665E-10,7125.0,18.0,1.0,1.5183873345016798,1.0,2.0,1.0,1.0,7125.0,1000.0
7126.0,0.898774,2.3251347657707203E-10,7126.0,18.0,1.0,1.5181742574129202,1.0,2.0,1.0,1.0,7126.0,1000.0
7127.0,0.898863,2.3253650094072224E-10,7127.0,18.0,1.0,1.5179612401184888,1.0,2.0,1.0,1.0,7127.0,1000.0
7128.0,0.898953,2.3255978400508763E-10,7128.0,18.0,1.0,1.5177482825932196,1.0,2.0,1.0,1.0,7128.0,1000.0
7129.0,0.899043,2.32583067069453E-10,7129.0,18.0,1.0,1.517535384811961,1.0,2.0,1.0,1.0,7129.0,1000.0
7130.0,0.899138,2.3260764363739426E-10,7130.0,18.0,1.0,1.517322546749575,1.0,2.0,1.0,1.0,7130.0,1000.0
7131.0,0.899238,2.3263351370891134E-10,7131.0,18.0,1.0,1.517109768380938,1.0,2.0,1.0,1.0,7131.0,1000.0
7132.0,0.899333,2.326580902768526E-10,7132.0,18.0,1.0,1.5168970496809409,1.0,2.0,1.0,1.0,7132.0,1000.0
7133.0,0.899426,2.326821494433635E-10,7133.0,18.0,1.0,1.5166843906244876,1.0,2.0,1.0,1.0,7133.0,1000.0
7134.0,0.899768,2.3277062508795198E-10,7134.0,18.0,1.0,1.516471791186497,1.0,2.0,1.0,1.0,7134.0,1000.0
7135.0,0.900072,2.3284927010536397E-10,7135.0,18.0,1.0,1.5162592513419018,1.0,2.0,1.0,1.0,7135.0,1000.0
7136.0,0.900178,2.328766923811721E-10,7136.0,18.0,1.0,1.5160467710656487,1.0,2.0,1.0,1.0,7136.0,1000.0
7137.0,0.900272,2.329010102483982E-10,7137.0,18.0,1.0,1.5158343503326985,1.0,2.0,1.0,1.0,7137.0,1000.0
7138.0,0.900363,2.3292455201347875E-10,7138.0,18.0,1.0,1.515621989118026,1.0,2.0,1.0,1.0,7138.0,1000.0
7139.0,0.900454,2.329480937785593E-10,7139.0,18.0,1.0,1.5154096873966199,1.0,2.0,1.0,1.0,7139.0,1000.0
7140.0,0.900548,2.329724116457854E-10,7140.0,18.0,1.0,1.515197445143483,1.0,2.0,1.0,1.0,7140.0,1000.0
7141.0,0.900641,2.329964708122963E-10,7141.0,18.0,1.0,1.5149852623336324,1.0,2.0,1.0,1.0,7141.0,1000.0
7142.0,0.90074,2.330220821830982E-10,7142.0,18.0,1.0,1.5147731389420989,1.0,2.0,1.0,1.0,7142.0,1000.0
7143.0,0.900833,2.3304614134960913E-10,7143.0,18.0,1.0,1.5145610749439269,1.0,2.0,1.0,1.0,7143.0,1000.0
7144.0,0.900926,2.3307020051612003E-10,7144.0,18.0,1.0,1.5143490703141755,1.0,2.0,1.0,1.0,7144.0,1000.0
7145.0,0.901017,2.330937422812006E-10,7145.0,18.0,1.0,1.5141371250279174,1.0,2.0,1.0,1.0,7145.0,1000.0
7146.0,0.901106,2.331167666448508E-10,7146.0,18.0,1.0,1.5139252390602393,1.0,2.0,1.0,1.0,7146.0,1000.0
7147.0,0.901197,2.3314030840993136E-10,7147.0,18.0,1.0,1.5137134123862417,1.0,2.0,1.0,1.0,7147.0,1000.0
7148.0,0.901289,2.331641088757271E-10,7148.0,18.0,1.0,1.5135016449810395,1.0,2.0,1.0,1.0,7148.0,1000.0
7149.0,0.901379,2.3318739194009247E-10,7149.0,18.0,1.0,1.5132899368197608,1.0,2.0,1.0,1.0,7149.0,1000.0
7150.0,0.90147,2.3321093370517303E-10,7150.0,18.0,1.0,1.5130782878775482,1.0,2.0,1.0,1.0,7150.0,1000.0
7151.0,0.901564,2.332352515723991E-10,7151.0,18.0,1.0,1.512866698129558,1.0,2.0,1.0,1.0,7151.0,1000.0
7152.0,0.901659,2.3325982814034035E-10,7152.0,18.0,1.0,1.5126551675509605,1.0,2.0,1.0,1.0,7152.0,1000.0
7153.0,0.90175,2.332833699054209E-10,7153.0,18.0,1.0,1.5124436961169396,1.0,2.0,1.0,1.0,7153.0,1000.0
7154.0,0.90184,2.333066529697863E-10,7154.0,18.0,1.0,1.5122322838026936,1.0,2.0,1.0,1.0,7154.0,1000.0
7155.0,0.901929,2.333296773334365E-10,7155.0,18.0,1.0,1.512020930583434,1.0,2.0,1.0,1.0,7155.0,1000.0
7156.0,0.90202,2.3335321909851706E-10,7156.0,18.0,1.0,1.5118096364343865,1.0,2.0,1.0,1.0,7156.0,1000.0
7157.0,0.902109,2.3337624346216727E-10,7157.0,18.0,1.0,1.5115984013307908,1.0,2.0,1.0,1.0,7157.0,1000.0
7158.0,0.902199,2.3339952652653266E-10,7158.0,18.0,1.0,1.5113872252479001,1.0,2.0,1.0,1.0,7158.0,1000.0
7159.0,0.902289,2.3342280959089804E-10,7159.0,18.0,1.0,1.511176108160982,1.0,2.0,1.0,1.0,7159.0,1000.0
7160.0,0.902387,2.334481622609848E-10,7160.0,18.0,1.0,1.510965050045317,1.0,2.0,1.0,1.0,7160.0,1000.0
7161.0,0.90248,2.334722214274957E-10,7161.0,18.0,1.0,1.5107540508762003,1.0,2.0,1.0,1.0,7161.0,1000.0
7162.0,0.902576,2.3349705669615213E-10,7162.0,18.0,1.0,1.5105431106289402,1.0,2.0,1.0,1.0,7162.0,1000.0
7163.0,0.902677,2.335231854683844E-10,7163.0,18.0,1.0,1.5103322292788595,1.0,2.0,1.0,1.0,7163.0,1000.0
7164.0,0.902783,2.3355060774419256E-10,7164.0,18.0,1.0,1.510121406801294,1.0,2.0,1.0,1.0,7164.0,1000.0
7165.0,0.902874,2.335741495092731E-10,7165.0,18.0,1.0,1.5099106431715938,1.0,2.0,1.0,1.0,7165.0,1000.0
7166.0,0.902965,2.3359769127435367E-10,7166.0,18.0,1.0,1.5096999383651228,1.0,2.0,1.0,1.0,7166.0,1000.0
7167.0,0.903055,2.3362097433871906E-10,7167.0,18.0,1.0,1.5094892923572583,1.0,2.0,1.0,1.0,7167.0,1000.0
7168.0,0.903147,2.336447748045148E-10,7168.0,18.0,1.0,1.5092787051233914,1.0,2.0,1.0,1.0,7168.0,1000.0
7169.0,0.903238,2.3366831656959534E-10,7169.0,18.0,1.0,1.5090681766389273,1.0,2.0,1.0,1.0,7169.0,1000.0
7170.0,0.903331,2.3369237573610625E-10,7170.0,18.0,1.0,1.5088577068792846,1.0,2.0,1.0,1.0,7170.0,1000.0
7171.0,0.903423,2.33716176201902E-10,7171.0,18.0,1.0,1.5086472958198953,1.0,2.0,1.0,1.0,7171.0,1000.0
7172.0,0.903515,2.337399766676977E-10,7172.0,18.0,1.0,1.508436943436206,1.0,2.0,1.0,1.0,7172.0,1000.0
7173.0,0.903606,2.3376351843277826E-10,7173.0,18.0,1.0,1.5082266497036763,1.0,2.0,1.0,1.0,7173.0,1000.0
7174.0,0.903696,2.3378680149714365E-10,7174.0,18.0,1.0,1.5080164145977795,1.0,2.0,1.0,1.0,7174.0,1000.0
7175.0,0.903786,2.3381008456150903E-10,7175.0,18.0,1.0,1.5078062380940027,1.0,2.0,1.0,1.0,7175.0,1000.0
7176.0,0.903879,2.3383414372801994E-10,7176.0,18.0,1.0,1.507596120167847,1.0,2.0,1.0,1.0,7176.0,1000.0
7177.0,0.903969,2.338574267923853E-10,7177.0,18.0,1.0,1.5073860607948264,1.0,2.0,1.0,1.0,7177.0,1000.0
7178.0,0.904061,2.3388122725818105E-10,7178.0,18.0,1.0,1.5071760599504695,1.0,2.0,1.0,1.0,7178.0,1000.0
7179.0,0.904155,2.339055451254071E-10,7179.0,18.0,1.0,1.5069661176103175,1.0,2.0,1.0,1.0,7179.0,1000.0
7180.0,0.90425,2.3393012169334837E-10,7180.0,18.0,1.0,1.506756233749926,1.0,2.0,1.0,1.0,7180.0,1000.0
7181.0,0.904346,2.339549569620048E-10,7181.0,18.0,1.0,1.506546408344864,1.0,2.0,1.0,1.0,7181.0,1000.0
7182.0,0.904436,2.339782400263702E-10,7182.0,18.0,1.0,1.5063366413707142,1.0,2.0,1.0,1.0,7182.0,1000.0
7183.0,0.904527,2.3400178179145073E-10,7183.0,18.0,1.0,1.5061269328030724,1.0,2.0,1.0,1.0,7183.0,1000.0
7184.0,0.904619,2.3402558225724646E-10,7184.0,18.0,1.0,1.5059172826175486,1.0,2.0,1.0,1.0,7184.0,1000.0
7185.0,0.90471,2.34049124022327E-10,7185.0,18.0,1.0,1.5057076907897662,1.0,2.0,1.0,1.0,7185.0,1000.0
7186.0,0.904802,2.3407292448812275E-10,7186.0,18.0,1.0,1.5054981572953618,1.0,2.0,1.0,1.0,7186.0,1000.0
7187.0,0.904894,2.340967249539185E-10,7187.0,18.0,1.0,1.505288682109986,1.0,2.0,1.0,1.0,7187.0,1000.0
7188.0,0.904987,2.341207841204294E-10,7188.0,18.0,1.0,1.505079265209303,1.0,2.0,1.0,1.0,7188.0,1000.0
7189.0,0.905078,2.3414432588550994E-10,7189.0,18.0,1.0,1.5048699065689901,1.0,2.0,1.0,1.0,7189.0,1000.0
7190.0,0.905169,2.341678676505905E-10,7190.0,18.0,1.0,1.5046606061647385,1.0,2.0,1.0,1.0,7190.0,1000.0
7191.0,0.905262,2.341919268171014E-10,7191.0,18.0,1.0,1.5044513639722528,1.0,2.0,1.0,1.0,7191.0,1000.0
7192.0,0.905355,2.342159859836123E-10,7192.0,18.0,1.0,1.504242179967251,1.0,2.0,1.0,1.0,7192.0,1000.0
7193.0,0.905445,2.342392690479777E-10,7193.0,18.0,1.0,1.504033054125465,1.0,2.0,1.0,1.0,7193.0,1000.0
7194.0,0.905536,2.3426281081305824E-10,7194.0,18.0,1.0,1.5038239864226397,1.0,2.0,1.0,1.0,7194.0,1000.0
7195.0,0.905627,2.342863525781388E-10,7195.0,18.0,1.0,1.5036149768345337,1.0,2.0,1.0,1.0,7195.0,1000.0
7196.0,0.905717,2.343096356425042E-10,7196.0,18.0,1.0,1.503406025336919,1.0,2.0,1.0,1.0,7196.0,1000.0
7197.0,0.90581,2.343336948090151E-10,7197.0,18.0,1.0,1.5031971319055815,1.0,2.0,1.0,1.0,7197.0,1000.0
7198.0,0.905901,2.3435723657409564E-10,7198.0,18.0,1.0,1.5029882965163197,1.0,2.0,1.0,1.0,7198.0,1000.0
7199.0,0.905991,2.3438051963846103E-10,7199.0,18.0,1.0,1.5027795191449465,1.0,2.0,1.0,1.0,7199.0,1000.0
7200.0,0.906083,2.3440432010425676E-10,7200.0,18.0,1.0,1.5025707997672875,1.0,2.0,1.0,1.0,7200.0,1000.0
7201.0,0.906175,2.344281205700525E-10,7201.0,18.0,1.0,1.502362138359182,1.0,2.0,1.0,1.0,7201.0,1000.0
7202.0,0.906266,2.3445166233513304E-10,7202.0,18.0,1.0,1.502153534896483,1.0,2.0,1.0,1.0,7202.0,1000.0
7203.0,0.906356,2.3447494539949843E-10,7203.0,18.0,1.0,1.5019449893550563,1.0,2.0,1.0,1.0,7203.0,1000.0
7204.0,0.906458,2.345013328724459E-10,7204.0,18.0,1.0,1.5017365017107815,1.0,2.0,1.0,1.0,7204.0,1000.0
7205.0,0.906549,2.3452487463752644E-10,7205.0,18.0,1.0,1.5015280719395516,1.0,2.0,1.0,1.0,7205.0,1000.0
7206.0,0.906639,2.3454815770189183E-10,7206.0,18.0,1.0,1.501319700017273,1.0,2.0,1.0,1.0,7206.0,1000.0
7207.0,0.90673,2.345716994669724E-10,7207.0,18.0,1.0,1.5011113859198653,1.0,2.0,1.0,1.0,7207.0,1000.0
7208.0,0.906824,2.3459601733419846E-10,7208.0,18.0,1.0,1.5009031296232616,1.0,2.0,1.0,1.0,7208.0,1000.0
7209.0,0.906913,2.3461904169784867E-10,7209.0,18.0,1.0,1.5006949311034081,1.0,2.0,1.0,1.0,7209.0,1000.0
7210.0,0.907003,2.3464232476221405E-10,7210.0,18.0,1.0,1.5004867903362649,1.0,2.0,1.0,1.0,7210.0,1000.0
7211.0,0.907099,2.346671600308705E-10,7211.0,18.0,1.0,1.5002787072978048,1.0,2.0,1.0,1.0,7211.0,1000.0
7212.0,0.90721,2.3469587581025443E-10,7212.0,18.0,1.0,1.5000706819640142,1.0,2.0,1.0,1.0,7212.0,1000.0
7213.0,0.907319,2.3472407418820805E-10,7213.0,18.0,1.0,1.4998627143108927,1.0,2.0,1.0,1.0,7213.0,1000.0
7214.0,0.907426,2.347517551647313E-10,7214.0,18.0,1.0,1.4996548043144537,1.0,2.0,1.0,1.0,7214.0,1000.0
7215.0,0.907533,2.347794361412546E-10,7215.0,18.0,1.0,1.4994469519507234,1.0,2.0,1.0,1.0,7215.0,1000.0
7216.0,0.90764,2.3480711711777785E-10,7216.0,18.0,1.0,1.4992391571957413,1.0,2.0,1.0,1.0,7216.0,1000.0
7217.0,0.907748,2.348350567950163E-10,7217.0,18.0,1.0,1.4990314200255603,1.0,2.0,1.0,1.0,7217.0,1000.0
7218.0,0.907856,2.3486299647225473E-10,7218.0,18.0,1.0,1.4988237404162468,1.0,2.0,1.0,1.0,7218.0,1000.0
7219.0,0.907964,2.3489093614949317E-10,7219.0,18.0,1.0,1.49861611834388,1.0,2.0,1.0,1.0,7219.0,1000.0
7220.0,0.908075,2.3491965192887713E-10,7220.0,18.0,1.0,1.4984085537845526,1.0,2.0,1.0,1.0,7220.0,1000.0
7221.0,0.908174,2.3494526329967907E-10,7221.0,18.0,1.0,1.4982010467143705,1.0,2.0,1.0,1.0,7221.0,1000.0
7222.0,0.908266,2.349690637654748E-10,7222.0,18.0,1.0,1.4979935971094531,1.0,2.0,1.0,1.0,7222.0,1000.0
7223.0,0.908357,2.3499260553055536E-10,7223.0,18.0,1.0,1.4977862049459323,1.0,2.0,1.0,1.0,7223.0,1000.0
7224.0,0.908446,2.3501562989420557E-10,7224.0,18.0,1.0,1.4975788701999542,1.0,2.0,1.0,1.0,7224.0,1000.0
7225.0,0.908537,2.350391716592861E-10,7225.0,18.0,1.0,1.4973715928476774,1.0,2.0,1.0,1.0,7225.0,1000.0
7226.0,0.908628,2.350627134243667E-10,7226.0,18.0,1.0,1.497164372865274,1.0,2.0,1.0,1.0,7226.0,1000.0
7227.0,0.908716,2.350854790873017E-10,7227.0,18.0,1.0,1.496957210228929,1.0,2.0,1.0,1.0,7227.0,1000.0
7228.0,0.908807,2.351090208523823E-10,7228.0,18.0,1.0,1.4967501049148408,1.0,2.0,1.0,1.0,7228.0,1000.0
7229.0,0.908898,2.3513256261746284E-10,7229.0,18.0,1.0,1.496543056899221,1.0,2.0,1.0,1.0,7229.0,1000.0
7230.0,0.908988,2.351558456818282E-10,7230.0,18.0,1.0,1.4963360661582945,1.0,2.0,1.0,1.0,7230.0,1000.0
7231.0,0.909078,2.351791287461936E-10,7231.0,18.0,1.0,1.4961291326682988,1.0,2.0,1.0,1.0,7231.0,1000.0
7232.0,0.90917,2.3520292921198933E-10,7232.0,18.0,1.0,1.4959222564054853,1.0,2.0,1.0,1.0,7232.0,1000.0
7233.0,0.90926,2.352262122763547E-10,7233.0,18.0,1.0,1.4957154373461177,1.0,2.0,1.0,1.0,7233.0,1000.0
7234.0,0.909349,2.3524923664000493E-10,7234.0,18.0,1.0,1.4955086754664735,1.0,2.0,1.0,1.0,7234.0,1000.0
7235.0,0.909438,2.3527226100365514E-10,7235.0,18.0,1.0,1.495301970742843,1.0,2.0,1.0,1.0,7235.0,1000.0
7236.0,0.909534,2.3529709627231156E-10,7236.0,18.0,1.0,1.4950953231515298,1.0,2.0,1.0,1.0,7236.0,1000.0
7237.0,0.909626,2.353208967381073E-10,7237.0,18.0,1.0,1.4948887326688503,1.0,2.0,1.0,1.0,7237.0,1000.0
7238.0,0.909715,2.353439211017575E-10,7238.0,18.0,1.0,1.4946821992711343,1.0,2.0,1.0,1.0,7238.0,1000.0
7239.0,0.909803,2.3536668676469254E-10,7239.0,18.0,1.0,1.4944757229347243,1.0,2.0,1.0,1.0,7239.0,1000.0
7240.0,0.909894,2.353902285297731E-10,7240.0,18.0,1.0,1.4942693036359764,1.0,2.0,1.0,1.0,7240.0,1000.0
7241.0,0.909986,2.3541402899556883E-10,7241.0,18.0,1.0,1.4940629413512594,1.0,2.0,1.0,1.0,7241.0,1000.0
7242.0,0.910084,2.354393816656556E-10,7242.0,18.0,1.0,1.4938566360569552,1.0,2.0,1.0,1.0,7242.0,1000.0
7243.0,0.910184,2.354652517371727E-10,7243.0,18.0,1.0,1.4936503877294587,1.0,2.0,1.0,1.0,7243.0,1000.0
7244.0,0.910274,2.354885348015381E-10,7244.0,18.0,1.0,1.493444196345178,1.0,2.0,1.0,1.0,7244.0,1000.0
7245.0,0.910367,2.35512593968049E-10,7245.0,18.0,1.0,1.493238061880534,1.0,2.0,1.0,1.0,7245.0,1000.0
7246.0,0.910456,2.355356183316992E-10,7246.0,18.0,1.0,1.493031984311961,1.0,2.0,1.0,1.0,7246.0,1000.0
7247.0,0.910546,2.355589013960646E-10,7247.0,18.0,1.0,1.4928259636159058,1.0,2.0,1.0,1.0,7247.0,1000.0
7248.0,0.910636,2.3558218446042997E-10,7248.0,18.0,1.0,1.4926199997688285,1.0,2.0,1.0,1.0,7248.0,1000.0
7249.0,0.910726,2.3560546752479536E-10,7249.0,18.0,1.0,1.4924140927472023,1.0,2.0,1.0,1.0,7249.0,1000.0
7250.0,0.910817,2.356290092898759E-10,7250.0,18.0,1.0,1.4922082425275132,1.0,2.0,1.0,1.0,7250.0,1000.0
7251.0,0.910909,2.3565280975567164E-10,7251.0,18.0,1.0,1.4920024490862598,1.0,2.0,1.0,1.0,7251.0,1000.0
7252.0,0.910998,2.3567583411932186E-10,7252.0,18.0,1.0,1.4917967123999545,1.0,2.0,1.0,1.0,7252.0,1000.0
7253.0,0.911088,2.3569911718368724E-10,7253.0,18.0,1.0,1.491591032445122,1.0,2.0,1.0,1.0,7253.0,1000.0
7254.0,0.911179,2.357226589487678E-10,7254.0,18.0,1.0,1.4913854091983,1.0,2.0,1.0,1.0,7254.0,1000.0
7255.0,0.911269,2.357459420131332E-10,7255.0,18.0,1.0,1.4911798426360399,1.0,2.0,1.0,1.0,7255.0,1000.0
7256.0,0.911359,2.3576922507749857E-10,7256.0,18.0,1.0,1.4909743327349048,1.0,2.0,1.0,1.0,7256.0,1000.0
7257.0,0.911449,2.3579250814186395E-10,7257.0,18.0,1.0,1.4907688794714717,1.0,2.0,1.0,1.0,7257.0,1000.0
7258.0,0.91154,2.358160499069445E-10,7258.0,18.0,1.0,1.4905634828223298,1.0,2.0,1.0,1.0,7258.0,1000.0
7259.0,0.911629,2.358390742705947E-10,7259.0,18.0,1.0,1.4903581427640817,1.0,2.0,1.0,1.0,7259.0,1000.0
7260.0,0.911718,2.3586209863424493E-10,7260.0,18.0,1.0,1.4901528592733428,1.0,2.0,1.0,1.0,7260.0,1000.0
7261.0,0.911811,2.3588615780075583E-10,7261.0,18.0,1.0,1.4899476323267415,1.0,2.0,1.0,1.0,7261.0,1000.0
7262.0,0.9119,2.3590918216440605E-10,7262.0,18.0,1.0,1.4897424619009185,1.0,2.0,1.0,1.0,7262.0,1000.0
7263.0,0.911989,2.3593220652805626E-10,7263.0,18.0,1.0,1.4895373479725278,1.0,2.0,1.0,1.0,7263.0,1000.0
7264.0,0.912077,2.359549721909913E-10,7264.0,18.0,1.0,1.4893322905182365,1.0,2.0,1.0,1.0,7264.0,1000.0
7265.0,0.912169,2.3597877265678703E-10,7265.0,18.0,1.0,1.489127289514724,1.0,2.0,1.0,1.0,7265.0,1000.0
7266.0,0.91226,2.360023144218676E-10,7266.0,18.0,1.0,1.4889223449386828,1.0,2.0,1.0,1.0,7266.0,1000.0
7267.0,0.912349,2.360253387855178E-10,7267.0,18.0,1.0,1.4887174567668184,1.0,2.0,1.0,1.0,7267.0,1000.0
7268.0,0.912438,2.36048363149168E-10,7268.0,18.0,1.0,1.488512624975849,1.0,2.0,1.0,1.0,7268.0,1000.0
7269.0,0.912532,2.360726810163941E-10,7269.0,18.0,1.0,1.488307849542505,1.0,2.0,1.0,1.0,7269.0,1000.0
7270.0,0.912622,2.3609596408075947E-10,7270.0,18.0,1.0,1.4881031304435308,1.0,2.0,1.0,1.0,7270.0,1000.0
7271.0,0.912715,2.3612002324727037E-10,7271.0,18.0,1.0,1.4878984676556828,1.0,2.0,1.0,1.0,7271.0,1000.0
7272.0,0.912805,2.3614330631163575E-10,7272.0,18.0,1.0,1.4876938611557302,1.0,2.0,1.0,1.0,7272.0,1000.0
7273.0,0.912895,2.3616658937600114E-10,7273.0,18.0,1.0,1.487489310920455,1.0,2.0,1.0,1.0,7273.0,1000.0
7274.0,0.912984,2.3618961373965135E-10,7274.0,18.0,1.0,1.4872848169266524,1.0,2.0,1.0,1.0,7274.0,1000.0
7275.0,0.913073,2.3621263810330156E-10,7275.0,18.0,1.0,1.4870803791511298,1.0,2.0,1.0,1.0,7275.0,1000.0
7276.0,0.913164,2.362361798683821E-10,7276.0,18.0,1.0,1.4868759975707078,1.0,2.0,1.0,1.0,7276.0,1000.0
7277.0,0.913255,2.362597216334627E-10,7277.0,18.0,1.0,1.4866716721622193,1.0,2.0,1.0,1.0,7277.0,1000.0
7278.0,0.913347,2.362835220992584E-10,7278.0,18.0,1.0,1.4864674029025102,1.0,2.0,1.0,1.0,7278.0,1000.0
7279.0,0.913437,2.363068051636238E-10,7279.0,18.0,1.0,1.4862631897684393,1.0,2.0,1.0,1.0,7279.0,1000.0
7280.0,0.913527,2.3633008822798917E-10,7280.0,18.0,1.0,1.4860590327368777,1.0,2.0,1.0,1.0,7280.0,1000.0
7281.0,0.913627,2.363559582995063E-10,7281.0,18.0,1.0,1.4858549317847094,1.0,2.0,1.0,1.0,7281.0,1000.0
7282.0,0.913718,2.3637950006458684E-10,7282.0,18.0,1.0,1.4856508868888314,1.0,2.0,1.0,1.0,7282.0,1000.0
7283.0,0.913812,2.364038179318129E-10,7283.0,18.0,1.0,1.4854468980261526,1.0,2.0,1.0,1.0,7283.0,1000.0
7284.0,0.913903,2.3642735969689347E-10,7284.0,18.0,1.0,1.4852429651735954,1.0,2.0,1.0,1.0,7284.0,1000.0
7285.0,0.913997,2.3645167756411955E-10,7285.0,18.0,1.0,1.4850390883080946,1.0,2.0,1.0,1.0,7285.0,1000.0
7286.0,0.914087,2.3647496062848493E-10,7286.0,18.0,1.0,1.4848352674065974,1.0,2.0,1.0,1.0,7286.0,1000.0
7287.0,0.914177,2.364982436928503E-10,7287.0,18.0,1.0,1.4846315024460641,1.0,2.0,1.0,1.0,7287.0,1000.0
7288.0,0.914267,2.365215267572157E-10,7288.0,18.0,1.0,1.4844277934034673,1.0,2.0,1.0,1.0,7288.0,1000.0
7289.0,0.914358,2.3654506852229626E-10,7289.0,18.0,1.0,1.4842241402557923,1.0,2.0,1.0,1.0,7289.0,1000.0
7290.0,0.914446,2.365678341852313E-10,7290.0,18.0,1.0,1.484020542980037,1.0,2.0,1.0,1.0,7290.0,1000.0
7291.0,0.914538,2.3659163465102703E-10,7291.0,18.0,1.0,1.4838170015532122,1.0,2.0,1.0,1.0,7291.0,1000.0
7292.0,0.914629,2.366151764161076E-10,7292.0,18.0,1.0,1.483613515952341,1.0,2.0,1.0,1.0,7292.0,1000.0
7293.0,0.914719,2.3663845948047297E-10,7293.0,18.0,1.0,1.483410086154459,1.0,2.0,1.0,1.0,7293.0,1000.0
7294.0,0.914809,2.3666174254483835E-10,7294.0,18.0,1.0,1.483206712136615,1.0,2.0,1.0,1.0,7294.0,1000.0
7295.0,0.9149,2.366852843099189E-10,7295.0,18.0,1.0,1.4830033938758698,1.0,2.0,1.0,1.0,7295.0,1000.0
7296.0,0.914989,2.367083086735691E-10,7296.0,18.0,1.0,1.482800131349297,1.0,2.0,1.0,1.0,7296.0,1000.0
7297.0,0.915079,2.367315917379345E-10,7297.0,18.0,1.0,1.4825969245339825,1.0,2.0,1.0,1.0,7297.0,1000.0
7298.0,0.915169,2.367548748022999E-10,7298.0,18.0,1.0,1.4823937734070252,1.0,2.0,1.0,1.0,7298.0,1000.0
7299.0,0.915257,2.3677764046523493E-10,7299.0,18.0,1.0,1.4821906779455363,1.0,2.0,1.0,1.0,7299.0,1000.0
7300.0,0.915348,2.368011822303155E-10,7300.0,18.0,1.0,1.4819876381266397,1.0,2.0,1.0,1.0,7300.0,1000.0
7301.0,0.91544,2.368249826961112E-10,7301.0,18.0,1.0,1.4817846539274715,1.0,2.0,1.0,1.0,7301.0,1000.0
7302.0,0.915529,2.3684800705976143E-10,7302.0,18.0,1.0,1.4815817253251806,1.0,2.0,1.0,1.0,7302.0,1000.0
7303.0,0.915618,2.3687103142341164E-10,7303.0,18.0,1.0,1.4813788522969287,1.0,2.0,1.0,1.0,7303.0,1000.0
7304.0,0.915706,2.368937970863467E-10,7304.0,18.0,1.0,1.481176034819889,1.0,2.0,1.0,1.0,7304.0,1000.0
7305.0,0.915796,2.3691708015071206E-10,7305.0,18.0,1.0,1.4809732728712484,1.0,2.0,1.0,1.0,7305.0,1000.0
7306.0,0.915885,2.369401045143623E-10,7306.0,18.0,1.0,1.4807705664282056,1.0,2.0,1.0,1.0,7306.0,1000.0
7307.0,0.915974,2.369631288780125E-10,7307.0,18.0,1.0,1.4805679154679718,1.0,2.0,1.0,1.0,7307.0,1000.0
7308.0,0.916063,2.369861532416627E-10,7308.0,18.0,1.0,1.4803653199677709,1.0,2.0,1.0,1.0,7308.0,1000.0
7309.0,0.916155,2.3700995370745843E-10,7309.0,18.0,1.0,1.4801627799048391,1.0,2.0,1.0,1.0,7309.0,1000.0
7310.0,0.916245,2.370332367718238E-10,7310.0,18.0,1.0,1.4799602952564255,1.0,2.0,1.0,1.0,7310.0,1000.0
7311.0,0.916338,2.370572959383347E-10,7311.0,18.0,1.0,1.4797578659997908,1.0,2.0,1.0,1.0,7311.0,1000.0
7312.0,0.916427,2.3708032030198493E-10,7312.0,18.0,1.0,1.4795554921122087,1.0,2.0,1.0,1.0,7312.0,1000.0
7313.0,0.91652,2.3710437946849583E-10,7313.0,18.0,1.0,1.4793531735709653,1.0,2.0,1.0,1.0,7313.0,1000.0
7314.0,0.916609,2.3712740383214604E-10,7314.0,18.0,1.0,1.4791509103533593,1.0,2.0,1.0,1.0,7314.0,1000.0
7315.0,0.916699,2.3715068689651143E-10,7315.0,18.0,1.0,1.4789487024367012,1.0,2.0,1.0,1.0,7315.0,1000.0
7316.0,0.916788,2.3717371126016164E-10,7316.0,18.0,1.0,1.4787465497983145,1.0,2.0,1.0,1.0,7316.0,1000.0
7317.0,0.91688,2.3719751172595737E-10,7317.0,18.0,1.0,1.4785444524155351,1.0,2.0,1.0,1.0,7317.0,1000.0
7318.0,0.91697,2.3722079479032275E-10,7318.0,18.0,1.0,1.4783424102657106,1.0,2.0,1.0,1.0,7318.0,1000.0
7319.0,0.91706,2.3724407785468814E-10,7319.0,18.0,1.0,1.4781404233262017,1.0,2.0,1.0,1.0,7319.0,1000.0
7320.0,0.91715,2.372673609190535E-10,7320.0,18.0,1.0,1.4779384915743812,1.0,2.0,1.0,1.0,7320.0,1000.0
7321.0,0.917242,2.3729116138484925E-10,7321.0,18.0,1.0,1.477736614987634,1.0,2.0,1.0,1.0,7321.0,1000.0
7322.0,0.917331,2.3731418574849946E-10,7322.0,18.0,1.0,1.4775347935433583,1.0,2.0,1.0,1.0,7322.0,1000.0
7323.0,0.917425,2.3733850361572554E-10,7323.0,18.0,1.0,1.4773330272189635,1.0,2.0,1.0,1.0,7323.0,1000.0
7324.0,0.917516,2.373620453808061E-10,7324.0,18.0,1.0,1.477131315991872,1.0,2.0,1.0,1.0,7324.0,1000.0
7325.0,0.917608,2.373858458466018E-10,7325.0,18.0,1.0,1.476929659839518,1.0,2.0,1.0,1.0,7325.0,1000.0
7326.0,0.917698,2.374091289109672E-10,7326.0,18.0,1.0,1.4767280587393488,1.0,2.0,1.0,1.0,7326.0,1000.0
7327.0,0.917788,2.374324119753326E-10,7327.0,18.0,1.0,1.4765265126688234,1.0,2.0,1.0,1.0,7327.0,1000.0
7328.0,0.917876,2.3745517763826763E-10,7328.0,18.0,1.0,1.4763250216054133,1.0,2.0,1.0,1.0,7328.0,1000.0
7329.0,0.917967,2.374787194033482E-10,7329.0,18.0,1.0,1.4761235855266024,1.0,2.0,1.0,1.0,7329.0,1000.0
7330.0,0.918057,2.3750200246771357E-10,7330.0,18.0,1.0,1.4759222044098868,1.0,2.0,1.0,1.0,7330.0,1000.0
7331.0,0.918148,2.3752554423279413E-10,7331.0,18.0,1.0,1.4757208782327744,1.0,2.0,1.0,1.0,7331.0,1000.0
7332.0,0.918237,2.3754856859644434E-10,7332.0,18.0,1.0,1.4755196069727863,1.0,2.0,1.0,1.0,7332.0,1000.0
7333.0,0.918328,2.375721103615249E-10,7333.0,18.0,1.0,1.4753183906074554,1.0,2.0,1.0,1.0,7333.0,1000.0
7334.0,0.918417,2.375951347251751E-10,7334.0,18.0,1.0,1.4751172291143264,1.0,2.0,1.0,1.0,7334.0,1000.0
7335.0,0.918508,2.3761867649025567E-10,7335.0,18.0,1.0,1.474916122470957,1.0,2.0,1.0,1.0,7335.0,1000.0
7336.0,0.918597,2.376417008539059E-10,7336.0,18.0,1.0,1.4747150706549168,1.0,2.0,1.0,1.0,7336.0,1000.0
7337.0,0.918688,2.3766524261898644E-10,7337.0,18.0,1.0,1.4745140736437876,1.0,2.0,1.0,1.0,7337.0,1000.0
7338.0,0.918777,2.3768826698263665E-10,7338.0,18.0,1.0,1.4743131314151634,1.0,2.0,1.0,1.0,7338.0,1000.0
7339.0,0.918868,2.377118087477172E-10,7339.0,18.0,1.0,1.4741122439466507,1.0,2.0,1.0,1.0,7339.0,1000.0
7340.0,0.918956,2.3773457441065224E-10,7340.0,18.0,1.0,1.4739114112158678,1.0,2.0,1.0,1.0,7340.0,1000.0
7341.0,0.91905,2.377588922778783E-10,7341.0,18.0,1.0,1.4737106332004455,1.0,2.0,1.0,1.0,7341.0,1000.0
7342.0,0.919138,2.3778165794081336E-10,7342.0,18.0,1.0,1.4735099098780264,1.0,2.0,1.0,1.0,7342.0,1000.0
7343.0,0.919226,2.378044236037484E-10,7343.0,18.0,1.0,1.4733092412262658,1.0,2.0,1.0,1.0,7343.0,1000.0
7344.0,0.919315,2.378274479673986E-10,7344.0,18.0,1.0,1.4731086272228309,1.0,2.0,1.0,1.0,7344.0,1000.0
7345.0,0.919406,2.3785098973247917E-10,7345.0,18.0,1.0,1.472908067845401,1.0,2.0,1.0,1.0,7345.0,1000.0
7346.0,0.919499,2.3787504889899007E-10,7346.0,18.0,1.0,1.4727075630716675,1.0,2.0,1.0,1.0,7346.0,1000.0
7347.0,0.91959,2.3789859066407063E-10,7347.0,18.0,1.0,1.4725071128793343,1.0,2.0,1.0,1.0,7347.0,1000.0
7348.0,0.919678,2.3792135632700567E-10,7348.0,18.0,1.0,1.4723067172461173,1.0,2.0,1.0,1.0,7348.0,1000.0
7349.0,0.919768,2.3794463939137105E-10,7349.0,18.0,1.0,1.4721063761497442,1.0,2.0,1.0,1.0,7349.0,1000.0
7350.0,0.91986,2.379684398571668E-10,7350.0,18.0,1.0,1.471906089567955,1.0,2.0,1.0,1.0,7350.0,1000.0
7351.0,0.919952,2.379922403229625E-10,7351.0,18.0,1.0,1.4717058574785022,1.0,2.0,1.0,1.0,7351.0,1000.0
7352.0,0.920041,2.380152646866127E-10,7352.0,18.0,1.0,1.47150567985915,1.0,2.0,1.0,1.0,7352.0,1000.0
7353.0,0.92013,2.3803828905026293E-10,7353.0,18.0,1.0,1.4713055566876743,1.0,2.0,1.0,1.0,7353.0,1000.0
7354.0,0.920224,2.38062606917489E-10,7354.0,18.0,1.0,1.4711054879418644,1.0,2.0,1.0,1.0,7354.0,1000.0
7355.0,0.920313,2.380856312811392E-10,7355.0,18.0,1.0,1.47090547359952,1.0,2.0,1.0,1.0,7355.0,1000.0
7356.0,0.920403,2.381089143455046E-10,7356.0,18.0,1.0,1.4707055136384544,1.0,2.0,1.0,1.0,7356.0,1000.0
7357.0,0.920492,2.381319387091548E-10,7357.0,18.0,1.0,1.4705056080364918,1.0,2.0,1.0,1.0,7357.0,1000.0
7358.0,0.920585,2.381559978756657E-10,7358.0,18.0,1.0,1.470305756771469,1.0,2.0,1.0,1.0,7358.0,1000.0
7359.0,0.920674,2.3817902223931593E-10,7359.0,18.0,1.0,1.4701059598212352,1.0,2.0,1.0,1.0,7359.0,1000.0
7360.0,0.920763,2.3820204660296614E-10,7360.0,18.0,1.0,1.4699062171636508,1.0,2.0,1.0,1.0,7360.0,1000.0
7361.0,0.920858,2.382266231709074E-10,7361.0,18.0,1.0,1.4697065287765887,1.0,2.0,1.0,1.0,7361.0,1000.0
7362.0,0.920955,2.38251717140279E-10,7362.0,18.0,1.0,1.469506894637934,1.0,2.0,1.0,1.0,7362.0,1000.0
7363.0,0.921047,2.382755176060747E-10,7363.0,18.0,1.0,1.4693073147255833,1.0,2.0,1.0,1.0,7363.0,1000.0
7364.0,0.921136,2.382985419697249E-10,7364.0,18.0,1.0,1.4691077890174455,1.0,2.0,1.0,1.0,7364.0,1000.0
7365.0,0.921229,2.3832260113623583E-10,7365.0,18.0,1.0,1.468908317491442,1.0,2.0,1.0,1.0,7365.0,1000.0
7366.0,0.921321,2.3834640160203156E-10,7366.0,18.0,1.0,1.468708900125505,1.0,2.0,1.0,1.0,7366.0,1000.0
7367.0,0.921413,2.383702020678273E-10,7367.0,18.0,1.0,1.4685095368975798,1.0,2.0,1.0,1.0,7367.0,1000.0
7368.0,0.921502,2.383932264314775E-10,7368.0,18.0,1.0,1.4683102277856228,1.0,2.0,1.0,1.0,7368.0,1000.0
7369.0,0.921593,2.3841676819655805E-10,7369.0,18.0,1.0,1.4681109727676034,1.0,2.0,1.0,1.0,7369.0,1000.0
7370.0,0.921684,2.384403099616386E-10,7370.0,18.0,1.0,1.467911771821502,1.0,2.0,1.0,1.0,7370.0,1000.0
7371.0,0.921775,2.3846385172671917E-10,7371.0,18.0,1.0,1.4677126249253114,1.0,2.0,1.0,1.0,7371.0,1000.0
7372.0,0.921866,2.384873934917997E-10,7372.0,18.0,1.0,1.467513532057036,1.0,2.0,1.0,1.0,7372.0,1000.0
7373.0,0.921955,2.3851041785544994E-10,7373.0,18.0,1.0,1.4673144931946926,1.0,2.0,1.0,1.0,7373.0,1000.0
7374.0,0.922046,2.385339596205305E-10,7374.0,18.0,1.0,1.4671155083163099,1.0,2.0,1.0,1.0,7374.0,1000.0
7375.0,0.922136,2.385572426848959E-10,7375.0,18.0,1.0,1.466916577399928,1.0,2.0,1.0,1.0,7375.0,1000.0
7376.0,0.922224,2.385800083478309E-10,7376.0,18.0,1.0,1.4667177004235994,1.0,2.0,1.0,1.0,7376.0,1000.0
7377.0,0.922313,2.3860303271148113E-10,7377.0,18.0,1.0,1.4665188773653883,1.0,2.0,1.0,1.0,7377.0,1000.0
7378.0,0.922402,2.3862605707513134E-10,7378.0,18.0,1.0,1.4663201082033708,1.0,2.0,1.0,1.0,7378.0,1000.0
7379.0,0.922491,2.3864908143878155E-10,7379.0,18.0,1.0,1.466121392915635,1.0,2.0,1.0,1.0,7379.0,1000.0
7380.0,0.92258,2.3867210580243176E-10,7380.0,18.0,1.0,1.4659227314802805,1.0,2.0,1.0,1.0,7380.0,1000.0
7381.0,0.922672,2.386959062682275E-10,7381.0,18.0,1.0,1.4657241238754193,1.0,2.0,1.0,1.0,7381.0,1000.0
7382.0,0.922764,2.387197067340232E-10,7382.0,18.0,1.0,1.465525570079175,1.0,2.0,1.0,1.0,7382.0,1000.0
7383.0,0.922852,2.3874247239695826E-10,7383.0,18.0,1.0,1.465327070069683,1.0,2.0,1.0,1.0,7383.0,1000.0
7384.0,0.922942,2.3876575546132365E-10,7384.0,18.0,1.0,1.4651286238250907,1.0,2.0,1.0,1.0,7384.0,1000.0
7385.0,0.923032,2.3878903852568903E-10,7385.0,18.0,1.0,1.4649302313235573,1.0,2.0,1.0,1.0,7385.0,1000.0
7386.0,0.923121,2.3881206288933924E-10,7386.0,18.0,1.0,1.4647318925432533,1.0,2.0,1.0,1.0,7386.0,1000.0
7387.0,0.923212,2.388356046544198E-10,7387.0,18.0,1.0,1.4645336074623623,1.0,2.0,1.0,1.0,7387.0,1000.0
7388.0,0.9233,2.3885837031735484E-10,7388.0,18.0,1.0,1.4643353760590783,1.0,2.0,1.0,1.0,7388.0,1000.0
7389.0,0.92339,2.388816533817202E-10,7389.0,18.0,1.0,1.4641371983116078,1.0,2.0,1.0,1.0,7389.0,1000.0
7390.0,0.923482,2.3890545384751595E-10,7390.0,18.0,1.0,1.463939074198169,1.0,2.0,1.0,1.0,7390.0,1000.0
7391.0,0.923572,2.3892873691188134E-10,7391.0,18.0,1.0,1.4637410036969922,1.0,2.0,1.0,1.0,7391.0,1000.0
7392.0,0.923661,2.3895176127553155E-10,7392.0,18.0,1.0,1.463542986786319,1.0,2.0,1.0,1.0,7392.0,1000.0
7393.0,0.923752,2.389753030406121E-10,7393.0,18.0,1.0,1.4633450234444028,1.0,2.0,1.0,1.0,7393.0,1000.0
7394.0,0.923843,2.3899884480569266E-10,7394.0,18.0,1.0,1.4631471136495091,1.0,2.0,1.0,1.0,7394.0,1000.0
7395.0,0.92393,2.3902135176791253E-10,7395.0,18.0,1.0,1.4629492573799148,1.0,2.0,1.0,1.0,7395.0,1000.0
7396.0,0.92402,2.390446348322779E-10,7396.0,18.0,1.0,1.4627514546139089,1.0,2.0,1.0,1.0,7396.0,1000.0
7397.0,0.924108,2.3906740049521295E-10,7397.0,18.0,1.0,1.4625537053297917,1.0,2.0,1.0,1.0,7397.0,1000.0
7398.0,0.924202,2.3909171836243903E-10,7398.0,18.0,1.0,1.4623560095058759,1.0,2.0,1.0,1.0,7398.0,1000.0
7399.0,0.924294,2.3911551882823476E-10,7399.0,18.0,1.0,1.4621583671204852,1.0,2.0,1.0,1.0,7399.0,1000.0
7400.0,0.924383,2.3913854319188497E-10,7400.0,18.0,1.0,1.4619607781519555,1.0,2.0,1.0,1.0,7400.0,1000.0
7401.0,0.924477,2.3916286105911105E-10,7401.0,18.0,1.0,1.461763242578634,1.0,2.0,1.0,1.0,7401.0,1000.0
7402.0,0.924573,2.3918769632776747E-10,7402.0,18.0,1.0,1.46156576037888,1.0,2.0,1.0,1.0,7402.0,1000.0
7403.0,0.924666,2.3921175549427837E-10,7403.0,18.0,1.0,1.4613683315310644,1.0,2.0,1.0,1.0,7403.0,1000.0
7404.0,0.924755,2.392347798579286E-10,7404.0,18.0,1.0,1.4611709560135697,1.0,2.0,1.0,1.0,7404.0,1000.0
7405.0,0.924846,2.3925832162300914E-10,7405.0,18.0,1.0,1.46097363380479,1.0,2.0,1.0,1.0,7405.0,1000.0
7406.0,0.924937,2.392818633880897E-10,7406.0,18.0,1.0,1.4607763648831311,1.0,2.0,1.0,1.0,7406.0,1000.0
7407.0,0.925026,2.393048877517399E-10,7407.0,18.0,1.0,1.4605791492270108,1.0,2.0,1.0,1.0,7407.0,1000.0
7408.0,0.925116,2.393281708161053E-10,7408.0,18.0,1.0,1.4603819868148582,1.0,2.0,1.0,1.0,7408.0,1000.0
7409.0,0.925205,2.393511951797555E-10,7409.0,18.0,1.0,1.460184877625114,1.0,2.0,1.0,1.0,7409.0,1000.0
7410.0,0.925295,2.393744782441209E-10,7410.0,18.0,1.0,1.4599878216362308,1.0,2.0,1.0,1.0,7410.0,1000.0
7411.0,0.925385,2.3939776130848627E-10,7411.0,18.0,1.0,1.4597908188266724,1.0,2.0,1.0,1.0,7411.0,1000.0
7412.0,0.925476,2.3942130307356683E-10,7412.0,18.0,1.0,1.4595938691749148,1.0,2.0,1.0,1.0,7412.0,1000.0
7413.0,0.925566,2.394445861379322E-10,7413.0,18.0,1.0,1.4593969726594456,1.0,2.0,1.0,1.0,7413.0,1000.0
7414.0,0.925657,2.3946812790301277E-10,7414.0,18.0,1.0,1.459200129258763,1.0,2.0,1.0,1.0,7414.0,1000.0
7415.0,0.925747,2.3949141096737815E-10,7415.0,18.0,1.0,1.4590033389513783,1.0,2.0,1.0,1.0,7415.0,1000.0
7416.0,0.925836,2.3951443533102837E-10,7416.0,18.0,1.0,1.458806601715813,1.0,2.0,1.0,1.0,7416.0,1000.0
7417.0,0.925926,2.3953771839539375E-10,7417.0,18.0,1.0,1.4586099175306013,1.0,2.0,1.0,1.0,7417.0,1000.0
7418.0,0.926017,2.395612601604743E-10,7418.0,18.0,1.0,1.4584132863742882,1.0,2.0,1.0,1.0,7418.0,1000.0
7419.0,0.926107,2.395845432248397E-10,7419.0,18.0,1.0,1.4582167082254307,1.0,2.0,1.0,1.0,7419.0,1000.0
7420.0,0.926196,2.396075675884899E-10,7420.0,18.0,1.0,1.458020183062597,1.0,2.0,1.0,1.0,7420.0,1000.0
7421.0,0.926286,2.396308506528553E-10,7421.0,18.0,1.0,1.4578237108643672,1.0,2.0,1.0,1.0,7421.0,1000.0
7422.0,0.926376,2.3965413371722067E-10,7422.0,18.0,1.0,1.457627291609333,1.0,2.0,1.0,1.0,7422.0,1000.0
7423.0,0.926467,2.3967767548230123E-10,7423.0,18.0,1.0,1.4574309252760973,1.0,2.0,1.0,1.0,7423.0,1000.0
7424.0,0.926556,2.3970069984595144E-10,7424.0,18.0,1.0,1.4572346118432744,1.0,2.0,1.0,1.0,7424.0,1000.0
7425.0,0.926646,2.397239829103168E-10,7425.0,18.0,1.0,1.4570383512894909,1.0,2.0,1.0,1.0,7425.0,1000.0
7426.0,0.926736,2.397472659746822E-10,7426.0,18.0,1.0,1.456842143593384,1.0,2.0,1.0,1.0,7426.0,1000.0
7427.0,0.926825,2.397702903383324E-10,7427.0,18.0,1.0,1.456645988733603,1.0,2.0,1.0,1.0,7427.0,1000.0
7428.0,0.926915,2.397935734026978E-10,7428.0,18.0,1.0,1.4564498866888085,1.0,2.0,1.0,1.0,7428.0,1000.0
7429.0,0.927004,2.39816597766348E-10,7429.0,18.0,1.0,1.4562538374376726,1.0,2.0,1.0,1.0,7429.0,1000.0
7430.0,0.927094,2.398398808307134E-10,7430.0,18.0,1.0,1.456057840958879,1.0,2.0,1.0,1.0,7430.0,1000.0
7431.0,0.927185,2.3986342259579396E-10,7431.0,18.0,1.0,1.4558618972311224,1.0,2.0,1.0,1.0,7431.0,1000.0
7432.0,0.927274,2.3988644695944417E-10,7432.0,18.0,1.0,1.4556660062331095,1.0,2.0,1.0,1.0,7432.0,1000.0
7433.0,0.927373,2.399120583302461E-10,7433.0,18.0,1.0,1.4554701679435584,1.0,2.0,1.0,1.0,7433.0,1000.0
7434.0,0.927466,2.39936117496757E-10,7434.0,18.0,1.0,1.4552743823411984,1.0,2.0,1.0,1.0,7434.0,1000.0
7435.0,0.92756,2.399604353639831E-10,7435.0,18.0,1.0,1.4550786494047707,1.0,2.0,1.0,1.0,7435.0,1000.0
7436.0,0.92765,2.3998371842834847E-10,7436.0,18.0,1.0,1.4548829691130272,1.0,2.0,1.0,1.0,7436.0,1000.0
7437.0,0.927741,2.4000726019342903E-10,7437.0,18.0,1.0,1.4546873414447317,1.0,2.0,1.0,1.0,7437.0,1000.0
7438.0,0.927833,2.4003106065922476E-10,7438.0,18.0,1.0,1.4544917663786596,1.0,2.0,1.0,1.0,7438.0,1000.0
7439.0,0.927924,2.400546024243053E-10,7439.0,18.0,1.0,1.4542962438935971,1.0,2.0,1.0,1.0,7439.0,1000.0
7440.0,0.928012,2.4007736808724035E-10,7440.0,18.0,1.0,1.4541007739683427,1.0,2.0,1.0,1.0,7440.0,1000.0
7441.0,0.928105,2.4010142725375126E-10,7441.0,18.0,1.0,1.4539053565817053,1.0,2.0,1.0,1.0,7441.0,1000.0
7442.0,0.928199,2.4012574512097733E-10,7442.0,18.0,1.0,1.453709991712506,1.0,2.0,1.0,1.0,7442.0,1000.0
7443.0,0.928288,2.4014876948462754E-10,7443.0,18.0,1.0,1.4535146793395768,1.0,2.0,1.0,1.0,7443.0,1000.0
7444.0,0.928378,2.4017205254899293E-10,7444.0,18.0,1.0,1.4533194194417611,1.0,2.0,1.0,1.0,7444.0,1000.0
7445.0,0.928467,2.4019507691264314E-10,7445.0,18.0,1.0,1.453124211997914,1.0,2.0,1.0,1.0,7445.0,1000.0
7446.0,0.928565,2.402204295827299E-10,7446.0,18.0,1.0,1.4529290569869016,1.0,2.0,1.0,1.0,7446.0,1000.0
7447.0,0.928654,2.402434539463801E-10,7447.0,18.0,1.0,1.4527339543876017,1.0,2.0,1.0,1.0,7447.0,1000.0
7448.0,0.928742,2.4026621960931516E-10,7448.0,18.0,1.0,1.452538904178903,1.0,2.0,1.0,1.0,7448.0,1000.0
7449.0,0.928831,2.4028924397296537E-10,7449.0,18.0,1.0,1.452343906339706,1.0,2.0,1.0,1.0,7449.0,1000.0
7450.0,0.928925,2.4031356184019144E-10,7450.0,18.0,1.0,1.4521489608489222,1.0,2.0,1.0,1.0,7450.0,1000.0
7451.0,0.929017,2.4033736230598717E-10,7451.0,18.0,1.0,1.4519540676854743,1.0,2.0,1.0,1.0,7451.0,1000.0
7452.0,0.929106,2.403603866696374E-10,7452.0,18.0,1.0,1.451759226828297,1.0,2.0,1.0,1.0,7452.0,1000.0
7453.0,0.929196,2.4038366973400277E-10,7453.0,18.0,1.0,1.4515644382563357,1.0,2.0,1.0,1.0,7453.0,1000.0
7454.0,0.929287,2.404072114990833E-10,7454.0,18.0,1.0,1.451369701948547,1.0,2.0,1.0,1.0,7454.0,1000.0
7455.0,0.929379,2.4043101196487905E-10,7455.0,18.0,1.0,1.4511750178838994,1.0,2.0,1.0,1.0,7455.0,1000.0
7456.0,0.929471,2.404548124306748E-10,7456.0,18.0,1.0,1.450980386041372,1.0,2.0,1.0,1.0,7456.0,1000.0
7457.0,0.929563,2.404786128964705E-10,7457.0,18.0,1.0,1.4507858063999557,1.0,2.0,1.0,1.0,7457.0,1000.0
7458.0,0.929653,2.405018959608359E-10,7458.0,18.0,1.0,1.4505912789386524,1.0,2.0,1.0,1.0,7458.0,1000.0
7459.0,0.929743,2.405251790252013E-10,7459.0,18.0,1.0,1.4503968036364754,1.0,2.0,1.0,1.0,7459.0,1000.0
7460.0,0.929833,2.4054846208956667E-10,7460.0,18.0,1.0,1.450202380472449,1.0,2.0,1.0,1.0,7460.0,1000.0
7461.0,0.929925,2.405722625553624E-10,7461.0,18.0,1.0,1.4500080094256091,1.0,2.0,1.0,1.0,7461.0,1000.0
7462.0,0.930015,2.405955456197278E-10,7462.0,18.0,1.0,1.4498136904750025,1.0,2.0,1.0,1.0,7462.0,1000.0
7463.0,0.930106,2.4061908738480834E-10,7463.0,18.0,1.0,1.4496194235996878,1.0,2.0,1.0,1.0,7463.0,1000.0
7464.0,0.930194,2.406418530477434E-10,7464.0,18.0,1.0,1.4494252087787338,1.0,2.0,1.0,1.0,7464.0,1000.0
7465.0,0.930284,2.4066513611210876E-10,7465.0,18.0,1.0,1.4492310459912217,1.0,2.0,1.0,1.0,7465.0,1000.0
7466.0,0.930374,2.4068841917647415E-10,7466.0,18.0,1.0,1.4490369352162429,1.0,2.0,1.0,1.0,7466.0,1000.0
7467.0,0.930463,2.4071144354012436E-10,7467.0,18.0,1.0,1.4488428764329007,1.0,2.0,1.0,1.0,7467.0,1000.0
7468.0,0.930551,2.407342092030594E-10,7468.0,18.0,1.0,1.4486488696203093,1.0,2.0,1.0,1.0,7468.0,1000.0
7469.0,0.93064,2.407572335667096E-10,7469.0,18.0,1.0,1.448454914757594,1.0,2.0,1.0,1.0,7469.0,1000.0
7470.0,0.930731,2.4078077533179017E-10,7470.0,18.0,1.0,1.4482610118238914,1.0,2.0,1.0,1.0,7470.0,1000.0
7471.0,0.930821,2.4080405839615555E-10,7471.0,18.0,1.0,1.4480671607983495,1.0,2.0,1.0,1.0,7471.0,1000.0
7472.0,0.93091,2.4082708275980576E-10,7472.0,18.0,1.0,1.4478733616601271,1.0,2.0,1.0,1.0,7472.0,1000.0
7473.0,0.931002,2.408508832256015E-10,7473.0,18.0,1.0,1.447679614388394,1.0,2.0,1.0,1.0,7473.0,1000.0
7474.0,0.931093,2.4087442499068205E-10,7474.0,18.0,1.0,1.4474859189623321,1.0,2.0,1.0,1.0,7474.0,1000.0
7475.0,0.931182,2.4089744935433226E-10,7475.0,18.0,1.0,1.447292275361133,1.0,2.0,1.0,1.0,7475.0,1000.0
7476.0,0.931271,2.4092047371798247E-10,7476.0,18.0,1.0,1.4470986835640007,1.0,2.0,1.0,1.0,7476.0,1000.0
7477.0,0.931361,2.4094375678234786E-10,7477.0,18.0,1.0,1.4469051435501497,1.0,2.0,1.0,1.0,7477.0,1000.0
7478.0,0.931451,2.4096703984671324E-10,7478.0,18.0,1.0,1.4467116552988057,1.0,2.0,1.0,1.0,7478.0,1000.0
7479.0,0.931542,2.409905816117938E-10,7479.0,18.0,1.0,1.4465182187892058,1.0,2.0,1.0,1.0,7479.0,1000.0
7480.0,0.93163,2.4101334727472884E-10,7480.0,18.0,1.0,1.4463248340005976,1.0,2.0,1.0,1.0,7480.0,1000.0
7481.0,0.931722,2.4103714774052457E-10,7481.0,18.0,1.0,1.4461315009122402,1.0,2.0,1.0,1.0,7481.0,1000.0
7482.0,0.931829,2.4106482871704784E-10,7482.0,18.0,1.0,1.445938219503404,1.0,2.0,1.0,1.0,7482.0,1000.0
7483.0,0.931924,2.410894052849891E-10,7483.0,18.0,1.0,1.4457449897533703,1.0,2.0,1.0,1.0,7483.0,1000.0
7484.0,0.932014,2.4111268834935447E-10,7484.0,18.0,1.0,1.445551811641431,1.0,2.0,1.0,1.0,7484.0,1000.0
7485.0,0.932105,2.41136230114435E-10,7485.0,18.0,1.0,1.4453586851468898,1.0,2.0,1.0,1.0,7485.0,1000.0
7486.0,0.932194,2.4115925447808524E-10,7486.0,18.0,1.0,1.4451656102490609,1.0,2.0,1.0,1.0,7486.0,1000.0
7487.0,0.932285,2.411827962431658E-10,7487.0,18.0,1.0,1.4449725869272698,1.0,2.0,1.0,1.0,7487.0,1000.0
7488.0,0.932374,2.41205820606816E-10,7488.0,18.0,1.0,1.4447796151608534,1.0,2.0,1.0,1.0,7488.0,1000.0
7489.0,0.932464,2.412291036711814E-10,7489.0,18.0,1.0,1.4445866949291588,1.0,2.0,1.0,1.0,7489.0,1000.0
7490.0,0.932553,2.412521280348316E-10,7490.0,18.0,1.0,1.4443938262115448,1.0,2.0,1.0,1.0,7490.0,1000.0
7491.0,0.932644,2.4127566979991216E-10,7491.0,18.0,1.0,1.444201008987381,1.0,2.0,1.0,1.0,7491.0,1000.0
7492.0,0.932733,2.4129869416356237E-10,7492.0,18.0,1.0,1.4440082432360477,1.0,2.0,1.0,1.0,7492.0,1000.0
7493.0,0.932823,2.4132197722792775E-10,7493.0,18.0,1.0,1.443815528936937,1.0,2.0,1.0,1.0,7493.0,1000.0
7494.0,0.932913,2.4134526029229314E-10,7494.0,18.0,1.0,1.4436228660694514,1.0,2.0,1.0,1.0,7494.0,1000.0
7495.0,0.933003,2.413685433566585E-10,7495.0,18.0,1.0,1.4434302546130047,1.0,2.0,1.0,1.0,7495.0,1000.0
7496.0,0.933093,2.413918264210239E-10,7496.0,18.0,1.0,1.443237694547021,1.0,2.0,1.0,1.0,7496.0,1000.0
7497.0,0.933189,2.4141666168968033E-10,7497.0,18.0,1.0,1.4430451858509363,1.0,2.0,1.0,1.0,7497.0,1000.0
7498.0,0.933284,2.414412382576216E-10,7498.0,18.0,1.0,1.442852728504197,1.0,2.0,1.0,1.0,7498.0,1000.0
7499.0,0.933376,2.414650387234173E-10,7499.0,18.0,1.0,1.4426603224862609,1.0,2.0,1.0,1.0,7499.0,1000.0
7500.0,0.933466,2.414883217877827E-10,7500.0,18.0,1.0,1.442467967776596,1.0,2.0,1.0,1.0,7500.0,1000.0
7501.0,0.933557,2.4151186355286325E-10,7501.0,18.0,1.0,1.442275664354682,1.0,2.0,1.0,1.0,7501.0,1000.0
7502.0,0.933645,2.415346292157983E-10,7502.0,18.0,1.0,1.4420834122000092,1.0,2.0,1.0,1.0,7502.0,1000.0
7503.0,0.933737,2.41558429681594E-10,7503.0,18.0,1.0,1.4418912112920792,1.0,2.0,1.0,1.0,7503.0,1000.0
7504.0,0.933825,2.4158119534452905E-10,7504.0,18.0,1.0,1.4416990616104037,1.0,2.0,1.0,1.0,7504.0,1000.0
7505.0,0.933916,2.416047371096096E-10,7505.0,18.0,1.0,1.4415069631345063,1.0,2.0,1.0,1.0,7505.0,1000.0
7506.0,0.934007,2.4162827887469017E-10,7506.0,18.0,1.0,1.441314915843921,1.0,2.0,1.0,1.0,7506.0,1000.0
7507.0,0.934096,2.416513032383404E-10,7507.0,18.0,1.0,1.4411229197181923,1.0,2.0,1.0,1.0,7507.0,1000.0
7508.0,0.934185,2.416743276019906E-10,7508.0,18.0,1.0,1.4409309747368766,1.0,2.0,1.0,1.0,7508.0,1000.0
7509.0,0.934273,2.4169709326492563E-10,7509.0,18.0,1.0,1.4407390808795406,1.0,2.0,1.0,1.0,7509.0,1000.0
7510.0,0.934363,2.41720376329291E-10,7510.0,18.0,1.0,1.4405472381257616,1.0,2.0,1.0,1.0,7510.0,1000.0
7511.0,0.934456,2.417444354958019E-10,7511.0,18.0,1.0,1.4403554464551285,1.0,2.0,1.0,1.0,7511.0,1000.0
7512.0,0.934547,2.417679772608825E-10,7512.0,18.0,1.0,1.4401637058472403,1.0,2.0,1.0,1.0,7512.0,1000.0
7513.0,0.934638,2.4179151902596303E-10,7513.0,18.0,1.0,1.4399720162817076,1.0,2.0,1.0,1.0,7513.0,1000.0
7514.0,0.934726,2.4181428468889807E-10,7514.0,18.0,1.0,1.4397803777381515,1.0,2.0,1.0,1.0,7514.0,1000.0
7515.0,0.934817,2.4183782645397863E-10,7515.0,18.0,1.0,1.4395887901962034,1.0,2.0,1.0,1.0,7515.0,1000.0
7516.0,0.934906,2.4186085081762884E-10,7516.0,18.0,1.0,1.4393972536355069,1.0,2.0,1.0,1.0,7516.0,1000.0
7517.0,0.934994,2.418836164805639E-10,7517.0,18.0,1.0,1.439205768035715,1.0,2.0,1.0,1.0,7517.0,1000.0
7518.0,0.935084,2.4190689954492926E-10,7518.0,18.0,1.0,1.4390143333764924,1.0,2.0,1.0,1.0,7518.0,1000.0
7519.0,0.935175,2.419304413100098E-10,7519.0,18.0,1.0,1.4388229496375142,1.0,2.0,1.0,1.0,7519.0,1000.0
7520.0,0.935264,2.4195346567366003E-10,7520.0,18.0,1.0,1.4386316167984667,1.0,2.0,1.0,1.0,7520.0,1000.0
7521.0,0.935363,2.4197907704446197E-10,7521.0,18.0,1.0,1.4384403348390467,1.0,2.0,1.0,1.0,7521.0,1000.0
7522.0,0.935452,2.420021014081122E-10,7522.0,18.0,1.0,1.4382491037389618,1.0,2.0,1.0,1.0,7522.0,1000.0
7523.0,0.935543,2.4202564317319274E-10,7523.0,18.0,1.0,1.4380579234779303,1.0,2.0,1.0,1.0,7523.0,1000.0
7524.0,0.935632,2.4204866753684295E-10,7524.0,18.0,1.0,1.4378667940356817,1.0,2.0,1.0,1.0,7524.0,1000.0
7525.0,0.93572,2.42071433199778E-10,7525.0,18.0,1.0,1.4376757153919562,1.0,2.0,1.0,1.0,7525.0,1000.0
7526.0,0.93581,2.420947162641434E-10,7526.0,18.0,1.0,1.4374846875265042,1.0,2.0,1.0,1.0,7526.0,1000.0
7527.0,0.935901,2.4211825802922393E-10,7527.0,18.0,1.0,1.4372937104190873,1.0,2.0,1.0,1.0,7527.0,1000.0
7528.0,0.93599,2.4214128239287414E-10,7528.0,18.0,1.0,1.4371027840494779,1.0,2.0,1.0,1.0,7528.0,1000.0
7529.0,0.93608,2.4216456545723953E-10,7529.0,18.0,1.0,1.436911908397459,1.0,2.0,1.0,1.0,7529.0,1000.0
7530.0,0.93617,2.421878485216049E-10,7530.0,18.0,1.0,1.4367210834428246,1.0,2.0,1.0,1.0,7530.0,1000.0
7531.0,0.936263,2.422119076881158E-10,7531.0,18.0,1.0,1.4365303091653792,1.0,2.0,1.0,1.0,7531.0,1000.0
7532.0,0.936353,2.422351907524812E-10,7532.0,18.0,1.0,1.4363395855449375,1.0,2.0,1.0,1.0,7532.0,1000.0
7533.0,0.936443,2.422584738168466E-10,7533.0,18.0,1.0,1.436148912561326,1.0,2.0,1.0,1.0,7533.0,1000.0
7534.0,0.936533,2.4228175688121197E-10,7534.0,18.0,1.0,1.4359582901943815,1.0,2.0,1.0,1.0,7534.0,1000.0
7535.0,0.936623,2.4230503994557735E-10,7535.0,18.0,1.0,1.4357677184239508,1.0,2.0,1.0,1.0,7535.0,1000.0
7536.0,0.936712,2.4232806430922756E-10,7536.0,18.0,1.0,1.4355771972298925,1.0,2.0,1.0,1.0,7536.0,1000.0
7537.0,0.936801,2.423510886728778E-10,7537.0,18.0,1.0,1.435386726592075,1.0,2.0,1.0,1.0,7537.0,1000.0
7538.0,0.936891,2.4237437173724316E-10,7538.0,18.0,1.0,1.435196306490378,1.0,2.0,1.0,1.0,7538.0,1000.0
7539.0,0.936981,2.4239765480160854E-10,7539.0,18.0,1.0,1.4350059369046915,1.0,2.0,1.0,1.0,7539.0,1000.0
7540.0,0.937069,2.424204204645436E-10,7540.0,18.0,1.0,1.4348156178149165,1.0,2.0,1.0,1.0,7540.0,1000.0
7541.0,0.937161,2.424442209303393E-10,7541.0,18.0,1.0,1.434625349200964,1.0,2.0,1.0,1.0,7541.0,1000.0
7542.0,0.93725,2.424672452939895E-10,7542.0,18.0,1.0,1.4344351310427566,1.0,2.0,1.0,1.0,7542.0,1000.0
7543.0,0.937341,2.424907870590701E-10,7543.0,18.0,1.0,1.4342449633202266,1.0,2.0,1.0,1.0,7543.0,1000.0
7544.0,0.93743,2.425138114227203E-10,7544.0,18.0,1.0,1.4340548460133178,1.0,2.0,1.0,1.0,7544.0,1000.0
7545.0,0.93752,2.425370944870857E-10,7545.0,18.0,1.0,1.433864779101984,1.0,2.0,1.0,1.0,7545.0,1000.0
7546.0,0.937609,2.425601188507359E-10,7546.0,18.0,1.0,1.43367476256619,1.0,2.0,1.0,1.0,7546.0,1000.0
7547.0,0.937699,2.425834019151013E-10,7547.0,18.0,1.0,1.433484796385911,1.0,2.0,1.0,1.0,7547.0,1000.0
7548.0,0.937788,2.426064262787515E-10,7548.0,18.0,1.0,1.4332948805411327,1.0,2.0,1.0,1.0,7548.0,1000.0
7549.0,0.937877,2.426294506424017E-10,7549.0,18.0,1.0,1.4331050150118518,1.0,2.0,1.0,1.0,7549.0,1000.0
7550.0,0.937967,2.426527337067671E-10,7550.0,18.0,1.0,1.4329151997780754,1.0,2.0,1.0,1.0,7550.0,1000.0
7551.0,0.938059,2.426765341725628E-10,7551.0,18.0,1.0,1.432725434819821,1.0,2.0,1.0,1.0,7551.0,1000.0
7552.0,0.938147,2.4269929983549785E-10,7552.0,18.0,1.0,1.4325357201171174,1.0,2.0,1.0,1.0,7552.0,1000.0
7553.0,0.938236,2.4272232419914806E-10,7553.0,18.0,1.0,1.4323460556500025,1.0,2.0,1.0,1.0,7553.0,1000.0
7554.0,0.938326,2.4274560726351345E-10,7554.0,18.0,1.0,1.4321564413985266,1.0,2.0,1.0,1.0,7554.0,1000.0
7555.0,0.938415,2.4276863162716366E-10,7555.0,18.0,1.0,1.4319668773427492,1.0,2.0,1.0,1.0,7555.0,1000.0
7556.0,0.938505,2.4279191469152904E-10,7556.0,18.0,1.0,1.4317773634627409,1.0,2.0,1.0,1.0,7556.0,1000.0
7557.0,0.938594,2.4281493905517925E-10,7557.0,18.0,1.0,1.4315878997385827,1.0,2.0,1.0,1.0,7557.0,1000.0
7558.0,0.938684,2.4283822211954464E-10,7558.0,18.0,1.0,1.4313984861503664,1.0,2.0,1.0,1.0,7558.0,1000.0
7559.0,0.938775,2.428617638846252E-10,7559.0,18.0,1.0,1.4312091226781942,1.0,2.0,1.0,1.0,7559.0,1000.0
7560.0,0.938863,2.4288452954756024E-10,7560.0,18.0,1.0,1.4310198093021784,1.0,2.0,1.0,1.0,7560.0,1000.0
7561.0,0.93896,2.4290962351693183E-10,7561.0,18.0,1.0,1.4308305460024429,1.0,2.0,1.0,1.0,7561.0,1000.0
7562.0,0.939049,2.4293264788058204E-10,7562.0,18.0,1.0,1.4306413327591205,1.0,2.0,1.0,1.0,7562.0,1000.0
7563.0,0.939139,2.429559309449474E-10,7563.0,18.0,1.0,1.4304521695523562,1.0,2.0,1.0,1.0,7563.0,1000.0
7564.0,0.939227,2.4297869660788246E-10,7564.0,18.0,1.0,1.4302630563623042,1.0,2.0,1.0,1.0,7564.0,1000.0
7565.0,0.939317,2.4300197967224785E-10,7565.0,18.0,1.0,1.4300739931691302,1.0,2.0,1.0,1.0,7565.0,1000.0
7566.0,0.939406,2.4302500403589806E-10,7566.0,18.0,1.0,1.4298849799530096,1.0,2.0,1.0,1.0,7566.0,1000.0
7567.0,0.9395,2.4304932190312413E-10,7567.0,18.0,1.0,1.4296960166941284,1.0,2.0,1.0,1.0,7567.0,1000.0
7568.0,0.93959,2.430726049674895E-10,7568.0,18.0,1.0,1.4295071033726836,1.0,2.0,1.0,1.0,7568.0,1000.0
7569.0,0.939678,2.4309537063042456E-10,7569.0,18.0,1.0,1.4293182399688822,1.0,2.0,1.0,1.0,7569.0,1000.0
7570.0,0.939768,2.4311865369478994E-10,7570.0,18.0,1.0,1.4291294264629417,1.0,2.0,1.0,1.0,7570.0,1000.0
7571.0,0.939859,2.431421954598705E-10,7571.0,18.0,1.0,1.4289406628350905,1.0,2.0,1.0,1.0,7571.0,1000.0
7572.0,0.939948,2.431652198235207E-10,7572.0,18.0,1.0,1.4287519490655665,1.0,2.0,1.0,1.0,7572.0,1000.0
7573.0,0.940038,2.431885028878861E-10,7573.0,18.0,1.0,1.428563285134619,1.0,2.0,1.0,1.0,7573.0,1000.0
7574.0,0.940128,2.432117859522515E-10,7574.0,18.0,1.0,1.4283746710225071,1.0,2.0,1.0,1.0,7574.0,1000.0
7575.0,0.940219,2.4323532771733204E-10,7575.0,18.0,1.0,1.428186106709501,1.0,2.0,1.0,1.0,7575.0,1000.0
7576.0,0.940308,2.4325835208098225E-10,7576.0,18.0,1.0,1.4279975921758803,1.0,2.0,1.0,1.0,7576.0,1000.0
7577.0,0.940398,2.4328163514534763E-10,7577.0,18.0,1.0,1.427809127401936,1.0,2.0,1.0,1.0,7577.0,1000.0
7578.0,0.940488,2.43304918209713E-10,7578.0,18.0,1.0,1.4276207123679692,1.0,2.0,1.0,1.0,7578.0,1000.0
7579.0,0.940577,2.4332794257336323E-10,7579.0,18.0,1.0,1.4274323470542907,1.0,2.0,1.0,1.0,7579.0,1000.0
7580.0,0.940666,2.4335096693701344E-10,7580.0,18.0,1.0,1.427244031441223,1.0,2.0,1.0,1.0,7580.0,1000.0
7581.0,0.940757,2.43374508702094E-10,7581.0,18.0,1.0,1.4270557655090976,1.0,2.0,1.0,1.0,7581.0,1000.0
7582.0,0.940846,2.433975330657442E-10,7582.0,18.0,1.0,1.4268675492382576,1.0,2.0,1.0,1.0,7582.0,1000.0
7583.0,0.940937,2.4342107483082477E-10,7583.0,18.0,1.0,1.4266793826090558,1.0,2.0,1.0,1.0,7583.0,1000.0
7584.0,0.941027,2.4344435789519015E-10,7584.0,18.0,1.0,1.4264912656018551,1.0,2.0,1.0,1.0,7584.0,1000.0
7585.0,0.941115,2.434671235581252E-10,7585.0,18.0,1.0,1.4263031981970296,1.0,2.0,1.0,1.0,7585.0,1000.0
7586.0,0.941206,2.4349066532320575E-10,7586.0,18.0,1.0,1.426115180374963,1.0,2.0,1.0,1.0,7586.0,1000.0
7587.0,0.941295,2.4351368968685596E-10,7587.0,18.0,1.0,1.4259272121160498,1.0,2.0,1.0,1.0,7587.0,1000.0
7588.0,0.941385,2.4353697275122134E-10,7588.0,18.0,1.0,1.4257392934006945,1.0,2.0,1.0,1.0,7588.0,1000.0
7589.0,0.941474,2.4355999711487156E-10,7589.0,18.0,1.0,1.4255514242093121,1.0,2.0,1.0,1.0,7589.0,1000.0
7590.0,0.941565,2.435835388799521E-10,7590.0,18.0,1.0,1.425363604522328,1.0,2.0,1.0,1.0,7590.0,1000.0
7591.0,0.941659,2.436078567471782E-10,7591.0,18.0,1.0,1.4251758343201777,1.0,2.0,1.0,1.0,7591.0,1000.0
7592.0,0.941747,2.4363062241011323E-10,7592.0,18.0,1.0,1.4249881135833073,1.0,2.0,1.0,1.0,7592.0,1000.0
7593.0,0.941837,2.436539054744786E-10,7593.0,18.0,1.0,1.424800442292173,1.0,2.0,1.0,1.0,7593.0,1000.0
7594.0,0.941925,2.4367667113741365E-10,7594.0,18.0,1.0,1.4246128204272412,1.0,2.0,1.0,1.0,7594.0,1000.0
7595.0,0.942016,2.437002129024942E-10,7595.0,18.0,1.0,1.4244252479689887,1.0,2.0,1.0,1.0,7595.0,1000.0
7596.0,0.942105,2.437232372661444E-10,7596.0,18.0,1.0,1.4242377248979028,1.0,2.0,1.0,1.0,7596.0,1000.0
7597.0,0.942193,2.4374600292907946E-10,7597.0,18.0,1.0,1.4240502511944806,1.0,2.0,1.0,1.0,7597.0,1000.0
7598.0,0.942283,2.4376928599344484E-10,7598.0,18.0,1.0,1.42386282683923,1.0,2.0,1.0,1.0,7598.0,1000.0
7599.0,0.942374,2.437928277585254E-10,7599.0,18.0,1.0,1.4236754518126686,1.0,2.0,1.0,1.0,7599.0,1000.0
7600.0,0.942464,2.438161108228908E-10,7600.0,18.0,1.0,1.423488126095325,1.0,2.0,1.0,1.0,7600.0,1000.0
7601.0,0.942564,2.438419808944079E-10,7601.0,18.0,1.0,1.423300849667737,1.0,2.0,1.0,1.0,7601.0,1000.0
7602.0,0.94266,2.438668161630643E-10,7602.0,18.0,1.0,1.4231136225104537,1.0,2.0,1.0,1.0,7602.0,1000.0
7603.0,0.942751,2.4389035792814487E-10,7603.0,18.0,1.0,1.422926444604034,1.0,2.0,1.0,1.0,7603.0,1000.0
7604.0,0.942842,2.4391389969322543E-10,7604.0,18.0,1.0,1.4227393159290465,1.0,2.0,1.0,1.0,7604.0,1000.0
7605.0,0.942934,2.4393770015902116E-10,7605.0,18.0,1.0,1.422552236466071,1.0,2.0,1.0,1.0,7605.0,1000.0
7606.0,0.943022,2.439604658219562E-10,7606.0,18.0,1.0,1.4223652061956968,1.0,2.0,1.0,1.0,7606.0,1000.0
7607.0,0.943116,2.4398478368918227E-10,7607.0,18.0,1.0,1.4221782250985238,1.0,2.0,1.0,1.0,7607.0,1000.0
7608.0,0.943205,2.440078080528325E-10,7608.0,18.0,1.0,1.4219912931551617,1.0,2.0,1.0,1.0,7608.0,1000.0
7609.0,0.943294,2.440308324164827E-10,7609.0,18.0,1.0,1.4218044103462308,1.0,2.0,1.0,1.0,7609.0,1000.0
7610.0,0.943384,2.440541154808481E-10,7610.0,18.0,1.0,1.4216175766523613,1.0,2.0,1.0,1.0,7610.0,1000.0
7611.0,0.943475,2.4407765724592864E-10,7611.0,18.0,1.0,1.421430792054194,1.0,2.0,1.0,1.0,7611.0,1000.0
7612.0,0.943564,2.4410068160957885E-10,7612.0,18.0,1.0,1.4212440565323792,1.0,2.0,1.0,1.0,7612.0,1000.0
7613.0,0.943654,2.4412396467394423E-10,7613.0,18.0,1.0,1.4210573700675777,1.0,2.0,1.0,1.0,7613.0,1000.0
7614.0,0.943744,2.441472477383096E-10,7614.0,18.0,1.0,1.420870732640461,1.0,2.0,1.0,1.0,7614.0,1000.0
7615.0,0.943837,2.441713069048205E-10,7615.0,18.0,1.0,1.4206841442317097,1.0,2.0,1.0,1.0,7615.0,1000.0
7616.0,0.943928,2.441948486699011E-10,7616.0,18.0,1.0,1.4204976048220155,1.0,2.0,1.0,1.0,7616.0,1000.0
7617.0,0.944017,2.442178730335513E-10,7617.0,18.0,1.0,1.4203111143920795,1.0,2.0,1.0,1.0,7617.0,1000.0
7618.0,0.944107,2.442411560979167E-10,7618.0,18.0,1.0,1.4201246729226136,1.0,2.0,1.0,1.0,7618.0,1000.0
7619.0,0.944197,2.4426443916228206E-10,7619.0,18.0,1.0,1.419938280394339,1.0,2.0,1.0,1.0,7619.0,1000.0
7620.0,0.944286,2.4428746352593227E-10,7620.0,18.0,1.0,1.419751936787988,1.0,2.0,1.0,1.0,7620.0,1000.0
7621.0,0.944378,2.44311263991728E-10,7621.0,18.0,1.0,1.4195656420843026,1.0,2.0,1.0,1.0,7621.0,1000.0
7622.0,0.944468,2.443345470560934E-10,7622.0,18.0,1.0,1.4193793962640344,1.0,2.0,1.0,1.0,7622.0,1000.0
7623.0,0.944556,2.443573127190284E-10,7623.0,18.0,1.0,1.4191931993079456,1.0,2.0,1.0,1.0,7623.0,1000.0
7624.0,0.944647,2.44380854484109E-10,7624.0,18.0,1.0,1.4190070511968087,1.0,2.0,1.0,1.0,7624.0,1000.0
7625.0,0.944737,2.4440413754847437E-10,7625.0,18.0,1.0,1.418820951911406,1.0,2.0,1.0,1.0,7625.0,1000.0
7626.0,0.944825,2.444269032114094E-10,7626.0,18.0,1.0,1.4186349014325295,1.0,2.0,1.0,1.0,7626.0,1000.0
7627.0,0.944916,2.4445044497648996E-10,7627.0,18.0,1.0,1.418448899740982,1.0,2.0,1.0,1.0,7627.0,1000.0
7628.0,0.945005,2.4447346934014017E-10,7628.0,18.0,1.0,1.418262946817576,1.0,2.0,1.0,1.0,7628.0,1000.0
7629.0,0.945096,2.4449701110522073E-10,7629.0,18.0,1.0,1.418077042643134,1.0,2.0,1.0,1.0,7629.0,1000.0
7630.0,0.945184,2.4451977676815577E-10,7630.0,18.0,1.0,1.4178911871984887,1.0,2.0,1.0,1.0,7630.0,1000.0
7631.0,0.945276,2.445435772339515E-10,7631.0,18.0,1.0,1.417705380464483,1.0,2.0,1.0,1.0,7631.0,1000.0
7632.0,0.945367,2.4456711899903206E-10,7632.0,18.0,1.0,1.4175196224219693,1.0,2.0,1.0,1.0,7632.0,1000.0
7633.0,0.945457,2.4459040206339744E-10,7633.0,18.0,1.0,1.4173339130518106,1.0,2.0,1.0,1.0,7633.0,1000.0
7634.0,0.945546,2.4461342642704765E-10,7634.0,18.0,1.0,1.4171482523348795,1.0,2.0,1.0,1.0,7634.0,1000.0
7635.0,0.945636,2.4463670949141304E-10,7635.0,18.0,1.0,1.416962640252059,1.0,2.0,1.0,1.0,7635.0,1000.0
7636.0,0.945727,2.446602512564936E-10,7636.0,18.0,1.0,1.4167770767842418,1.0,2.0,1.0,1.0,7636.0,1000.0
7637.0,0.945816,2.446832756201438E-10,7637.0,18.0,1.0,1.4165915619123308,1.0,2.0,1.0,1.0,7637.0,1000.0
7638.0,0.945905,2.44706299983794E-10,7638.0,18.0,1.0,1.4164060956172388,1.0,2.0,1.0,1.0,7638.0,1000.0
7639.0,0.945994,2.4472932434744423E-10,7639.0,18.0,1.0,1.4162206778798887,1.0,2.0,1.0,1.0,7639.0,1000.0
7640.0,0.946429,2.448418591585436E-10,7640.0,18.0,1.0,1.4160353086812134,1.0,2.0,1.0,1.0,7640.0,1000.0
7641.0,0.946794,2.44936284919581E-10,7641.0,18.0,1.0,1.4158499880021553,1.0,2.0,1.0,1.0,7641.0,1000.0
7642.0,0.947108,2.450175169441447E-10,7642.0,18.0,1.0,1.415664715823668,1.0,2.0,1.0,1.0,7642.0,1000.0
7643.0,0.947395,2.450917640493988E-10,7643.0,18.0,1.0,1.4154794921267133,1.0,2.0,1.0,1.0,7643.0,1000.0
7644.0,0.947691,2.451683394610894E-10,7644.0,18.0,1.0,1.4152943168922645,1.0,2.0,1.0,1.0,7644.0,1000.0
7645.0,0.947981,2.4524336266848895E-10,7645.0,18.0,1.0,1.415109190101304,1.0,2.0,1.0,1.0,7645.0,1000.0
7646.0,0.948251,2.453132118615851E-10,7646.0,18.0,1.0,1.4149241117348248,1.0,2.0,1.0,1.0,7646.0,1000.0
7647.0,0.948496,2.45376593536802E-10,7647.0,18.0,1.0,1.414739081773829,1.0,2.0,1.0,1.0,7647.0,1000.0
7648.0,0.948746,2.4544126871559474E-10,7648.0,18.0,1.0,1.4145541001993291,1.0,2.0,1.0,1.0,7648.0,1000.0
7649.0,0.948985,2.455030981865206E-10,7649.0,18.0,1.0,1.414369166992348,1.0,2.0,1.0,1.0,7649.0,1000.0
7650.0,0.949219,2.455636341538706E-10,7650.0,18.0,1.0,1.4141842821339177,1.0,2.0,1.0,1.0,7650.0,1000.0
7651.0,0.949336,2.455939021375456E-10,7651.0,18.0,1.0,1.4139994456050804,1.0,2.0,1.0,1.0,7651.0,1000.0
7652.0,0.949437,2.4562003090977786E-10,7652.0,18.0,1.0,1.4138146573868884,1.0,2.0,1.0,1.0,7652.0,1000.0
7653.0,0.949531,2.4564434877700393E-10,7653.0,18.0,1.0,1.4136299174604037,1.0,2.0,1.0,1.0,7653.0,1000.0
7654.0,0.949623,2.4566814924279966E-10,7654.0,18.0,1.0,1.4134452258066985,1.0,2.0,1.0,1.0,7654.0,1000.0
7655.0,0.949714,2.456916910078802E-10,7655.0,18.0,1.0,1.4132605824068543,1.0,2.0,1.0,1.0,7655.0,1000.0
7656.0,0.949808,2.457160088751063E-10,7656.0,18.0,1.0,1.4130759872419631,1.0,2.0,1.0,1.0,7656.0,1000.0
7657.0,0.949898,2.457392919394717E-10,7657.0,18.0,1.0,1.4128914402931265,1.0,2.0,1.0,1.0,7657.0,1000.0
7658.0,0.949992,2.4576360980669776E-10,7658.0,18.0,1.0,1.412706941541456,1.0,2.0,1.0,1.0,7658.0,1000.0
7659.0,0.950083,2.457871515717783E-10,7659.0,18.0,1.0,1.412522490968073,1.0,2.0,1.0,1.0,7659.0,1000.0
7660.0,0.950174,2.4581069333685887E-10,7660.0,18.0,1.0,1.4123380885541084,1.0,2.0,1.0,1.0,7660.0,1000.0
7661.0,0.950267,2.4583475250336977E-10,7661.0,18.0,1.0,1.4121537342807036,1.0,2.0,1.0,1.0,7661.0,1000.0
7662.0,0.950357,2.4585803556773516E-10,7662.0,18.0,1.0,1.4119694281290094,1.0,2.0,1.0,1.0,7662.0,1000.0
7663.0,0.950448,2.458815773328157E-10,7663.0,18.0,1.0,1.4117851700801867,1.0,2.0,1.0,1.0,7663.0,1000.0
7664.0,0.950542,2.459058952000418E-10,7664.0,18.0,1.0,1.4116009601154058,1.0,2.0,1.0,1.0,7664.0,1000.0
7665.0,0.950633,2.4592943696512235E-10,7665.0,18.0,1.0,1.4114167982158474,1.0,2.0,1.0,1.0,7665.0,1000.0
7666.0,0.950722,2.4595246132877256E-10,7666.0,18.0,1.0,1.4112326843627014,1.0,2.0,1.0,1.0,7666.0,1000.0
7667.0,0.950811,2.4597548569242277E-10,7667.0,18.0,1.0,1.4110486185371682,1.0,2.0,1.0,1.0,7667.0,1000.0
7668.0,0.9509,2.45998510056073E-10,7668.0,18.0,1.0,1.4108646007204577,1.0,2.0,1.0,1.0,7668.0,1000.0
7669.0,0.950991,2.4602205182115354E-10,7669.0,18.0,1.0,1.4106806308937891,1.0,2.0,1.0,1.0,7669.0,1000.0
7670.0,0.95108,2.4604507618480375E-10,7670.0,18.0,1.0,1.4104967090383924,1.0,2.0,1.0,1.0,7670.0,1000.0
7671.0,0.951171,2.460686179498843E-10,7671.0,18.0,1.0,1.4103128351355063,1.0,2.0,1.0,1.0,7671.0,1000.0
7672.0,0.951262,2.4609215971496486E-10,7672.0,18.0,1.0,1.4101290091663803,1.0,2.0,1.0,1.0,7672.0,1000.0
7673.0,0.951351,2.461151840786151E-10,7673.0,18.0,1.0,1.4099452311122729,1.0,2.0,1.0,1.0,7673.0,1000.0
7674.0,0.951439,2.461379497415501E-10,7674.0,18.0,1.0,1.4097615009544526,1.0,2.0,1.0,1.0,7674.0,1000.0
7675.0,0.95153,2.4616149150663067E-10,7675.0,18.0,1.0,1.409577818674198,1.0,2.0,1.0,1.0,7675.0,1000.0
7676.0,0.951619,2.461845158702809E-10,7676.0,18.0,1.0,1.409394184252797,1.0,2.0,1.0,1.0,7676.0,1000.0
7677.0,0.951709,2.4620779893464627E-10,7677.0,18.0,1.0,1.4092105976715474,1.0,2.0,1.0,1.0,7677.0,1000.0
7678.0,0.951799,2.4623108199901165E-10,7678.0,18.0,1.0,1.4090270589117568,1.0,2.0,1.0,1.0,7678.0,1000.0
7679.0,0.95189,2.462546237640922E-10,7679.0,18.0,1.0,1.4088435679547429,1.0,2.0,1.0,1.0,7679.0,1000.0
7680.0,0.951991,2.462807525363245E-10,7680.0,18.0,1.0,1.408660124781832,1.0,2.0,1.0,1.0,7680.0,1000.0
7681.0,0.952085,2.4630507040355057E-10,7681.0,18.0,1.0,1.4084767293743614,1.0,2.0,1.0,1.0,7681.0,1000.0
7682.0,0.952173,2.463278360664856E-10,7682.0,18.0,1.0,1.4082933817136774,1.0,2.0,1.0,1.0,7682.0,1000.0
7683.0,0.952263,2.46351119130851E-10,7683.0,18.0,1.0,1.4081100817811363,1.0,2.0,1.0,1.0,7683.0,1000.0
7684.0,0.952355,2.463749195966467E-10,7684.0,18.0,1.0,1.4079268295581038,1.0,2.0,1.0,1.0,7684.0,1000.0
7685.0,0.952444,2.4639794396029693E-10,7685.0,18.0,1.0,1.4077436250259556,1.0,2.0,1.0,1.0,7685.0,1000.0
7686.0,0.952536,2.4642174442609266E-10,7686.0,18.0,1.0,1.4075604681660772,1.0,2.0,1.0,1.0,7686.0,1000.0
7687.0,0.952626,2.4644502749045805E-10,7687.0,18.0,1.0,1.4073773589598633,1.0,2.0,1.0,1.0,7687.0,1000.0
7688.0,0.952716,2.4646831055482343E-10,7688.0,18.0,1.0,1.4071942973887188,1.0,2.0,1.0,1.0,7688.0,1000.0
7689.0,0.952807,2.46491852319904E-10,7689.0,18.0,1.0,1.4070112834340578,1.0,2.0,1.0,1.0,7689.0,1000.0
7690.0,0.952898,2.4651539408498455E-10,7690.0,18.0,1.0,1.4068283170773042,1.0,2.0,1.0,1.0,7690.0,1000.0
7691.0,0.95299,2.465391945507803E-10,7691.0,18.0,1.0,1.406645398299892,1.0,2.0,1.0,1.0,7691.0,1000.0
7692.0,0.95308,2.4656247761514566E-10,7692.0,18.0,1.0,1.4064625270832645,1.0,2.0,1.0,1.0,7692.0,1000.0
7693.0,0.95317,2.4658576067951104E-10,7693.0,18.0,1.0,1.4062797034088743,1.0,2.0,1.0,1.0,7693.0,1000.0
7694.0,0.953258,2.466085263424461E-10,7694.0,18.0,1.0,1.4060969272581842,1.0,2.0,1.0,1.0,7694.0,1000.0
7695.0,0.953348,2.4663180940681147E-10,7695.0,18.0,1.0,1.4059141986126666,1.0,2.0,1.0,1.0,7695.0,1000.0
7696.0,0.953441,2.4665586857332237E-10,7696.0,18.0,1.0,1.4057315174538032,1.0,2.0,1.0,1.0,7696.0,1000.0
7697.0,0.953531,2.4667915163768775E-10,7697.0,18.0,1.0,1.4055488837630856,1.0,2.0,1.0,1.0,7697.0,1000.0
7698.0,0.953621,2.4670243470205314E-10,7698.0,18.0,1.0,1.4053662975220147,1.0,2.0,1.0,1.0,7698.0,1000.0
7699.0,0.953711,2.467257177664185E-10,7699.0,18.0,1.0,1.4051837587121014,1.0,2.0,1.0,1.0,7699.0,1000.0
7700.0,0.9538,2.4674874213006873E-10,7700.0,18.0,1.0,1.4050012673148662,1.0,2.0,1.0,1.0,7700.0,1000.0
7701.0,0.953893,2.4677280129657964E-10,7701.0,18.0,1.0,1.4048188233118386,1.0,2.0,1.0,1.0,7701.0,1000.0
7702.0,0.953983,2.46796084360945E-10,7702.0,18.0,1.0,1.4046364266845586,1.0,2.0,1.0,1.0,7702.0,1000.0
7703.0,0.954074,2.468196261260256E-10,7703.0,18.0,1.0,1.4044540774145748,1.0,2.0,1.0,1.0,7703.0,1000.0
7704.0,0.954165,2.4684316789110614E-10,7704.0,18.0,1.0,1.4042717754834462,1.0,2.0,1.0,1.0,7704.0,1000.0
7705.0,0.954253,2.468659335540412E-10,7705.0,18.0,1.0,1.404089520872741,1.0,2.0,1.0,1.0,7705.0,1000.0
7706.0,0.954343,2.4688921661840656E-10,7706.0,18.0,1.0,1.403907313564037,1.0,2.0,1.0,1.0,7706.0,1000.0
7707.0,0.954435,2.469130170842023E-10,7707.0,18.0,1.0,1.4037251535389217,1.0,2.0,1.0,1.0,7707.0,1000.0
7708.0,0.954527,2.46936817549998E-10,7708.0,18.0,1.0,1.403543040778992,1.0,2.0,1.0,1.0,7708.0,1000.0
7709.0,0.954616,2.4695984191364823E-10,7709.0,18.0,1.0,1.4033609752658542,1.0,2.0,1.0,1.0,7709.0,1000.0
7710.0,0.954705,2.4698286627729844E-10,7710.0,18.0,1.0,1.4031789569811244,1.0,2.0,1.0,1.0,7710.0,1000.0
7711.0,0.954797,2.4700666674309417E-10,7711.0,18.0,1.0,1.4029969859064284,1.0,2.0,1.0,1.0,7711.0,1000.0
7712.0,0.954889,2.470304672088899E-10,7712.0,18.0,1.0,1.4028150620234012,1.0,2.0,1.0,1.0,7712.0,1000.0
7713.0,0.954978,2.470534915725401E-10,7713.0,18.0,1.0,1.4026331853136873,1.0,2.0,1.0,1.0,7713.0,1000.0
7714.0,0.955069,2.4707703333762067E-10,7714.0,18.0,1.0,1.4024513557589409,1.0,2.0,1.0,1.0,7714.0,1000.0
7715.0,0.955158,2.471000577012709E-10,7715.0,18.0,1.0,1.4022695733408257,1.0,2.0,1.0,1.0,7715.0,1000.0
7716.0,0.95525,2.471238581670666E-10,7716.0,18.0,1.0,1.4020878380410147,1.0,2.0,1.0,1.0,7716.0,1000.0
7717.0,0.955341,2.4714739993214717E-10,7717.0,18.0,1.0,1.4019061498411909,1.0,2.0,1.0,1.0,7717.0,1000.0
7718.0,0.955429,2.471701655950822E-10,7718.0,18.0,1.0,1.401724508723046,1.0,2.0,1.0,1.0,7718.0,1000.0
7719.0,0.95552,2.4719370736016276E-10,7719.0,18.0,1.0,1.401542914668282,1.0,2.0,1.0,1.0,7719.0,1000.0
7720.0,0.955616,2.472185426288192E-10,7720.0,18.0,1.0,1.40136136765861,1.0,2.0,1.0,1.0,7720.0,1000.0
7721.0,0.955708,2.472423430946149E-10,7721.0,18.0,1.0,1.4011798676757505,1.0,2.0,1.0,1.0,7721.0,1000.0
7722.0,0.955986,2.4731426189343245E-10,7722.0,18.0,1.0,1.4009984147014336,1.0,2.0,1.0,1.0,7722.0,1000.0
7723.0,0.956353,2.474092050559002E-10,7723.0,18.0,1.0,1.4008170087173986,1.0,2.0,1.0,1.0,7723.0,1000.0
7724.0,0.956623,2.4747905424899635E-10,7724.0,18.0,1.0,1.400635649705395,1.0,2.0,1.0,1.0,7724.0,1000.0
7725.0,0.956822,2.4753053569131535E-10,7725.0,18.0,1.0,1.4004543376471805,1.0,2.0,1.0,1.0,7725.0,1000.0
7726.0,0.956931,2.4755873406926896E-10,7726.0,18.0,1.0,1.4002730725245236,1.0,2.0,1.0,1.0,7726.0,1000.0
7727.0,0.95703,2.475843454400709E-10,7727.0,18.0,1.0,1.4000918543192014,1.0,2.0,1.0,1.0,7727.0,1000.0
7728.0,0.957128,2.4760969811015766E-10,7728.0,18.0,1.0,1.3999106830130008,1.0,2.0,1.0,1.0,7728.0,1000.0
7729.0,0.957222,2.4763401597738374E-10,7729.0,18.0,1.0,1.3997295585877176,1.0,2.0,1.0,1.0,7729.0,1000.0
7730.0,0.957315,2.4765807514389464E-10,7730.0,18.0,1.0,1.3995484810251577,1.0,2.0,1.0,1.0,7730.0,1000.0
7731.0,0.957407,2.4768187560969037E-10,7731.0,18.0,1.0,1.399367450307136,1.0,2.0,1.0,1.0,7731.0,1000.0
7732.0,0.957499,2.477056760754861E-10,7732.0,18.0,1.0,1.3991864664154772,1.0,2.0,1.0,1.0,7732.0,1000.0
7733.0,0.957589,2.477289591398515E-10,7733.0,18.0,1.0,1.3990055293320147,1.0,2.0,1.0,1.0,7733.0,1000.0
7734.0,0.957681,2.477527596056472E-10,7734.0,18.0,1.0,1.3988246390385919,1.0,2.0,1.0,1.0,7734.0,1000.0
7735.0,0.957771,2.477760426700126E-10,7735.0,18.0,1.0,1.3986437955170614,1.0,2.0,1.0,1.0,7735.0,1000.0
7736.0,0.957863,2.4779984313580833E-10,7736.0,18.0,1.0,1.3984629987492851,1.0,2.0,1.0,1.0,7736.0,1000.0
7737.0,0.957953,2.478231262001737E-10,7737.0,18.0,1.0,1.3982822487171345,1.0,2.0,1.0,1.0,7737.0,1000.0
7738.0,0.958044,2.4784666796525427E-10,7738.0,18.0,1.0,1.3981015454024903,1.0,2.0,1.0,1.0,7738.0,1000.0
7739.0,0.958133,2.478696923289045E-10,7739.0,18.0,1.0,1.3979208887872425,1.0,2.0,1.0,1.0,7739.0,1000.0
7740.0,0.958225,2.478934927947002E-10,7740.0,18.0,1.0,1.3977402788532907,1.0,2.0,1.0,1.0,7740.0,1000.0
7741.0,0.958318,2.479175519612111E-10,7741.0,18.0,1.0,1.3975597155825437,1.0,2.0,1.0,1.0,7741.0,1000.0
7742.0,0.958408,2.479408350255765E-10,7742.0,18.0,1.0,1.3973791989569193,1.0,2.0,1.0,1.0,7742.0,1000.0
7743.0,0.958499,2.4796437679065706E-10,7743.0,18.0,1.0,1.3971987289583456,1.0,2.0,1.0,1.0,7743.0,1000.0
7744.0,0.958592,2.4798843595716796E-10,7744.0,18.0,1.0,1.397018305568759,1.0,2.0,1.0,1.0,7744.0,1000.0
7745.0,0.958682,2.4801171902153334E-10,7745.0,18.0,1.0,1.3968379287701058,1.0,2.0,1.0,1.0,7745.0,1000.0
7746.0,0.958773,2.480352607866139E-10,7746.0,18.0,1.0,1.3966575985443415,1.0,2.0,1.0,1.0,7746.0,1000.0
7747.0,0.958864,2.4805880255169446E-10,7747.0,18.0,1.0,1.3964773148734309,1.0,2.0,1.0,1.0,7747.0,1000.0
7748.0,0.958956,2.480826030174902E-10,7748.0,18.0,1.0,1.3962970777393482,1.0,2.0,1.0,1.0,7748.0,1000.0
7749.0,0.959047,2.4810614478257074E-10,7749.0,18.0,1.0,1.3961168871240766,1.0,2.0,1.0,1.0,7749.0,1000.0
7750.0,0.959136,2.4812916914622095E-10,7750.0,18.0,1.0,1.395936743009609,1.0,2.0,1.0,1.0,7750.0,1000.0
7751.0,0.959228,2.481529696120167E-10,7751.0,18.0,1.0,1.3957566453779473,1.0,2.0,1.0,1.0,7751.0,1000.0
7752.0,0.95932,2.481767700778124E-10,7752.0,18.0,1.0,1.395576594211103,1.0,2.0,1.0,1.0,7752.0,1000.0
7753.0,0.959427,2.482044510543357E-10,7753.0,18.0,1.0,1.3953965894910962,1.0,2.0,1.0,1.0,7753.0,1000.0
7754.0,0.959519,2.482282515201314E-10,7754.0,18.0,1.0,1.3952166311999574,1.0,2.0,1.0,1.0,7754.0,1000.0
7755.0,0.959611,2.4825205198592714E-10,7755.0,18.0,1.0,1.3950367193197253,1.0,2.0,1.0,1.0,7755.0,1000.0
7756.0,0.959701,2.4827533505029253E-10,7756.0,18.0,1.0,1.3948568538324484,1.0,2.0,1.0,1.0,7756.0,1000.0
7757.0,0.95979,2.4829835941394274E-10,7757.0,18.0,1.0,1.3946770347201842,1.0,2.0,1.0,1.0,7757.0,1000.0
7758.0,0.95988,2.483216424783081E-10,7758.0,18.0,1.0,1.394497261965,1.0,2.0,1.0,1.0,7758.0,1000.0
7759.0,0.959969,2.4834466684195833E-10,7759.0,18.0,1.0,1.3943175355489714,1.0,2.0,1.0,1.0,7759.0,1000.0
7760.0,0.960065,2.4836950211061475E-10,7760.0,18.0,1.0,1.3941378554541843,1.0,2.0,1.0,1.0,7760.0,1000.0
7761.0,0.960157,2.483933025764105E-10,7761.0,18.0,1.0,1.3939582216627329,1.0,2.0,1.0,1.0,7761.0,1000.0
7762.0,0.960245,2.484160682393455E-10,7762.0,18.0,1.0,1.393778634156721,1.0,2.0,1.0,1.0,7762.0,1000.0
7763.0,0.960335,2.484393513037109E-10,7763.0,18.0,1.0,1.3935990929182622,1.0,2.0,1.0,1.0,7763.0,1000.0
7764.0,0.960425,2.484626343680763E-10,7764.0,18.0,1.0,1.3934195979294783,1.0,2.0,1.0,1.0,7764.0,1000.0
7765.0,0.960514,2.484856587317265E-10,7765.0,18.0,1.0,1.3932401491725008,1.0,2.0,1.0,1.0,7765.0,1000.0
7766.0,0.960604,2.485089417960919E-10,7766.0,18.0,1.0,1.3930607466294707,1.0,2.0,1.0,1.0,7766.0,1000.0
7767.0,0.960695,2.4853248356117245E-10,7767.0,18.0,1.0,1.3928813902825377,1.0,2.0,1.0,1.0,7767.0,1000.0
7768.0,0.960784,2.4855550792482266E-10,7768.0,18.0,1.0,1.3927020801138608,1.0,2.0,1.0,1.0,7768.0,1000.0
7769.0,0.960875,2.485790496899032E-10,7769.0,18.0,1.0,1.3925228161056082,1.0,2.0,1.0,1.0,7769.0,1000.0
7770.0,0.960964,2.486020740535534E-10,7770.0,18.0,1.0,1.3923435982399575,1.0,2.0,1.0,1.0,7770.0,1000.0
7771.0,0.961054,2.486253571179188E-10,7771.0,18.0,1.0,1.3921644264990953,1.0,2.0,1.0,1.0,7771.0,1000.0
7772.0,0.961143,2.48648381481569E-10,7772.0,18.0,1.0,1.3919853008652174,1.0,2.0,1.0,1.0,7772.0,1000.0
7773.0,0.961233,2.486716645459344E-10,7773.0,18.0,1.0,1.3918062213205287,1.0,2.0,1.0,1.0,7773.0,1000.0
7774.0,0.961322,2.486946889095846E-10,7774.0,18.0,1.0,1.3916271878472433,1.0,2.0,1.0,1.0,7774.0,1000.0
7775.0,0.961411,2.4871771327323483E-10,7775.0,18.0,1.0,1.3914482004275845,1.0,2.0,1.0,1.0,7775.0,1000.0
7776.0,0.961499,2.4874047893616987E-10,7776.0,18.0,1.0,1.3912692590437847,1.0,2.0,1.0,1.0,7776.0,1000.0
7777.0,0.96159,2.487640207012504E-10,7777.0,18.0,1.0,1.3910903636780854,1.0,2.0,1.0,1.0,7777.0,1000.0
7778.0,0.961679,2.4878704506490064E-10,7778.0,18.0,1.0,1.390911514312737,1.0,2.0,1.0,1.0,7778.0,1000.0
7779.0,0.961768,2.4881006942855085E-10,7779.0,18.0,1.0,1.39073271093,1.0,2.0,1.0,1.0,7779.0,1000.0
7780.0,0.961856,2.488328350914859E-10,7780.0,18.0,1.0,1.3905539535121427,1.0,2.0,1.0,1.0,7780.0,1000.0
7781.0,0.961949,2.488568942579968E-10,7781.0,18.0,1.0,1.3903752420414432,1.0,2.0,1.0,1.0,7781.0,1000.0
7782.0,0.962038,2.48879918621647E-10,7782.0,18.0,1.0,1.390196576500189,1.0,2.0,1.0,1.0,7782.0,1000.0
7783.0,0.962126,2.4890268428458204E-10,7783.0,18.0,1.0,1.3900179568706759,1.0,2.0,1.0,1.0,7783.0,1000.0
7784.0,0.962214,2.489254499475171E-10,7784.0,18.0,1.0,1.3898393831352094,1.0,2.0,1.0,1.0,7784.0,1000.0
7785.0,0.962306,2.489492504133128E-10,7785.0,18.0,1.0,1.389660855276104,1.0,2.0,1.0,1.0,7785.0,1000.0
7786.0,0.962394,2.4897201607624785E-10,7786.0,18.0,1.0,1.3894823732756831,1.0,2.0,1.0,1.0,7786.0,1000.0
7787.0,0.962483,2.4899504043989806E-10,7787.0,18.0,1.0,1.3893039371162796,1.0,2.0,1.0,1.0,7787.0,1000.0
7788.0,0.962572,2.4901806480354827E-10,7788.0,18.0,1.0,1.389125546780235,1.0,2.0,1.0,1.0,7788.0,1000.0
7789.0,0.962661,2.490410891671985E-10,7789.0,18.0,1.0,1.3889472022498999,1.0,2.0,1.0,1.0,7789.0,1000.0
7790.0,0.962751,2.4906437223156387E-10,7790.0,18.0,1.0,1.388768903507634,1.0,2.0,1.0,1.0,7790.0,1000.0
7791.0,0.962841,2.4908765529592925E-10,7791.0,18.0,1.0,1.3885906505358065,1.0,2.0,1.0,1.0,7791.0,1000.0
7792.0,0.96293,2.4911067965957947E-10,7792.0,18.0,1.0,1.3884124433167955,1.0,2.0,1.0,1.0,7792.0,1000.0
7793.0,0.963021,2.4913422142466E-10,7793.0,18.0,1.0,1.3882342818329874,1.0,2.0,1.0,1.0,7793.0,1000.0
7794.0,0.96311,2.4915724578831023E-10,7794.0,18.0,1.0,1.3880561660667783,1.0,2.0,1.0,1.0,7794.0,1000.0
7795.0,0.9632,2.491805288526756E-10,7795.0,18.0,1.0,1.3878780960005734,1.0,2.0,1.0,1.0,7795.0,1000.0
7796.0,0.963287,2.492030358148955E-10,7796.0,18.0,1.0,1.3877000716167869,1.0,2.0,1.0,1.0,7796.0,1000.0
7797.0,0.963378,2.4922657757997604E-10,7797.0,18.0,1.0,1.3875220928978413,1.0,2.0,1.0,1.0,7797.0,1000.0
7798.0,0.963467,2.4924960194362625E-10,7798.0,18.0,1.0,1.3873441598261695,1.0,2.0,1.0,1.0,7798.0,1000.0
7799.0,0.963561,2.4927391981085233E-10,7799.0,18.0,1.0,1.387166272384212,1.0,2.0,1.0,1.0,7799.0,1000.0
7800.0,0.963651,2.492972028752177E-10,7800.0,18.0,1.0,1.3869884305544191,1.0,2.0,1.0,1.0,7800.0,1000.0
7801.0,0.963743,2.4932100334101344E-10,7801.0,18.0,1.0,1.3868106343192501,1.0,2.0,1.0,1.0,7801.0,1000.0
7802.0,0.963833,2.4934428640537883E-10,7802.0,18.0,1.0,1.3866328836611728,1.0,2.0,1.0,1.0,7802.0,1000.0
7803.0,0.963923,2.493675694697442E-10,7803.0,18.0,1.0,1.3864551785626644,1.0,2.0,1.0,1.0,7803.0,1000.0
7804.0,0.964011,2.4939033513267925E-10,7804.0,18.0,1.0,1.3862775190062109,1.0,2.0,1.0,1.0,7804.0,1000.0
7805.0,0.9641,2.4941335949632946E-10,7805.0,18.0,1.0,1.3860999049743075,1.0,2.0,1.0,1.0,7805.0,1000.0
7806.0,0.964189,2.4943638385997967E-10,7806.0,18.0,1.0,1.3859223364494582,1.0,2.0,1.0,1.0,7806.0,1000.0
7807.0,0.964279,2.4945966692434506E-10,7807.0,18.0,1.0,1.3857448134141757,1.0,2.0,1.0,1.0,7807.0,1000.0
7808.0,0.96437,2.494832086894256E-10,7808.0,18.0,1.0,1.3855673358509824,1.0,2.0,1.0,1.0,7808.0,1000.0
7809.0,0.964461,2.4950675045450617E-10,7809.0,18.0,1.0,1.3853899037424087,1.0,2.0,1.0,1.0,7809.0,1000.0
7810.0,0.96455,2.495297748181564E-10,7810.0,18.0,1.0,1.3852125170709948,1.0,2.0,1.0,1.0,7810.0,1000.0
7811.0,0.964642,2.495535752839521E-10,7811.0,18.0,1.0,1.3850351758192894,1.0,2.0,1.0,1.0,7811.0,1000.0
7812.0,0.964731,2.495765996476023E-10,7812.0,18.0,1.0,1.38485787996985,1.0,2.0,1.0,1.0,7812.0,1000.0
7813.0,0.964822,2.496001414126829E-10,7813.0,18.0,1.0,1.3846806295052438,1.0,2.0,1.0,1.0,7813.0,1000.0
7814.0,0.96492,2.4962549408276965E-10,7814.0,18.0,1.0,1.3845034244080459,1.0,2.0,1.0,1.0,7814.0,1000.0
7815.0,0.965017,2.4965058805214124E-10,7815.0,18.0,1.0,1.3843262646608407,1.0,2.0,1.0,1.0,7815.0,1000.0
7816.0,0.965109,2.4967438851793697E-10,7816.0,18.0,1.0,1.3841491502462218,1.0,2.0,1.0,1.0,7816.0,1000.0
7817.0,0.965201,2.496981889837327E-10,7817.0,18.0,1.0,1.3839720811467915,1.0,2.0,1.0,1.0,7817.0,1000.0
7818.0,0.965291,2.497214720480981E-10,7818.0,18.0,1.0,1.3837950573451612,1.0,2.0,1.0,1.0,7818.0,1000.0
7819.0,0.965383,2.497452725138938E-10,7819.0,18.0,1.0,1.3836180788239505,1.0,2.0,1.0,1.0,7819.0,1000.0
7820.0,0.965473,2.497685555782592E-10,7820.0,18.0,1.0,1.383441145565789,1.0,2.0,1.0,1.0,7820.0,1000.0
7821.0,0.965691,2.498249523341665E-10,7821.0,18.0,1.0,1.383264257553314,1.0,2.0,1.0,1.0,7821.0,1000.0
7822.0,0.965912,2.4988212519221927E-10,7822.0,18.0,1.0,1.3830874147691727,1.0,2.0,1.0,1.0,7822.0,1000.0
7823.0,0.966012,2.499079952637364E-10,7823.0,18.0,1.0,1.3829106171960206,1.0,2.0,1.0,1.0,7823.0,1000.0
7824.0,0.966106,2.4993231313096246E-10,7824.0,18.0,1.0,1.3827338648165222,1.0,2.0,1.0,1.0,7824.0,1000.0
7825.0,0.966208,2.499587006039099E-10,7825.0,18.0,1.0,1.3825571576133509,1.0,2.0,1.0,1.0,7825.0,1000.0
7826.0,0.966301,2.499827597704208E-10,7826.0,18.0,1.0,1.3823804955691885,1.0,2.0,1.0,1.0,7826.0,1000.0
7827.0,0.966392,2.500063015355014E-10,7827.0,18.0,1.0,1.3822038786667268,1.0,2.0,1.0,1.0,7827.0,1000.0
7828.0,0.966484,2.500301020012971E-10,7828.0,18.0,1.0,1.382027306888665,1.0,2.0,1.0,1.0,7828.0,1000.0
7829.0,0.966578,2.500544198685232E-10,7829.0,18.0,1.0,1.3818507802177122,1.0,2.0,1.0,1.0,7829.0,1000.0
7830.0,0.966668,2.5007770293288856E-10,7830.0,18.0,1.0,1.3816742986365862,1.0,2.0,1.0,1.0,7830.0,1000.0
7831.0,0.966761,2.5010176209939947E-10,7831.0,18.0,1.0,1.381497862128013,1.0,2.0,1.0,1.0,7831.0,1000.0
7832.0,0.966852,2.5012530386448E-10,7832.0,18.0,1.0,1.381321470674728,1.0,2.0,1.0,1.0,7832.0,1000.0
7833.0,0.966944,2.5014910433027575E-10,7833.0,18.0,1.0,1.3811451242594752,1.0,2.0,1.0,1.0,7833.0,1000.0
7834.0,0.967035,2.501726460953563E-10,7834.0,18.0,1.0,1.3809688228650077,1.0,2.0,1.0,1.0,7834.0,1000.0
7835.0,0.967127,2.5019644656115204E-10,7835.0,18.0,1.0,1.3807925664740868,1.0,2.0,1.0,1.0,7835.0,1000.0
7836.0,0.967218,2.502199883262326E-10,7836.0,18.0,1.0,1.3806163550694832,1.0,2.0,1.0,1.0,7836.0,1000.0
7837.0,0.967312,2.5024430619345867E-10,7837.0,18.0,1.0,1.3804401886339759,1.0,2.0,1.0,1.0,7837.0,1000.0
7838.0,0.967404,2.502681066592544E-10,7838.0,18.0,1.0,1.3802640671503534,1.0,2.0,1.0,1.0,7838.0,1000.0
7839.0,0.967505,2.502942354314867E-10,7839.0,18.0,1.0,1.380087990601412,1.0,2.0,1.0,1.0,7839.0,1000.0
7840.0,0.967595,2.5031751849585207E-10,7840.0,18.0,1.0,1.3799119589699578,1.0,2.0,1.0,1.0,7840.0,1000.0
7841.0,0.967689,2.5034183636307815E-10,7841.0,18.0,1.0,1.379735972238805,1.0,2.0,1.0,1.0,7841.0,1000.0
7842.0,0.967781,2.503656368288739E-10,7842.0,18.0,1.0,1.3795600303907765,1.0,2.0,1.0,1.0,7842.0,1000.0
7843.0,0.967873,2.503894372946696E-10,7843.0,18.0,1.0,1.3793841334087045,1.0,2.0,1.0,1.0,7843.0,1000.0
7844.0,0.967966,2.504134964611805E-10,7844.0,18.0,1.0,1.3792082812754296,1.0,2.0,1.0,1.0,7844.0,1000.0
7845.0,0.968058,2.5043729692697624E-10,7845.0,18.0,1.0,1.3790324739738011,1.0,2.0,1.0,1.0,7845.0,1000.0
7846.0,0.968149,2.504608386920568E-10,7846.0,18.0,1.0,1.3788567114866772,1.0,2.0,1.0,1.0,7846.0,1000.0
7847.0,0.96824,2.5048438045713735E-10,7847.0,18.0,1.0,1.3786809937969249,1.0,2.0,1.0,1.0,7847.0,1000.0
7848.0,0.968344,2.5051128533151515E-10,7848.0,18.0,1.0,1.3785053208874196,1.0,2.0,1.0,1.0,7848.0,1000.0
7849.0,0.968436,2.505350857973109E-10,7849.0,18.0,1.0,1.378329692741046,1.0,2.0,1.0,1.0,7849.0,1000.0
7850.0,0.968526,2.5055836886167627E-10,7850.0,18.0,1.0,1.3781541093406968,1.0,2.0,1.0,1.0,7850.0,1000.0
7851.0,0.968619,2.5058242802818717E-10,7851.0,18.0,1.0,1.377978570669274,1.0,2.0,1.0,1.0,7851.0,1000.0
7852.0,0.96871,2.5060596979326773E-10,7852.0,18.0,1.0,1.3778030767096878,1.0,2.0,1.0,1.0,7852.0,1000.0
7853.0,0.968803,2.5063002895977863E-10,7853.0,18.0,1.0,1.377627627444858,1.0,2.0,1.0,1.0,7853.0,1000.0
7854.0,0.968894,2.506535707248592E-10,7854.0,18.0,1.0,1.377452222857712,1.0,2.0,1.0,1.0,7854.0,1000.0
7855.0,0.968985,2.5067711248993974E-10,7855.0,18.0,1.0,1.3772768629311865,1.0,2.0,1.0,1.0,7855.0,1000.0
7856.0,0.96908,2.50701689057881E-10,7856.0,18.0,1.0,1.377101547648227,1.0,2.0,1.0,1.0,7856.0,1000.0
7857.0,0.969172,2.507254895236767E-10,7857.0,18.0,1.0,1.376926276991787,1.0,2.0,1.0,1.0,7857.0,1000.0
7858.0,0.969263,2.507490312887573E-10,7858.0,18.0,1.0,1.3767510509448295,1.0,2.0,1.0,1.0,7858.0,1000.0
7859.0,0.969358,2.507736078566985E-10,7859.0,18.0,1.0,1.3765758694903256,1.0,2.0,1.0,1.0,7859.0,1000.0
7860.0,0.96945,2.5079740832249426E-10,7860.0,18.0,1.0,1.3764007326112557,1.0,2.0,1.0,1.0,7860.0,1000.0
7861.0,0.969543,2.5082146748900516E-10,7861.0,18.0,1.0,1.3762256402906081,1.0,2.0,1.0,1.0,7861.0,1000.0
7862.0,0.969634,2.508450092540857E-10,7862.0,18.0,1.0,1.37605059251138,1.0,2.0,1.0,1.0,7862.0,1000.0
7863.0,0.969724,2.508682923184511E-10,7863.0,18.0,1.0,1.3758755892565775,1.0,2.0,1.0,1.0,7863.0,1000.0
7864.0,0.969815,2.5089183408353166E-10,7864.0,18.0,1.0,1.3757006305092154,1.0,2.0,1.0,1.0,7864.0,1000.0
7865.0,0.969905,2.5091511714789704E-10,7865.0,18.0,1.0,1.3755257162523165,1.0,2.0,1.0,1.0,7865.0,1000.0
7866.0,0.969995,2.509384002122624E-10,7866.0,18.0,1.0,1.375350846468913,1.0,2.0,1.0,1.0,7866.0,1000.0
7867.0,0.970084,2.5096142457591264E-10,7867.0,18.0,1.0,1.3751760211420452,1.0,2.0,1.0,1.0,7867.0,1000.0
7868.0,0.970174,2.50984707640278E-10,7868.0,18.0,1.0,1.3750012402547622,1.0,2.0,1.0,1.0,7868.0,1000.0
7869.0,0.970265,2.510082494053586E-10,7869.0,18.0,1.0,1.374826503790122,1.0,2.0,1.0,1.0,7869.0,1000.0
7870.0,0.970357,2.510320498711543E-10,7870.0,18.0,1.0,1.3746518117311906,1.0,2.0,1.0,1.0,7870.0,1000.0
7871.0,0.970449,2.5105585033695004E-10,7871.0,18.0,1.0,1.374477164061043,1.0,2.0,1.0,1.0,7871.0,1000.0
7872.0,0.970538,2.5107887470060025E-10,7872.0,18.0,1.0,1.3743025607627628,1.0,2.0,1.0,1.0,7872.0,1000.0
7873.0,0.970628,2.5110215776496563E-10,7873.0,18.0,1.0,1.3741280018194424,1.0,2.0,1.0,1.0,7873.0,1000.0
7874.0,0.970719,2.511256995300462E-10,7874.0,18.0,1.0,1.373953487214182,1.0,2.0,1.0,1.0,7874.0,1000.0
7875.0,0.970809,2.511489825944116E-10,7875.0,18.0,1.0,1.3737790169300914,1.0,2.0,1.0,1.0,7875.0,1000.0
7876.0,0.970899,2.5117226565877696E-10,7876.0,18.0,1.0,1.373604590950288,1.0,2.0,1.0,1.0,7876.0,1000.0
7877.0,0.970991,2.511960661245727E-10,7877.0,18.0,1.0,1.373430209257899,1.0,2.0,1.0,1.0,7877.0,1000.0
7878.0,0.971081,2.5121934918893807E-10,7878.0,18.0,1.0,1.3732558718360586,1.0,2.0,1.0,1.0,7878.0,1000.0
7879.0,0.971176,2.512439257568793E-10,7879.0,18.0,1.0,1.373081578667911,1.0,2.0,1.0,1.0,7879.0,1000.0
7880.0,0.971265,2.5126695012052953E-10,7880.0,18.0,1.0,1.372907329736608,1.0,2.0,1.0,1.0,7880.0,1000.0
7881.0,0.971357,2.5129075058632526E-10,7881.0,18.0,1.0,1.37273312502531,1.0,2.0,1.0,1.0,7881.0,1000.0
7882.0,0.971447,2.5131403365069065E-10,7882.0,18.0,1.0,1.3725589645171872,1.0,2.0,1.0,1.0,7882.0,1000.0
7883.0,0.971538,2.513375754157712E-10,7883.0,18.0,1.0,1.3723848481954166,1.0,2.0,1.0,1.0,7883.0,1000.0
7884.0,0.97163,2.5136137588156693E-10,7884.0,18.0,1.0,1.372210776043185,1.0,2.0,1.0,1.0,7884.0,1000.0
7885.0,0.971722,2.5138517634736266E-10,7885.0,18.0,1.0,1.3720367480436868,1.0,2.0,1.0,1.0,7885.0,1000.0
7886.0,0.971812,2.5140845941172805E-10,7886.0,18.0,1.0,1.3718627641801255,1.0,2.0,1.0,1.0,7886.0,1000.0
7887.0,0.971994,2.5145554294188916E-10,7887.0,18.0,1.0,1.371688824435713,1.0,2.0,1.0,1.0,7887.0,1000.0
7888.0,0.972087,2.5147960210840006E-10,7888.0,18.0,1.0,1.37151492879367,1.0,2.0,1.0,1.0,7888.0,1000.0
7889.0,0.972178,2.515031438734806E-10,7889.0,18.0,1.0,1.3713410772372252,1.0,2.0,1.0,1.0,7889.0,1000.0
7890.0,0.972268,2.51526426937846E-10,7890.0,18.0,1.0,1.371167269749616,1.0,2.0,1.0,1.0,7890.0,1000.0
7891.0,0.972361,2.515504861043569E-10,7891.0,18.0,1.0,1.3709935063140881,1.0,2.0,1.0,1.0,7891.0,1000.0
7892.0,0.972451,2.515737691687223E-10,7892.0,18.0,1.0,1.3708197869138963,1.0,2.0,1.0,1.0,7892.0,1000.0
7893.0,0.972544,2.515978283352332E-10,7893.0,18.0,1.0,1.3706461115323032,1.0,2.0,1.0,1.0,7893.0,1000.0
7894.0,0.972633,2.516208526988834E-10,7894.0,18.0,1.0,1.3704724801525805,1.0,2.0,1.0,1.0,7894.0,1000.0
7895.0,0.972724,2.5164439446396396E-10,7895.0,18.0,1.0,1.3702988927580075,1.0,2.0,1.0,1.0,7895.0,1000.0
7896.0,0.972816,2.516681949297597E-10,7896.0,18.0,1.0,1.370125349331873,1.0,2.0,1.0,1.0,7896.0,1000.0
7897.0,0.972905,2.516912192934099E-10,7897.0,18.0,1.0,1.3699518498574736,1.0,2.0,1.0,1.0,7897.0,1000.0
7898.0,0.972995,2.517145023577753E-10,7898.0,18.0,1.0,1.3697783943181148,1.0,2.0,1.0,1.0,7898.0,1000.0
7899.0,0.973085,2.5173778542214067E-10,7899.0,18.0,1.0,1.3696049826971097,1.0,2.0,1.0,1.0,7899.0,1000.0
7900.0,0.973175,2.5176106848650606E-10,7900.0,18.0,1.0,1.369431614977781,1.0,2.0,1.0,1.0,7900.0,1000.0
7901.0,0.973267,2.517848689523018E-10,7901.0,18.0,1.0,1.369258291143459,1.0,2.0,1.0,1.0,7901.0,1000.0
7902.0,0.97336,2.518089281188127E-10,7902.0,18.0,1.0,1.3690850111774828,1.0,2.0,1.0,1.0,7902.0,1000.0
7903.0,0.97345,2.518322111831781E-10,7903.0,18.0,1.0,1.3689117750632,1.0,2.0,1.0,1.0,7903.0,1000.0
7904.0,0.97354,2.5185549424754346E-10,7904.0,18.0,1.0,1.3687385827839662,1.0,2.0,1.0,1.0,7904.0,1000.0
7905.0,0.973629,2.5187851861119367E-10,7905.0,18.0,1.0,1.3685654343231461,1.0,2.0,1.0,1.0,7905.0,1000.0
7906.0,0.97372,2.5190206037627423E-10,7906.0,18.0,1.0,1.368392329664112,1.0,2.0,1.0,1.0,7906.0,1000.0
7907.0,0.973811,2.519256021413548E-10,7907.0,18.0,1.0,1.3682192687902452,1.0,2.0,1.0,1.0,7907.0,1000.0
7908.0,0.9739,2.51948626505005E-10,7908.0,18.0,1.0,1.3680462516849354,1.0,2.0,1.0,1.0,7908.0,1000.0
7909.0,0.973991,2.5197216827008555E-10,7909.0,18.0,1.0,1.3678732783315803,1.0,2.0,1.0,1.0,7909.0,1000.0
7910.0,0.974083,2.519959687358813E-10,7910.0,18.0,1.0,1.3677003487135866,1.0,2.0,1.0,1.0,7910.0,1000.0
7911.0,0.974174,2.5201951050096184E-10,7911.0,18.0,1.0,1.3675274628143685,1.0,2.0,1.0,1.0,7911.0,1000.0
7912.0,0.974265,2.520430522660424E-10,7912.0,18.0,1.0,1.3673546206173495,1.0,2.0,1.0,1.0,7912.0,1000.0
7913.0,0.974355,2.520663353304078E-10,7913.0,18.0,1.0,1.367181822105961,1.0,2.0,1.0,1.0,7913.0,1000.0
7914.0,0.974447,2.520901357962035E-10,7914.0,18.0,1.0,1.3670090672636428,1.0,2.0,1.0,1.0,7914.0,1000.0
7915.0,0.974537,2.521134188605689E-10,7915.0,18.0,1.0,1.3668363560738432,1.0,2.0,1.0,1.0,7915.0,1000.0
7916.0,0.974625,2.5213618452350394E-10,7916.0,18.0,1.0,1.366663688520019,1.0,2.0,1.0,1.0,7916.0,1000.0
7917.0,0.974716,2.521597262885845E-10,7917.0,18.0,1.0,1.3664910645856347,1.0,2.0,1.0,1.0,7917.0,1000.0
7918.0,0.974808,2.521835267543802E-10,7918.0,18.0,1.0,1.3663184842541638,1.0,2.0,1.0,1.0,7918.0,1000.0
7919.0,0.974902,2.522078446216063E-10,7919.0,18.0,1.0,1.3661459475090882,1.0,2.0,1.0,1.0,7919.0,1000.0
7920.0,0.974991,2.522308689852565E-10,7920.0,18.0,1.0,1.3659734543338977,1.0,2.0,1.0,1.0,7920.0,1000.0
7921.0,0.975083,2.5225466945105224E-10,7921.0,18.0,1.0,1.3658010047120905,1.0,2.0,1.0,1.0,7921.0,1000.0
7922.0,0.975174,2.522782112161328E-10,7922.0,18.0,1.0,1.3656285986271737,1.0,2.0,1.0,1.0,7922.0,1000.0
7923.0,0.975263,2.52301235579783E-10,7923.0,18.0,1.0,1.3654562360626619,1.0,2.0,1.0,1.0,7923.0,1000.0
7924.0,0.975353,2.523245186441484E-10,7924.0,18.0,1.0,1.3652839170020785,1.0,2.0,1.0,1.0,7924.0,1000.0
7925.0,0.975444,2.5234806040922895E-10,7925.0,18.0,1.0,1.3651116414289552,1.0,2.0,1.0,1.0,7925.0,1000.0
7926.0,0.975535,2.523716021743095E-10,7926.0,18.0,1.0,1.3649394093268319,1.0,2.0,1.0,1.0,7926.0,1000.0
7927.0,0.975625,2.523948852386749E-10,7927.0,18.0,1.0,1.364767220679257,1.0,2.0,1.0,1.0,7927.0,1000.0
7928.0,0.975716,2.5241842700375545E-10,7928.0,18.0,1.0,1.3645950754697869,1.0,2.0,1.0,1.0,7928.0,1000.0
7929.0,0.975805,2.5244145136740566E-10,7929.0,18.0,1.0,1.3644229736819864,1.0,2.0,1.0,1.0,7929.0,1000.0
7930.0,0.975896,2.524649931324862E-10,7930.0,18.0,1.0,1.3642509152994287,1.0,2.0,1.0,1.0,7930.0,1000.0
7931.0,0.975989,2.524890522989971E-10,7931.0,18.0,1.0,1.3640789003056952,1.0,2.0,1.0,1.0,7931.0,1000.0
7932.0,0.976081,2.5251285276479285E-10,7932.0,18.0,1.0,1.363906928684376,1.0,2.0,1.0,1.0,7932.0,1000.0
7933.0,0.976173,2.525366532305886E-10,7933.0,18.0,1.0,1.3637350004190685,1.0,2.0,1.0,1.0,7933.0,1000.0
7934.0,0.976266,2.525607123970995E-10,7934.0,18.0,1.0,1.3635631154933792,1.0,2.0,1.0,1.0,7934.0,1000.0
7935.0,0.976354,2.525834780600345E-10,7935.0,18.0,1.0,1.3633912738909224,1.0,2.0,1.0,1.0,7935.0,1000.0
7936.0,0.976444,2.526067611243999E-10,7936.0,18.0,1.0,1.3632194755953213,1.0,2.0,1.0,1.0,7936.0,1000.0
7937.0,0.976535,2.5263030288948046E-10,7937.0,18.0,1.0,1.3630477205902065,1.0,2.0,1.0,1.0,7937.0,1000.0
7938.0,0.976626,2.52653844654561E-10,7938.0,18.0,1.0,1.3628760088592176,1.0,2.0,1.0,1.0,7938.0,1000.0
7939.0,0.976716,2.526771277189264E-10,7939.0,18.0,1.0,1.362704340386002,1.0,2.0,1.0,1.0,7939.0,1000.0
7940.0,0.976806,2.527004107832918E-10,7940.0,18.0,1.0,1.3625327151542153,1.0,2.0,1.0,1.0,7940.0,1000.0
7941.0,0.976897,2.5272395254837234E-10,7941.0,18.0,1.0,1.3623611331475216,1.0,2.0,1.0,1.0,7941.0,1000.0
7942.0,0.97699,2.5274801171488325E-10,7942.0,18.0,1.0,1.3621895943495932,1.0,2.0,1.0,1.0,7942.0,1000.0
7943.0,0.977079,2.5277103607853346E-10,7943.0,18.0,1.0,1.3620180987441104,1.0,2.0,1.0,1.0,7943.0,1000.0
7944.0,0.97717,2.52794577843614E-10,7944.0,18.0,1.0,1.361846646314762,1.0,2.0,1.0,1.0,7944.0,1000.0
7945.0,0.97726,2.528178609079794E-10,7945.0,18.0,1.0,1.3616752370452447,1.0,2.0,1.0,1.0,7945.0,1000.0
7946.0,0.97735,2.528411439723448E-10,7946.0,18.0,1.0,1.3615038709192637,1.0,2.0,1.0,1.0,7946.0,1000.0
7947.0,0.977442,2.528649444381405E-10,7947.0,18.0,1.0,1.3613325479205323,1.0,2.0,1.0,1.0,7947.0,1000.0
7948.0,0.977532,2.528882275025059E-10,7948.0,18.0,1.0,1.3611612680327718,1.0,2.0,1.0,1.0,7948.0,1000.0
7949.0,0.977621,2.529112518661561E-10,7949.0,18.0,1.0,1.3609900312397119,1.0,2.0,1.0,1.0,7949.0,1000.0
7950.0,0.977714,2.52935311032667E-10,7950.0,18.0,1.0,1.3608188375250905,1.0,2.0,1.0,1.0,7950.0,1000.0
7951.0,0.977806,2.5295911149846274E-10,7951.0,18.0,1.0,1.3606476868726538,1.0,2.0,1.0,1.0,7951.0,1000.0
7952.0,0.977895,2.5298213586211295E-10,7952.0,18.0,1.0,1.3604765792661557,1.0,2.0,1.0,1.0,7952.0,1000.0
7953.0,0.977985,2.5300541892647834E-10,7953.0,18.0,1.0,1.3603055146893588,1.0,2.0,1.0,1.0,7953.0,1000.0
7954.0,0.978076,2.530289606915589E-10,7954.0,18.0,1.0,1.3601344931260333,1.0,2.0,1.0,1.0,7954.0,1000.0
7955.0,0.978166,2.530522437559243E-10,7955.0,18.0,1.0,1.3599635145599585,1.0,2.0,1.0,1.0,7955.0,1000.0
7956.0,0.978257,2.5307578552100484E-10,7956.0,18.0,1.0,1.3597925789749208,1.0,2.0,1.0,1.0,7956.0,1000.0
7957.0,0.978345,2.530985511839399E-10,7957.0,18.0,1.0,1.3596216863547153,1.0,2.0,1.0,1.0,7957.0,1000.0
7958.0,0.978437,2.531223516497356E-10,7958.0,18.0,1.0,1.3594508366831453,1.0,2.0,1.0,1.0,7958.0,1000.0
7959.0,0.978526,2.531453760133858E-10,7959.0,18.0,1.0,1.3592800299440218,1.0,2.0,1.0,1.0,7959.0,1000.0
7960.0,0.978616,2.531686590777512E-10,7960.0,18.0,1.0,1.3591092661211646,1.0,2.0,1.0,1.0,7960.0,1000.0
7961.0,0.978708,2.5319245954354693E-10,7961.0,18.0,1.0,1.3589385451984008,1.0,2.0,1.0,1.0,7961.0,1000.0
7962.0,0.978803,2.532170361114882E-10,7962.0,18.0,1.0,1.3587678671595667,1.0,2.0,1.0,1.0,7962.0,1000.0
7963.0,0.978892,2.532400604751384E-10,7963.0,18.0,1.0,1.3585972319885056,1.0,2.0,1.0,1.0,7963.0,1000.0
7964.0,0.978983,2.5326360224021895E-10,7964.0,18.0,1.0,1.3584266396690696,1.0,2.0,1.0,1.0,7964.0,1000.0
7965.0,0.979071,2.53286367903154E-10,7965.0,18.0,1.0,1.3582560901851186,1.0,2.0,1.0,1.0,7965.0,1000.0
7966.0,0.979162,2.5330990966823454E-10,7966.0,18.0,1.0,1.358085583520521,1.0,2.0,1.0,1.0,7966.0,1000.0
7967.0,0.979252,2.5333319273259993E-10,7967.0,18.0,1.0,1.3579151196591528,1.0,2.0,1.0,1.0,7967.0,1000.0
7968.0,0.97934,2.5335595839553497E-10,7968.0,18.0,1.0,1.3577446985848982,1.0,2.0,1.0,1.0,7968.0,1000.0
7969.0,0.97943,2.5337924145990035E-10,7969.0,18.0,1.0,1.3575743202816501,1.0,2.0,1.0,1.0,7969.0,1000.0
7970.0,0.979522,2.534030419256961E-10,7970.0,18.0,1.0,1.3574039847333086,1.0,2.0,1.0,1.0,7970.0,1000.0
7971.0,0.979615,2.53427101092207E-10,7971.0,18.0,1.0,1.3572336919237824,1.0,2.0,1.0,1.0,7971.0,1000.0
7972.0,0.979705,2.5345038415657237E-10,7972.0,18.0,1.0,1.3570634418369882,1.0,2.0,1.0,1.0,7972.0,1000.0
7973.0,0.979794,2.534734085202226E-10,7973.0,18.0,1.0,1.3568932344568505,1.0,2.0,1.0,1.0,7973.0,1000.0
7974.0,0.979886,2.534972089860183E-10,7974.0,18.0,1.0,1.3567230697673025,1.0,2.0,1.0,1.0,7974.0,1000.0
7975.0,0.979975,2.535202333496685E-10,7975.0,18.0,1.0,1.3565529477522846,1.0,2.0,1.0,1.0,7975.0,1000.0
7976.0,0.980064,2.5354325771331873E-10,7976.0,18.0,1.0,1.356382868395746,1.0,2.0,1.0,1.0,7976.0,1000.0
7977.0,0.980154,2.535665407776841E-10,7977.0,18.0,1.0,1.3562128316816435,1.0,2.0,1.0,1.0,7977.0,1000.0
7978.0,0.980246,2.5359034124347985E-10,7978.0,18.0,1.0,1.356042837593942,1.0,2.0,1.0,1.0,7978.0,1000.0
7979.0,0.980334,2.536131069064149E-10,7979.0,18.0,1.0,1.3558728861166147,1.0,2.0,1.0,1.0,7979.0,1000.0
7980.0,0.980424,2.5363638997078027E-10,7980.0,18.0,1.0,1.3557029772336429,1.0,2.0,1.0,1.0,7980.0,1000.0
7981.0,0.980514,2.5365967303514566E-10,7981.0,18.0,1.0,1.3555331109290152,1.0,2.0,1.0,1.0,7981.0,1000.0
7982.0,0.980605,2.536832148002262E-10,7982.0,18.0,1.0,1.355363287186729,1.0,2.0,1.0,1.0,7982.0,1000.0
7983.0,0.980696,2.5370675656530677E-10,7983.0,18.0,1.0,1.3551935059907891,1.0,2.0,1.0,1.0,7983.0,1000.0
7984.0,0.980786,2.5373003962967215E-10,7984.0,18.0,1.0,1.355023767325209,1.0,2.0,1.0,1.0,7984.0,1000.0
7985.0,0.980875,2.5375306399332237E-10,7985.0,18.0,1.0,1.35485407117401,1.0,2.0,1.0,1.0,7985.0,1000.0
7986.0,0.980964,2.537760883569726E-10,7986.0,18.0,1.0,1.354684417521221,1.0,2.0,1.0,1.0,7986.0,1000.0
7987.0,0.981055,2.5379963012205313E-10,7987.0,18.0,1.0,1.354514806350879,1.0,2.0,1.0,1.0,7987.0,1000.0
7988.0,0.981143,2.5382239578498817E-10,7988.0,18.0,1.0,1.3543452376470293,1.0,2.0,1.0,1.0,7988.0,1000.0
7989.0,0.981233,2.5384567884935356E-10,7989.0,18.0,1.0,1.3541757113937252,1.0,2.0,1.0,1.0,7989.0,1000.0
7990.0,0.981324,2.538692206144341E-10,7990.0,18.0,1.0,1.3540062275750275,1.0,2.0,1.0,1.0,7990.0,1000.0
7991.0,0.981417,2.53893279780945E-10,7991.0,18.0,1.0,1.3538367861750056,1.0,2.0,1.0,1.0,7991.0,1000.0
7992.0,0.981506,2.5391630414459523E-10,7992.0,18.0,1.0,1.3536673871777365,1.0,2.0,1.0,1.0,7992.0,1000.0
7993.0,0.981597,2.539398459096758E-10,7993.0,18.0,1.0,1.353498030567305,1.0,2.0,1.0,1.0,7993.0,1000.0
7994.0,0.981689,2.539636463754715E-10,7994.0,18.0,1.0,1.3533287163278045,1.0,2.0,1.0,1.0,7994.0,1000.0
7995.0,0.98178,2.5398718814055207E-10,7995.0,18.0,1.0,1.3531594444433357,1.0,2.0,1.0,1.0,7995.0,1000.0
7996.0,0.98187,2.5401047120491746E-10,7996.0,18.0,1.0,1.3529902148980077,1.0,2.0,1.0,1.0,7996.0,1000.0
7997.0,0.981962,2.540342716707132E-10,7997.0,18.0,1.0,1.3528210276759371,1.0,2.0,1.0,1.0,7997.0,1000.0
7998.0,0.982055,2.540583308372241E-10,7998.0,18.0,1.0,1.352651882761249,1.0,2.0,1.0,1.0,7998.0,1000.0
7999.0,0.982148,2.54082390003735E-10,7999.0,18.0,1.0,1.3524827801380759,1.0,2.0,1.0,1.0,7999.0,1000.0
8000.0,0.982237,2.541054143673852E-10,8000.0,18.0,1.0,1.3523137197905588,1.0,2.0,1.0,1.0,8000.0,1000.0
8001.0,0.982329,2.5412921483318093E-10,8001.0,18.0,1.0,1.3521447017028458,1.0,2.0,1.0,1.0,8001.0,1000.0
8002.0,0.982419,2.541524978975463E-10,8002.0,18.0,1.0,1.3519757258590939,1.0,2.0,1.0,1.0,8002.0,1000.0
8003.0,0.982509,2.541757809619117E-10,8003.0,18.0,1.0,1.3518067922434673,1.0,2.0,1.0,1.0,8003.0,1000.0
8004.0,0.982598,2.541988053255619E-10,8004.0,18.0,1.0,1.3516379008401387,1.0,2.0,1.0,1.0,8004.0,1000.0
8005.0,0.982689,2.5422234709064247E-10,8005.0,18.0,1.0,1.351469051633288,1.0,2.0,1.0,1.0,8005.0,1000.0
8006.0,0.982781,2.542461475564382E-10,8006.0,18.0,1.0,1.3513002446071034,1.0,2.0,1.0,1.0,8006.0,1000.0
8007.0,0.982871,2.542694306208036E-10,8007.0,18.0,1.0,1.3511314797457812,1.0,2.0,1.0,1.0,8007.0,1000.0
8008.0,0.982962,2.5429297238588414E-10,8008.0,18.0,1.0,1.3509627570335252,1.0,2.0,1.0,1.0,8008.0,1000.0
8009.0,0.983054,2.5431677285167987E-10,8009.0,18.0,1.0,1.3507940764545474,1.0,2.0,1.0,1.0,8009.0,1000.0
8010.0,0.983145,2.5434031461676043E-10,8010.0,18.0,1.0,1.3506254379930673,1.0,2.0,1.0,1.0,8010.0,1000.0
8011.0,0.983237,2.5436411508255616E-10,8011.0,18.0,1.0,1.350456841633313,1.0,2.0,1.0,1.0,8011.0,1000.0
8012.0,0.983327,2.5438739814692154E-10,8012.0,18.0,1.0,1.3502882873595194,1.0,2.0,1.0,1.0,8012.0,1000.0
8013.0,0.983417,2.5441068121128693E-10,8013.0,18.0,1.0,1.3501197751559304,1.0,2.0,1.0,1.0,8013.0,1000.0
8014.0,0.98351,2.5443474037779783E-10,8014.0,18.0,1.0,1.3499513050067968,1.0,2.0,1.0,1.0,8014.0,1000.0
8015.0,0.9836,2.544580234421632E-10,8015.0,18.0,1.0,1.349782876896378,1.0,2.0,1.0,1.0,8015.0,1000.0
8016.0,0.983692,2.5448182390795894E-10,8016.0,18.0,1.0,1.349614490808941,1.0,2.0,1.0,1.0,8016.0,1000.0
8017.0,0.983781,2.5450484827160916E-10,8017.0,18.0,1.0,1.3494461467287602,1.0,2.0,1.0,1.0,8017.0,1000.0
8018.0,0.983872,2.545283900366897E-10,8018.0,18.0,1.0,1.3492778446401184,1.0,2.0,1.0,1.0,8018.0,1000.0
8019.0,0.983962,2.545516731010551E-10,8019.0,18.0,1.0,1.3491095845273064,1.0,2.0,1.0,1.0,8019.0,1000.0
8020.0,0.984051,2.545746974647053E-10,8020.0,18.0,1.0,1.3489413663746221,1.0,2.0,1.0,1.0,8020.0,1000.0
8021.0,0.984144,2.545987566312162E-10,8021.0,18.0,1.0,1.348773190166372,1.0,2.0,1.0,1.0,8021.0,1000.0
8022.0,0.984234,2.546220396955816E-10,8022.0,18.0,1.0,1.3486050558868699,1.0,2.0,1.0,1.0,8022.0,1000.0
8023.0,0.984323,2.546450640592318E-10,8023.0,18.0,1.0,1.3484369635204374,1.0,2.0,1.0,1.0,8023.0,1000.0
8024.0,0.984414,2.5466860582431236E-10,8024.0,18.0,1.0,1.3482689130514045,1.0,2.0,1.0,1.0,8024.0,1000.0
8025.0,0.984504,2.5469188888867775E-10,8025.0,18.0,1.0,1.3481009044641084,1.0,2.0,1.0,1.0,8025.0,1000.0
8026.0,0.984595,2.547154306537583E-10,8026.0,18.0,1.0,1.3479329377428944,1.0,2.0,1.0,1.0,8026.0,1000.0
8027.0,0.984686,2.5473897241883886E-10,8027.0,18.0,1.0,1.3477650128721153,1.0,2.0,1.0,1.0,8027.0,1000.0
8028.0,0.984775,2.547619967824891E-10,8028.0,18.0,1.0,1.3475971298361322,1.0,2.0,1.0,1.0,8028.0,1000.0
8029.0,0.984865,2.5478527984685446E-10,8029.0,18.0,1.0,1.3474292886193138,1.0,2.0,1.0,1.0,8029.0,1000.0
8030.0,0.984956,2.54808821611935E-10,8030.0,18.0,1.0,1.3472614892060362,1.0,2.0,1.0,1.0,8030.0,1000.0
8031.0,0.985047,2.5483236337701557E-10,8031.0,18.0,1.0,1.3470937315806835,1.0,2.0,1.0,1.0,8031.0,1000.0
8032.0,0.985138,2.5485590514209613E-10,8032.0,18.0,1.0,1.3469260157276481,1.0,2.0,1.0,1.0,8032.0,1000.0
8033.0,0.985227,2.5487892950574634E-10,8033.0,18.0,1.0,1.3467583416313296,1.0,2.0,1.0,1.0,8033.0,1000.0
8034.0,0.985317,2.5490221257011173E-10,8034.0,18.0,1.0,1.3465907092761351,1.0,2.0,1.0,1.0,8034.0,1000.0
8035.0,0.985408,2.549257543351923E-10,8035.0,18.0,1.0,1.3464231186464803,1.0,2.0,1.0,1.0,8035.0,1000.0
8036.0,0.985499,2.5494929610027284E-10,8036.0,18.0,1.0,1.3462555697267882,1.0,2.0,1.0,1.0,8036.0,1000.0
8037.0,0.98559,2.549728378653534E-10,8037.0,18.0,1.0,1.3460880625014893,1.0,2.0,1.0,1.0,8037.0,1000.0
8038.0,0.985679,2.549958622290036E-10,8038.0,18.0,1.0,1.3459205969550223,1.0,2.0,1.0,1.0,8038.0,1000.0
8039.0,0.98577,2.5501940399408417E-10,8039.0,18.0,1.0,1.3457531730718335,1.0,2.0,1.0,1.0,8039.0,1000.0
8040.0,0.98586,2.5504268705844955E-10,8040.0,18.0,1.0,1.3455857908363769,1.0,2.0,1.0,1.0,8040.0,1000.0
8041.0,0.985953,2.5506674622496045E-10,8041.0,18.0,1.0,1.345418450233114,1.0,2.0,1.0,1.0,8041.0,1000.0
8042.0,0.986045,2.550905466907562E-10,8042.0,18.0,1.0,1.3452511512465144,1.0,2.0,1.0,1.0,8042.0,1000.0
8043.0,0.986137,2.551143471565519E-10,8043.0,18.0,1.0,1.3450838938610554,1.0,2.0,1.0,1.0,8043.0,1000.0
8044.0,0.986227,2.551376302209173E-10,8044.0,18.0,1.0,1.344916678061222,1.0,2.0,1.0,1.0,8044.0,1000.0
8045.0,0.986316,2.551606545845675E-10,8045.0,18.0,1.0,1.3447495038315065,1.0,2.0,1.0,1.0,8045.0,1000.0
8046.0,0.986406,2.551839376489329E-10,8046.0,18.0,1.0,1.3445823711564093,1.0,2.0,1.0,1.0,8046.0,1000.0
8047.0,0.986498,2.552077381147286E-10,8047.0,18.0,1.0,1.3444152800204385,1.0,2.0,1.0,1.0,8047.0,1000.0
8048.0,0.986588,2.55231021179094E-10,8048.0,18.0,1.0,1.34424823040811,1.0,2.0,1.0,1.0,8048.0,1000.0
8049.0,0.986677,2.552540455427442E-10,8049.0,18.0,1.0,1.344081222303947,1.0,2.0,1.0,1.0,8049.0,1000.0
8050.0,0.986767,2.552773286071096E-10,8050.0,18.0,1.0,1.3439142556924808,1.0,2.0,1.0,1.0,8050.0,1000.0
8051.0,0.98686,2.553013877736205E-10,8051.0,18.0,1.0,1.34374733055825,1.0,2.0,1.0,1.0,8051.0,1000.0
8052.0,0.98695,2.553246708379859E-10,8052.0,18.0,1.0,1.343580446885801,1.0,2.0,1.0,1.0,8052.0,1000.0
8053.0,0.987038,2.5534743650092093E-10,8053.0,18.0,1.0,1.3434136046596883,1.0,2.0,1.0,1.0,8053.0,1000.0
8054.0,0.987129,2.553709782660015E-10,8054.0,18.0,1.0,1.3432468038644736,1.0,2.0,1.0,1.0,8054.0,1000.0
8055.0,0.987219,2.5539426133036687E-10,8055.0,18.0,1.0,1.3430800444847262,1.0,2.0,1.0,1.0,8055.0,1000.0
8056.0,0.98731,2.5541780309544743E-10,8056.0,18.0,1.0,1.3429133265050235,1.0,2.0,1.0,1.0,8056.0,1000.0
8057.0,0.987399,2.5544082745909764E-10,8057.0,18.0,1.0,1.3427466499099503,1.0,2.0,1.0,1.0,8057.0,1000.0
8058.0,0.987491,2.5546462792489337E-10,8058.0,18.0,1.0,1.342580014684099,1.0,2.0,1.0,1.0,8058.0,1000.0
8059.0,0.987581,2.5548791098925875E-10,8059.0,18.0,1.0,1.3424134208120697,1.0,2.0,1.0,1.0,8059.0,1000.0
8060.0,0.987674,2.5551197015576966E-10,8060.0,18.0,1.0,1.3422468682784703,1.0,2.0,1.0,1.0,8060.0,1000.0
8061.0,0.987764,2.5553525322013504E-10,8061.0,18.0,1.0,1.3420803570679158,1.0,2.0,1.0,1.0,8061.0,1000.0
8062.0,0.987853,2.5555827758378525E-10,8062.0,18.0,1.0,1.3419138871650298,1.0,2.0,1.0,1.0,8062.0,1000.0
8063.0,0.987945,2.55582078049581E-10,8063.0,18.0,1.0,1.3417474585544424,1.0,2.0,1.0,1.0,8063.0,1000.0
8064.0,0.988034,2.556051024132312E-10,8064.0,18.0,1.0,1.3415810712207923,1.0,2.0,1.0,1.0,8064.0,1000.0
8065.0,0.988125,2.5562864417831175E-10,8065.0,18.0,1.0,1.3414147251487254,1.0,2.0,1.0,1.0,8065.0,1000.0
8066.0,0.988218,2.5565270334482265E-10,8066.0,18.0,1.0,1.341248420322895,1.0,2.0,1.0,1.0,8066.0,1000.0
8067.0,0.988308,2.5567598640918804E-10,8067.0,18.0,1.0,1.341082156727962,1.0,2.0,1.0,1.0,8067.0,1000.0
8068.0,0.988398,2.556992694735534E-10,8068.0,18.0,1.0,1.3409159343485957,1.0,2.0,1.0,1.0,8068.0,1000.0
8069.0,0.988488,2.557225525379188E-10,8069.0,18.0,1.0,1.340749753169472,1.0,2.0,1.0,1.0,8069.0,1000.0
8070.0,0.988579,2.5574609430299936E-10,8070.0,18.0,1.0,1.340583613175275,1.0,2.0,1.0,1.0,8070.0,1000.0
8071.0,0.988673,2.5577041217022544E-10,8071.0,18.0,1.0,1.3404175143506962,1.0,2.0,1.0,1.0,8071.0,1000.0
8072.0,0.988763,2.557936952345908E-10,8072.0,18.0,1.0,1.3402514566804349,1.0,2.0,1.0,1.0,8072.0,1000.0
8073.0,0.988853,2.558169782989562E-10,8073.0,18.0,1.0,1.3400854401491973,1.0,2.0,1.0,1.0,8073.0,1000.0
8074.0,0.989256,2.559212346871701E-10,8074.0,18.0,1.0,1.339919464741698,1.0,2.0,1.0,1.0,8074.0,1000.0
8075.0,0.989454,2.55972457428774E-10,8075.0,18.0,1.0,1.3397535304426589,1.0,2.0,1.0,1.0,8075.0,1000.0
8076.0,0.989563,2.560006558067276E-10,8076.0,18.0,1.0,1.339587637236809,1.0,2.0,1.0,1.0,8076.0,1000.0
8077.0,0.989659,2.5602549107538403E-10,8077.0,18.0,1.0,1.3394217851088857,1.0,2.0,1.0,1.0,8077.0,1000.0
8078.0,0.989755,2.5605032634404045E-10,8078.0,18.0,1.0,1.3392559740436334,1.0,2.0,1.0,1.0,8078.0,1000.0
8079.0,0.989853,2.560756790141272E-10,8079.0,18.0,1.0,1.339090204025804,1.0,2.0,1.0,1.0,8079.0,1000.0
8080.0,0.989946,2.560997381806381E-10,8080.0,18.0,1.0,1.3389244750401572,1.0,2.0,1.0,1.0,8080.0,1000.0
8081.0,0.990041,2.5612431474857936E-10,8081.0,18.0,1.0,1.3387587870714601,1.0,2.0,1.0,1.0,8081.0,1000.0
8082.0,0.99014,2.561499261193813E-10,8082.0,18.0,1.0,1.3385931401044877,1.0,2.0,1.0,1.0,8082.0,1000.0
8083.0,0.990245,2.561770896944743E-10,8083.0,18.0,1.0,1.338427534124022,1.0,2.0,1.0,1.0,8083.0,1000.0
8084.0,0.990349,2.562039945688521E-10,8084.0,18.0,1.0,1.3382619691148527,1.0,2.0,1.0,1.0,8084.0,1000.0
8085.0,0.99045,2.5623012334108436E-10,8085.0,18.0,1.0,1.3380964450617774,1.0,2.0,1.0,1.0,8085.0,1000.0
8086.0,0.990547,2.5625521731045595E-10,8086.0,18.0,1.0,1.3379309619496005,1.0,2.0,1.0,1.0,8086.0,1000.0
8087.0,0.990648,2.5628134608268824E-10,8087.0,18.0,1.0,1.3377655197631346,1.0,2.0,1.0,1.0,8087.0,1000.0
8088.0,0.990744,2.5630618135134466E-10,8088.0,18.0,1.0,1.3376001184871995,1.0,2.0,1.0,1.0,8088.0,1000.0
8089.0,0.99084,2.563310166200011E-10,8089.0,18.0,1.0,1.3374347581066226,1.0,2.0,1.0,1.0,8089.0,1000.0
8090.0,0.990935,2.5635559318794233E-10,8090.0,18.0,1.0,1.3372694386062385,1.0,2.0,1.0,1.0,8090.0,1000.0
8091.0,0.991029,2.563799110551684E-10,8091.0,18.0,1.0,1.33710415997089,1.0,2.0,1.0,1.0,8091.0,1000.0
8092.0,0.99112,2.5640345282024896E-10,8092.0,18.0,1.0,1.3369389221854262,1.0,2.0,1.0,1.0,8092.0,1000.0
8093.0,0.991212,2.564272532860447E-10,8093.0,18.0,1.0,1.3367737252347052,1.0,2.0,1.0,1.0,8093.0,1000.0
8094.0,0.991302,2.5645053635041007E-10,8094.0,18.0,1.0,1.3366085691035916,1.0,2.0,1.0,1.0,8094.0,1000.0
8095.0,0.991396,2.5647485421763615E-10,8095.0,18.0,1.0,1.3364434537769574,1.0,2.0,1.0,1.0,8095.0,1000.0
8096.0,0.991486,2.5649813728200153E-10,8096.0,18.0,1.0,1.3362783792396826,1.0,2.0,1.0,1.0,8096.0,1000.0
8097.0,0.991576,2.565214203463669E-10,8097.0,18.0,1.0,1.3361133454766543,1.0,2.0,1.0,1.0,8097.0,1000.0
8098.0,0.991667,2.5654496211144747E-10,8098.0,18.0,1.0,1.3359483524727673,1.0,2.0,1.0,1.0,8098.0,1000.0
8099.0,0.991758,2.5656850387652803E-10,8099.0,18.0,1.0,1.3357834002129239,1.0,2.0,1.0,1.0,8099.0,1000.0
8100.0,0.991847,2.5659152824017824E-10,8100.0,18.0,1.0,1.3356184886820333,1.0,2.0,1.0,1.0,8100.0,1000.0
8101.0,0.991941,2.566158461074043E-10,8101.0,18.0,1.0,1.335453617865013,1.0,2.0,1.0,1.0,8101.0,1000.0
8102.0,0.99203,2.5663887047105453E-10,8102.0,18.0,1.0,1.3352887877467872,1.0,2.0,1.0,1.0,8102.0,1000.0
8103.0,0.992123,2.5666292963756543E-10,8103.0,18.0,1.0,1.335123998312288,1.0,2.0,1.0,1.0,8103.0,1000.0
8104.0,0.992215,2.5668673010336116E-10,8104.0,18.0,1.0,1.3349592495464548,1.0,2.0,1.0,1.0,8104.0,1000.0
8105.0,0.992306,2.567102718684417E-10,8105.0,18.0,1.0,1.3347945414342344,1.0,2.0,1.0,1.0,8105.0,1000.0
8106.0,0.992396,2.567335549328071E-10,8106.0,18.0,1.0,1.334629873960581,1.0,2.0,1.0,1.0,8106.0,1000.0
8107.0,0.992488,2.5675735539860283E-10,8107.0,18.0,1.0,1.3344652471104563,1.0,2.0,1.0,1.0,8107.0,1000.0
8108.0,0.992579,2.567808971636834E-10,8108.0,18.0,1.0,1.3343006608688295,1.0,2.0,1.0,1.0,8108.0,1000.0
8109.0,0.992672,2.568049563301943E-10,8109.0,18.0,1.0,1.334136115220677,1.0,2.0,1.0,1.0,8109.0,1000.0
8110.0,0.992762,2.568282393945597E-10,8110.0,18.0,1.0,1.3339716101509826,1.0,2.0,1.0,1.0,8110.0,1000.0
8111.0,0.992979,2.568843774497518E-10,8111.0,18.0,1.0,1.333807145644738,1.0,2.0,1.0,1.0,8111.0,1000.0
8112.0,0.993087,2.569123171269902E-10,8112.0,18.0,1.0,1.3336427216869415,1.0,2.0,1.0,1.0,8112.0,1000.0
8113.0,0.993186,2.5693792849779216E-10,8113.0,18.0,1.0,1.3334783382625994,1.0,2.0,1.0,1.0,8113.0,1000.0
8114.0,0.99328,2.5696224636501824E-10,8114.0,18.0,1.0,1.3333139953567255,1.0,2.0,1.0,1.0,8114.0,1000.0
8115.0,0.993374,2.569865642322443E-10,8115.0,18.0,1.0,1.33314969295434,1.0,2.0,1.0,1.0,8115.0,1000.0
8116.0,0.993466,2.5701036469804004E-10,8116.0,18.0,1.0,1.3329854310404718,1.0,2.0,1.0,1.0,8116.0,1000.0
8117.0,0.993559,2.5703442386455094E-10,8117.0,18.0,1.0,1.3328212096001564,1.0,2.0,1.0,1.0,8117.0,1000.0
8118.0,0.99365,2.570579656296315E-10,8118.0,18.0,1.0,1.3326570286184367,1.0,2.0,1.0,1.0,8118.0,1000.0
8119.0,0.993745,2.5708254219757275E-10,8119.0,18.0,1.0,1.3324928880803633,1.0,2.0,1.0,1.0,8119.0,1000.0
8120.0,0.993836,2.571060839626533E-10,8120.0,18.0,1.0,1.3323287879709937,1.0,2.0,1.0,1.0,8120.0,1000.0
8121.0,0.993929,2.571301431291642E-10,8121.0,18.0,1.0,1.3321647282753935,1.0,2.0,1.0,1.0,8121.0,1000.0
8122.0,0.99402,2.5715368489424476E-10,8122.0,18.0,1.0,1.3320007089786345,1.0,2.0,1.0,1.0,8122.0,1000.0
8123.0,0.994113,2.5717774406075567E-10,8123.0,18.0,1.0,1.3318367300657972,1.0,2.0,1.0,1.0,8123.0,1000.0
8124.0,0.994203,2.5720102712512105E-10,8124.0,18.0,1.0,1.3316727915219682,1.0,2.0,1.0,1.0,8124.0,1000.0
8125.0,0.994292,2.5722405148877126E-10,8125.0,18.0,1.0,1.3315088933322423,1.0,2.0,1.0,1.0,8125.0,1000.0
8126.0,0.994384,2.57247851954567E-10,8126.0,18.0,1.0,1.3313450354817216,1.0,2.0,1.0,1.0,8126.0,1000.0
8127.0,0.994478,2.5727216982179307E-10,8127.0,18.0,1.0,1.331181217955515,1.0,2.0,1.0,1.0,8127.0,1000.0
8128.0,0.994567,2.572951941854433E-10,8128.0,18.0,1.0,1.331017440738739,1.0,2.0,1.0,1.0,8128.0,1000.0
8129.0,0.994658,2.5731873595052384E-10,8129.0,18.0,1.0,1.3308537038165174,1.0,2.0,1.0,1.0,8129.0,1000.0
8130.0,0.994747,2.5734176031417405E-10,8130.0,18.0,1.0,1.3306900071739816,1.0,2.0,1.0,1.0,8130.0,1000.0
8131.0,0.99484,2.5736581948068495E-10,8131.0,18.0,1.0,1.3305263507962697,1.0,2.0,1.0,1.0,8131.0,1000.0
8132.0,0.994931,2.573893612457655E-10,8132.0,18.0,1.0,1.330362734668528,1.0,2.0,1.0,1.0,8132.0,1000.0
8133.0,0.995021,2.574126443101309E-10,8133.0,18.0,1.0,1.3301991587759092,1.0,2.0,1.0,1.0,8133.0,1000.0
8134.0,0.995112,2.5743618607521145E-10,8134.0,18.0,1.0,1.330035623103574,1.0,2.0,1.0,1.0,8134.0,1000.0
8135.0,0.995206,2.574605039424375E-10,8135.0,18.0,1.0,1.3298721276366896,1.0,2.0,1.0,1.0,8135.0,1000.0
8136.0,0.9953,2.574848218096636E-10,8136.0,18.0,1.0,1.3297086723604314,1.0,2.0,1.0,1.0,8136.0,1000.0
8137.0,0.995392,2.5750862227545933E-10,8137.0,18.0,1.0,1.3295452572599815,1.0,2.0,1.0,1.0,8137.0,1000.0
8138.0,0.995482,2.575319053398247E-10,8138.0,18.0,1.0,1.3293818823205297,1.0,2.0,1.0,1.0,8138.0,1000.0
8139.0,0.995575,2.575559645063356E-10,8139.0,18.0,1.0,1.3292185475272724,1.0,2.0,1.0,1.0,8139.0,1000.0
8140.0,0.995666,2.5757950627141617E-10,8140.0,18.0,1.0,1.329055252865414,1.0,2.0,1.0,1.0,8140.0,1000.0
8141.0,0.995759,2.576035654379271E-10,8141.0,18.0,1.0,1.3288919983201657,1.0,2.0,1.0,1.0,8141.0,1000.0
8142.0,0.995849,2.5762684850229246E-10,8142.0,18.0,1.0,1.3287287838767465,1.0,2.0,1.0,1.0,8142.0,1000.0
8143.0,0.995942,2.5765090766880336E-10,8143.0,18.0,1.0,1.328565609520382,1.0,2.0,1.0,1.0,8143.0,1000.0
8144.0,0.996033,2.576744494338839E-10,8144.0,18.0,1.0,1.3284024752363053,1.0,2.0,1.0,1.0,8144.0,1000.0
8145.0,0.996124,2.576979911989645E-10,8145.0,18.0,1.0,1.3282393810097568,1.0,2.0,1.0,1.0,8145.0,1000.0
8146.0,0.996213,2.577210155626147E-10,8146.0,18.0,1.0,1.3280763268259845,1.0,2.0,1.0,1.0,8146.0,1000.0
8147.0,0.996304,2.5774455732769525E-10,8147.0,18.0,1.0,1.327913312670243,1.0,2.0,1.0,1.0,8147.0,1000.0
8148.0,0.996395,2.577680990927758E-10,8148.0,18.0,1.0,1.3277503385277944,1.0,2.0,1.0,1.0,8148.0,1000.0
8149.0,0.996486,2.5779164085785636E-10,8149.0,18.0,1.0,1.3275874043839084,1.0,2.0,1.0,1.0,8149.0,1000.0
8150.0,0.996577,2.578151826229369E-10,8150.0,18.0,1.0,1.3274245102238613,1.0,2.0,1.0,1.0,8150.0,1000.0
8151.0,0.996671,2.57839500490163E-10,8151.0,18.0,1.0,1.327261656032937,1.0,2.0,1.0,1.0,8151.0,1000.0
8152.0,0.996761,2.578627835545284E-10,8152.0,18.0,1.0,1.3270988417964267,1.0,2.0,1.0,1.0,8152.0,1000.0
8153.0,0.996852,2.5788632531960893E-10,8153.0,18.0,1.0,1.3269360674996282,1.0,2.0,1.0,1.0,8153.0,1000.0
8154.0,0.996942,2.579096083839743E-10,8154.0,18.0,1.0,1.3267733331278477,1.0,2.0,1.0,1.0,8154.0,1000.0
8155.0,0.997033,2.5793315014905487E-10,8155.0,18.0,1.0,1.3266106386663972,1.0,2.0,1.0,1.0,8155.0,1000.0
8156.0,0.997122,2.579561745127051E-10,8156.0,18.0,1.0,1.3264479841005972,1.0,2.0,1.0,1.0,8156.0,1000.0
8157.0,0.997216,2.5798049237993116E-10,8157.0,18.0,1.0,1.3262853694157741,1.0,2.0,1.0,1.0,8157.0,1000.0
8158.0,0.997308,2.580042928457269E-10,8158.0,18.0,1.0,1.3261227945972627,1.0,2.0,1.0,1.0,8158.0,1000.0
8159.0,0.9974,2.580280933115226E-10,8159.0,18.0,1.0,1.3259602596304043,1.0,2.0,1.0,1.0,8159.0,1000.0
8160.0,0.99749,2.58051376375888E-10,8160.0,18.0,1.0,1.3257977645005476,1.0,2.0,1.0,1.0,8160.0,1000.0
8161.0,0.997583,2.580754355423989E-10,8161.0,18.0,1.0,1.3256353091930486,1.0,2.0,1.0,1.0,8161.0,1000.0
8162.0,0.997673,2.580987186067643E-10,8162.0,18.0,1.0,1.32547289369327,1.0,2.0,1.0,1.0,8162.0,1000.0
8163.0,0.997765,2.5812251907256E-10,8163.0,18.0,1.0,1.325310517986582,1.0,2.0,1.0,1.0,8163.0,1000.0
8164.0,0.997855,2.581458021369254E-10,8164.0,18.0,1.0,1.3251481820583624,1.0,2.0,1.0,1.0,8164.0,1000.0
8165.0,0.997945,2.581690852012908E-10,8165.0,18.0,1.0,1.3249858858939951,1.0,2.0,1.0,1.0,8165.0,1000.0
8166.0,0.998034,2.58192109564941E-10,8166.0,18.0,1.0,1.324823629478872,1.0,2.0,1.0,1.0,8166.0,1000.0
8167.0,0.998128,2.582164274321671E-10,8167.0,18.0,1.0,1.3246614127983922,1.0,2.0,1.0,1.0,8167.0,1000.0
8168.0,0.998218,2.5823971049653246E-10,8168.0,18.0,1.0,1.3244992358379615,1.0,2.0,1.0,1.0,8168.0,1000.0
8169.0,0.998309,2.58263252261613E-10,8169.0,18.0,1.0,1.324337098582993,1.0,2.0,1.0,1.0,8169.0,1000.0
8170.0,0.998398,2.5828627662526323E-10,8170.0,18.0,1.0,1.3241750010189068,1.0,2.0,1.0,1.0,8170.0,1000.0
8171.0,0.998491,2.5831033579177413E-10,8171.0,18.0,1.0,1.3240129431311307,1.0,2.0,1.0,1.0,8171.0,1000.0
8172.0,0.998581,2.583336188561395E-10,8172.0,18.0,1.0,1.3238509249050991,1.0,2.0,1.0,1.0,8172.0,1000.0
8173.0,0.998672,2.5835716062122007E-10,8173.0,18.0,1.0,1.3236889463262536,1.0,2.0,1.0,1.0,8173.0,1000.0
8174.0,0.998761,2.583801849848703E-10,8174.0,18.0,1.0,1.3235270073800427,1.0,2.0,1.0,1.0,8174.0,1000.0
8175.0,0.998851,2.5840346804923567E-10,8175.0,18.0,1.0,1.3233651080519229,1.0,2.0,1.0,1.0,8175.0,1000.0
8176.0,0.998947,2.584283033178921E-10,8176.0,18.0,1.0,1.3232032483273568,1.0,2.0,1.0,1.0,8176.0,1000.0
8177.0,0.999036,2.584513276815423E-10,8177.0,18.0,1.0,1.3230414281918148,1.0,2.0,1.0,1.0,8177.0,1000.0
8178.0,0.999127,2.5847486944662286E-10,8178.0,18.0,1.0,1.322879647630774,1.0,2.0,1.0,1.0,8178.0,1000.0
8179.0,0.999217,2.5849815251098824E-10,8179.0,18.0,1.0,1.3227179066297188,1.0,2.0,1.0,1.0,8179.0,1000.0
8180.0,0.999306,2.5852117687463846E-10,8180.0,18.0,1.0,1.3225562051741406,1.0,2.0,1.0,1.0,8180.0,1000.0
8181.0,0.999399,2.5854523604114936E-10,8181.0,18.0,1.0,1.3223945432495379,1.0,2.0,1.0,1.0,8181.0,1000.0
8182.0,0.999488,2.5856826040479957E-10,8182.0,18.0,1.0,1.3222329208414165,1.0,2.0,1.0,1.0,8182.0,1000.0
8183.0,0.999578,2.5859154346916495E-10,8183.0,18.0,1.0,1.322071337935289,1.0,2.0,1.0,1.0,8183.0,1000.0
8184.0,0.999671,2.5861560263567586E-10,8184.0,18.0,1.0,1.3219097945166751,1.0,2.0,1.0,1.0,8184.0,1000.0
8185.0,0.999762,2.586391444007564E-10,8185.0,18.0,1.0,1.321748290571102,1.0,2.0,1.0,1.0,8185.0,1000.0
8186.0,0.999853,2.5866268616583697E-10,8186.0,18.0,1.0,1.3215868260841033,1.0,2.0,1.0,1.0,8186.0,1000.0
8187.0,0.999943,2.5868596923020235E-10,8187.0,18.0,1.0,1.32142540104122,1.0,2.0,1.0,1.0,8187.0,1000.0
8188.0,1.000044,2.5871209800243464E-10,8188.0,18.0,1.0,1.3212640154280006,1.0,2.0,1.0,1.0,8188.0,1000.0
8189.0,1.000136,2.5873589846823037E-10,8189.0,18.0,1.0,1.3211026692299999,1.0,2.0,1.0,1.0,8189.0,1000.0
8190.0,1.000227,2.587594402333109E-10,8190.0,18.0,1.0,1.3209413624327802,1.0,2.0,1.0,1.0,8190.0,1000.0
8191.0,1.00032,2.5878349939982183E-10,8191.0,18.0,1.0,1.3207800950219106,1.0,2.0,1.0,1.0,8191.0,1000.0
8192.0,1.00042,2.5880936947133894E-10,8192.0,18.0,1.0,1.3206188669829675,1.0,2.0,1.0,1.0,8192.0,1000.0
8193.0,1.000529,2.5883756784929255E-10,8193.0,18.0,1.0,1.3204576783015343,1.0,2.0,1.0,1.0,8193.0,1000.0
8194.0,1.000621,2.588613683150883E-10,8194.0,18.0,1.0,1.3202965289632012,1.0,2.0,1.0,1.0,8194.0,1000.0
8195.0,1.000711,2.5888465137945367E-10,8195.0,18.0,1.0,1.3201354189535655,1.0,2.0,1.0,1.0,8195.0,1000.0
8196.0,1.000804,2.5890871054596457E-10,8196.0,18.0,1.0,1.319974348258232,1.0,2.0,1.0,1.0,8196.0,1000.0
8197.0,1.000894,2.5893199361032995E-10,8197.0,18.0,1.0,1.319813316862812,1.0,2.0,1.0,1.0,8197.0,1000.0
8198.0,1.000984,2.5895527667469534E-10,8198.0,18.0,1.0,1.319652324752924,1.0,2.0,1.0,1.0,8198.0,1000.0
8199.0,1.001074,2.589785597390607E-10,8199.0,18.0,1.0,1.3194913719141932,1.0,2.0,1.0,1.0,8199.0,1000.0
8200.0,1.001167,2.590026189055716E-10,8200.0,18.0,1.0,1.3193304583322525,1.0,2.0,1.0,1.0,8200.0,1000.0
8201.0,1.00126,2.5902667807208253E-10,8201.0,18.0,1.0,1.319169583992741,1.0,2.0,1.0,1.0,8201.0,1000.0
8202.0,1.00135,2.590499611364479E-10,8202.0,18.0,1.0,1.3190087488813058,1.0,2.0,1.0,1.0,8202.0,1000.0
8203.0,1.001441,2.5907350290152847E-10,8203.0,18.0,1.0,1.3188479529836,1.0,2.0,1.0,1.0,8203.0,1000.0
8204.0,1.001531,2.5909678596589385E-10,8204.0,18.0,1.0,1.318687196285284,1.0,2.0,1.0,1.0,8204.0,1000.0
8205.0,1.001621,2.5912006903025924E-10,8205.0,18.0,1.0,1.3185264787720254,1.0,2.0,1.0,1.0,8205.0,1000.0
8206.0,1.001711,2.591433520946246E-10,8206.0,18.0,1.0,1.3183658004294991,1.0,2.0,1.0,1.0,8206.0,1000.0
8207.0,1.001803,2.5916715256042035E-10,8207.0,18.0,1.0,1.318205161243386,1.0,2.0,1.0,1.0,8207.0,1000.0
8208.0,1.001895,2.591909530262161E-10,8208.0,18.0,1.0,1.318044561199375,1.0,2.0,1.0,1.0,8208.0,1000.0
8209.0,1.001986,2.5921449479129664E-10,8209.0,18.0,1.0,1.317884000283161,1.0,2.0,1.0,1.0,8209.0,1000.0
8210.0,1.002078,2.5923829525709237E-10,8210.0,18.0,1.0,1.317723478480447,1.0,2.0,1.0,1.0,8210.0,1000.0
8211.0,1.002171,2.5926235442360327E-10,8211.0,18.0,1.0,1.317562995776942,1.0,2.0,1.0,1.0,8211.0,1000.0
8212.0,1.002263,2.59286154889399E-10,8212.0,18.0,1.0,1.317402552158362,1.0,2.0,1.0,1.0,8212.0,1000.0
8213.0,1.002355,2.5930995535519473E-10,8213.0,18.0,1.0,1.317242147610431,1.0,2.0,1.0,1.0,8213.0,1000.0
8214.0,1.002445,2.593332384195601E-10,8214.0,18.0,1.0,1.3170817821188787,1.0,2.0,1.0,1.0,8214.0,1000.0
8215.0,1.002536,2.5935678018464067E-10,8215.0,18.0,1.0,1.3169214556694424,1.0,2.0,1.0,1.0,8215.0,1000.0
8216.0,1.00263,2.5938109805186675E-10,8216.0,18.0,1.0,1.3167611682478664,1.0,2.0,1.0,1.0,8216.0,1000.0
8217.0,1.002719,2.5940412241551696E-10,8217.0,18.0,1.0,1.3166009198399014,1.0,2.0,1.0,1.0,8217.0,1000.0
8218.0,1.00281,2.594276641805975E-10,8218.0,18.0,1.0,1.3164407104313056,1.0,2.0,1.0,1.0,8218.0,1000.0
8219.0,1.002899,2.5945068854424773E-10,8219.0,18.0,1.0,1.316280540007844,1.0,2.0,1.0,1.0,8219.0,1000.0
8220.0,1.002992,2.5947474771075863E-10,8220.0,18.0,1.0,1.3161204085552882,1.0,2.0,1.0,1.0,8220.0,1000.0
8221.0,1.003086,2.594990655779847E-10,8221.0,18.0,1.0,1.3159603160594173,1.0,2.0,1.0,1.0,8221.0,1000.0
8222.0,1.003177,2.5952260734306526E-10,8222.0,18.0,1.0,1.3158002625060168,1.0,2.0,1.0,1.0,8222.0,1000.0
8223.0,1.003267,2.5954589040743064E-10,8223.0,18.0,1.0,1.3156402478808793,1.0,2.0,1.0,1.0,8223.0,1000.0
8224.0,1.00336,2.5956994957394155E-10,8224.0,18.0,1.0,1.3154802721698042,1.0,2.0,1.0,1.0,8224.0,1000.0
8225.0,1.003451,2.595934913390221E-10,8225.0,18.0,1.0,1.315320335358598,1.0,2.0,1.0,1.0,8225.0,1000.0
8226.0,1.003543,2.5961729180481783E-10,8226.0,18.0,1.0,1.3151604374330743,1.0,2.0,1.0,1.0,8226.0,1000.0
8227.0,1.003633,2.596405748691832E-10,8227.0,18.0,1.0,1.315000578379053,1.0,2.0,1.0,1.0,8227.0,1000.0
8228.0,1.003724,2.596641166342638E-10,8228.0,18.0,1.0,1.3148407581823613,1.0,2.0,1.0,1.0,8228.0,1000.0
8229.0,1.003816,2.596879171000595E-10,8229.0,18.0,1.0,1.3146809768288334,1.0,2.0,1.0,1.0,8229.0,1000.0
8230.0,1.003904,2.5971068276299454E-10,8230.0,18.0,1.0,1.3145212343043098,1.0,2.0,1.0,1.0,8230.0,1000.0
8231.0,1.003998,2.597350006302206E-10,8231.0,18.0,1.0,1.3143615305946386,1.0,2.0,1.0,1.0,8231.0,1000.0
8232.0,1.004091,2.597590597967315E-10,8232.0,18.0,1.0,1.3142018656856742,1.0,2.0,1.0,1.0,8232.0,1000.0
8233.0,1.004182,2.597826015618121E-10,8233.0,18.0,1.0,1.3140422395632783,1.0,2.0,1.0,1.0,8233.0,1000.0
8234.0,1.004274,2.598064020276078E-10,8234.0,18.0,1.0,1.3138826522133191,1.0,2.0,1.0,1.0,8234.0,1000.0
8235.0,1.004364,2.598296850919732E-10,8235.0,18.0,1.0,1.313723103621672,1.0,2.0,1.0,1.0,8235.0,1000.0
8236.0,1.004455,2.5985322685705375E-10,8236.0,18.0,1.0,1.3135635937742192,1.0,2.0,1.0,1.0,8236.0,1000.0
8237.0,1.004546,2.598767686221343E-10,8237.0,18.0,1.0,1.3134041226568496,1.0,2.0,1.0,1.0,8237.0,1000.0
8238.0,1.004636,2.599000516864997E-10,8238.0,18.0,1.0,1.3132446902554589,1.0,2.0,1.0,1.0,8238.0,1000.0
8239.0,1.004728,2.599238521522954E-10,8239.0,18.0,1.0,1.3130852965559496,1.0,2.0,1.0,1.0,8239.0,1000.0
8240.0,1.004821,2.599479113188063E-10,8240.0,18.0,1.0,1.3129259415442318,1.0,2.0,1.0,1.0,8240.0,1000.0
8241.0,1.004914,2.5997197048531723E-10,8241.0,18.0,1.0,1.3127666252062213,1.0,2.0,1.0,1.0,8241.0,1000.0
8242.0,1.005008,2.599962883525433E-10,8242.0,18.0,1.0,1.3126073475278415,1.0,2.0,1.0,1.0,8242.0,1000.0
8243.0,1.0051,2.6002008881833903E-10,8243.0,18.0,1.0,1.3124481084950224,1.0,2.0,1.0,1.0,8243.0,1000.0
8244.0,1.005193,2.6004414798484993E-10,8244.0,18.0,1.0,1.3122889080937008,1.0,2.0,1.0,1.0,8244.0,1000.0
8245.0,1.005284,2.600676897499305E-10,8245.0,18.0,1.0,1.3121297463098205,1.0,2.0,1.0,1.0,8245.0,1000.0
8246.0,1.005375,2.6009123151501105E-10,8246.0,18.0,1.0,1.3119706231293318,1.0,2.0,1.0,1.0,8246.0,1000.0
8247.0,1.005469,2.601155493822371E-10,8247.0,18.0,1.0,1.311811538538192,1.0,2.0,1.0,1.0,8247.0,1000.0
8248.0,1.005564,2.6014012595017837E-10,8248.0,18.0,1.0,1.3116524925223654,1.0,2.0,1.0,1.0,8248.0,1000.0
8249.0,1.005655,2.6016366771525893E-10,8249.0,18.0,1.0,1.3114934850678228,1.0,2.0,1.0,1.0,8249.0,1000.0
8250.0,1.005748,2.6018772688176983E-10,8250.0,18.0,1.0,1.3113345161605419,1.0,2.0,1.0,1.0,8250.0,1000.0
8251.0,1.00584,2.6021152734756556E-10,8251.0,18.0,1.0,1.311175585786507,1.0,2.0,1.0,1.0,8251.0,1000.0
8252.0,1.005932,2.602353278133613E-10,8252.0,18.0,1.0,1.3110166939317098,1.0,2.0,1.0,1.0,8252.0,1000.0
8253.0,1.006025,2.602593869798722E-10,8253.0,18.0,1.0,1.3108578405821483,1.0,2.0,1.0,1.0,8253.0,1000.0
8254.0,1.006118,2.602834461463831E-10,8254.0,18.0,1.0,1.3106990257238271,1.0,2.0,1.0,1.0,8254.0,1000.0
8255.0,1.006211,2.60307505312894E-10,8255.0,18.0,1.0,1.3105402493427583,1.0,2.0,1.0,1.0,8255.0,1000.0
8256.0,1.006306,2.6033208188083524E-10,8256.0,18.0,1.0,1.31038151142496,1.0,2.0,1.0,1.0,8256.0,1000.0
8257.0,1.006401,2.603566584487765E-10,8257.0,18.0,1.0,1.3102228119564574,1.0,2.0,1.0,1.0,8257.0,1000.0
8258.0,1.006492,2.6038020021385705E-10,8258.0,18.0,1.0,1.3100641509232829,1.0,2.0,1.0,1.0,8258.0,1000.0
8259.0,1.006583,2.604037419789376E-10,8259.0,18.0,1.0,1.3099055283114747,1.0,2.0,1.0,1.0,8259.0,1000.0
8260.0,1.006676,2.604278011454485E-10,8260.0,18.0,1.0,1.3097469441070786,1.0,2.0,1.0,1.0,8260.0,1000.0
8261.0,1.006769,2.604518603119594E-10,8261.0,18.0,1.0,1.309588398296147,1.0,2.0,1.0,1.0,8261.0,1000.0
8262.0,1.00686,2.6047540207703997E-10,8262.0,18.0,1.0,1.3094298908647386,1.0,2.0,1.0,1.0,8262.0,1000.0
8263.0,1.006951,2.604989438421205E-10,8263.0,18.0,1.0,1.3092714217989192,1.0,2.0,1.0,1.0,8263.0,1000.0
8264.0,1.007226,2.6057008653879254E-10,8264.0,18.0,1.0,1.3091129910847616,1.0,2.0,1.0,1.0,8264.0,1000.0
8265.0,1.00759,2.6066425359911477E-10,8265.0,18.0,1.0,1.3089545987083449,1.0,2.0,1.0,1.0,8265.0,1000.0
8266.0,1.007862,2.6073462019364127E-10,8266.0,18.0,1.0,1.3087962446557548,1.0,2.0,1.0,1.0,8266.0,1000.0
8267.0,1.008118,2.6080084757672506E-10,8267.0,18.0,1.0,1.3086379289130845,1.0,2.0,1.0,1.0,8267.0,1000.0
8268.0,1.008362,2.6086397055122677E-10,8268.0,18.0,1.0,1.3084796514664332,1.0,2.0,1.0,1.0,8268.0,1000.0
8269.0,1.0086,2.6092554132143745E-10,8269.0,18.0,1.0,1.3083214123019071,1.0,2.0,1.0,1.0,8269.0,1000.0
8270.0,1.008831,2.609853011866419E-10,8270.0,18.0,1.0,1.308163211405619,1.0,2.0,1.0,1.0,8270.0,1000.0
8271.0,1.009069,2.610468719568526E-10,8271.0,18.0,1.0,1.3080050487636887,1.0,2.0,1.0,1.0,8271.0,1000.0
8272.0,1.009361,2.611224125656825E-10,8272.0,18.0,1.0,1.3078469243622424,1.0,2.0,1.0,1.0,8272.0,1000.0
8273.0,1.00961,2.611868290437601E-10,8273.0,18.0,1.0,1.3076888381874132,1.0,2.0,1.0,1.0,8273.0,1000.0
8274.0,1.00985,2.612489172154011E-10,8274.0,18.0,1.0,1.3075307902253408,1.0,2.0,1.0,1.0,8274.0,1000.0
8275.0,1.01008,2.613084183798904E-10,8275.0,18.0,1.0,1.3073727804621715,1.0,2.0,1.0,1.0,8275.0,1000.0
8276.0,1.010313,2.613686956465252E-10,8276.0,18.0,1.0,1.3072148088840587,1.0,2.0,1.0,1.0,8276.0,1000.0
8277.0,1.010558,2.614320773217421E-10,8277.0,18.0,1.0,1.3070568754771619,1.0,2.0,1.0,1.0,8277.0,1000.0
8278.0,1.01087,2.6151279194487546E-10,8278.0,18.0,1.0,1.3068989802276478,1.0,2.0,1.0,1.0,8278.0,1000.0
8279.0,1.011137,2.615818650358261E-10,8279.0,18.0,1.0,1.3067411231216899,1.0,2.0,1.0,1.0,8279.0,1000.0
8280.0,1.011444,2.616612861553836E-10,8280.0,18.0,1.0,1.3065833041454673,1.0,2.0,1.0,1.0,8280.0,1000.0
8281.0,1.011731,2.617355332606377E-10,8281.0,18.0,1.0,1.3064255232851671,1.0,2.0,1.0,1.0,8281.0,1000.0
8282.0,1.011973,2.6179813883370905E-10,8282.0,18.0,1.0,1.3062677805269827,1.0,2.0,1.0,1.0,8282.0,1000.0
8283.0,1.012237,2.6186643582251416E-10,8283.0,18.0,1.0,1.3061100758571134,1.0,2.0,1.0,1.0,8283.0,1000.0
8284.0,1.012474,2.6192774789200967E-10,8284.0,18.0,1.0,1.305952409261766,1.0,2.0,1.0,1.0,8284.0,1000.0
8285.0,1.012702,2.619867316550687E-10,8285.0,18.0,1.0,1.305794780727154,1.0,2.0,1.0,1.0,8285.0,1000.0
8286.0,1.012929,2.620454567174125E-10,8286.0,18.0,1.0,1.3056371902394968,1.0,2.0,1.0,1.0,8286.0,1000.0
8287.0,1.013175,2.6210909709334457E-10,8287.0,18.0,1.0,1.305479637785021,1.0,2.0,1.0,1.0,8287.0,1000.0
8288.0,1.01341,2.6216989176140973E-10,8288.0,18.0,1.0,1.3053221233499601,1.0,2.0,1.0,1.0,8288.0,1000.0
8289.0,1.013641,2.622296516266142E-10,8289.0,18.0,1.0,1.3051646469205538,1.0,2.0,1.0,1.0,8289.0,1000.0
8290.0,1.013807,2.622725959453326E-10,8290.0,18.0,1.0,1.3050072084830482,1.0,2.0,1.0,1.0,8290.0,1000.0
8291.0,1.013914,2.6230027692185587E-10,8291.0,18.0,1.0,1.3048498080236968,1.0,2.0,1.0,1.0,8291.0,1000.0
8292.0,1.014008,2.6232459478908195E-10,8292.0,18.0,1.0,1.304692445528759,1.0,2.0,1.0,1.0,8292.0,1000.0
8293.0,1.014103,2.623491713570232E-10,8293.0,18.0,1.0,1.3045351209845013,1.0,2.0,1.0,1.0,8293.0,1000.0
8294.0,1.014196,2.623732305235341E-10,8294.0,18.0,1.0,1.3043778343771968,1.0,2.0,1.0,1.0,8294.0,1000.0
8295.0,1.014286,2.623965135878995E-10,8295.0,18.0,1.0,1.3042205856931248,1.0,2.0,1.0,1.0,8295.0,1000.0
8296.0,1.014385,2.624221249587014E-10,8296.0,18.0,1.0,1.3040633749185715,1.0,2.0,1.0,1.0,8296.0,1000.0
8297.0,1.014477,2.6244592542449715E-10,8297.0,18.0,1.0,1.30390620203983,1.0,2.0,1.0,1.0,8297.0,1000.0
8298.0,1.014569,2.624697258902929E-10,8298.0,18.0,1.0,1.3037490670431995,1.0,2.0,1.0,1.0,8298.0,1000.0
8299.0,1.014662,2.624937850568038E-10,8299.0,18.0,1.0,1.303591969914986,1.0,2.0,1.0,1.0,8299.0,1000.0
8300.0,1.014755,2.625178442233147E-10,8300.0,18.0,1.0,1.3034349106415024,1.0,2.0,1.0,1.0,8300.0,1000.0
8301.0,1.014848,2.625419033898256E-10,8301.0,18.0,1.0,1.3032778892090675,1.0,2.0,1.0,1.0,8301.0,1000.0
8302.0,1.01494,2.625657038556213E-10,8302.0,18.0,1.0,1.3031209056040074,1.0,2.0,1.0,1.0,8302.0,1000.0
8303.0,1.01503,2.625889869199867E-10,8303.0,18.0,1.0,1.3029639598126543,1.0,2.0,1.0,1.0,8303.0,1000.0
8304.0,1.015124,2.626133047872128E-10,8304.0,18.0,1.0,1.3028070518213475,1.0,2.0,1.0,1.0,8304.0,1000.0
8305.0,1.015216,2.626371052530085E-10,8305.0,18.0,1.0,1.3026501816164322,1.0,2.0,1.0,1.0,8305.0,1000.0
8306.0,1.015306,2.626603883173739E-10,8306.0,18.0,1.0,1.3024933491842607,1.0,2.0,1.0,1.0,8306.0,1000.0
8307.0,1.015398,2.626841887831696E-10,8307.0,18.0,1.0,1.3023365545111918,1.0,2.0,1.0,1.0,8307.0,1000.0
8308.0,1.015489,2.627077305482502E-10,8308.0,18.0,1.0,1.3021797975835905,1.0,2.0,1.0,1.0,8308.0,1000.0
8309.0,1.015581,2.627315310140459E-10,8309.0,18.0,1.0,1.3020230783878288,1.0,2.0,1.0,1.0,8309.0,1000.0
8310.0,1.015671,2.627548140784113E-10,8310.0,18.0,1.0,1.301866396910285,1.0,2.0,1.0,1.0,8310.0,1000.0
8311.0,1.015763,2.62778614544207E-10,8311.0,18.0,1.0,1.3017097531373445,1.0,2.0,1.0,1.0,8311.0,1000.0
8312.0,1.015852,2.6280163890785723E-10,8312.0,18.0,1.0,1.3015531470553983,1.0,2.0,1.0,1.0,8312.0,1000.0
8313.0,1.015945,2.6282569807436814E-10,8313.0,18.0,1.0,1.3013965786508443,1.0,2.0,1.0,1.0,8313.0,1000.0
8314.0,1.016035,2.628489811387335E-10,8314.0,18.0,1.0,1.3012400479100878,1.0,2.0,1.0,1.0,8314.0,1000.0
8315.0,1.016126,2.628725229038141E-10,8315.0,18.0,1.0,1.3010835548195394,1.0,2.0,1.0,1.0,8315.0,1000.0
8316.0,1.016218,2.628963233696098E-10,8316.0,18.0,1.0,1.3009270993656168,1.0,2.0,1.0,1.0,8316.0,1000.0
8317.0,1.01631,2.6292012383540554E-10,8317.0,18.0,1.0,1.3007706815347444,1.0,2.0,1.0,1.0,8317.0,1000.0
8318.0,1.016401,2.629436656004861E-10,8318.0,18.0,1.0,1.3006143013133529,1.0,2.0,1.0,1.0,8318.0,1000.0
8319.0,1.016492,2.6296720736556665E-10,8319.0,18.0,1.0,1.3004579586878795,1.0,2.0,1.0,1.0,8319.0,1000.0
8320.0,1.016582,2.6299049042993203E-10,8320.0,18.0,1.0,1.300301653644768,1.0,2.0,1.0,1.0,8320.0,1000.0
8321.0,1.016676,2.630148082971581E-10,8321.0,18.0,1.0,1.3001453861704686,1.0,2.0,1.0,1.0,8321.0,1000.0
8322.0,1.016768,2.6303860876295384E-10,8322.0,18.0,1.0,1.2999891562514383,1.0,2.0,1.0,1.0,8322.0,1000.0
8323.0,1.016858,2.630618918273192E-10,8323.0,18.0,1.0,1.2998329638741404,1.0,2.0,1.0,1.0,8323.0,1000.0
8324.0,1.01695,2.6308569229311495E-10,8324.0,18.0,1.0,1.2996768090250443,1.0,2.0,1.0,1.0,8324.0,1000.0
8325.0,1.017046,2.6311052756177137E-10,8325.0,18.0,1.0,1.299520691690627,1.0,2.0,1.0,1.0,8325.0,1000.0
8326.0,1.017137,2.6313406932685193E-10,8326.0,18.0,1.0,1.299364611857371,1.0,2.0,1.0,1.0,8326.0,1000.0
8327.0,1.017226,2.6315709369050214E-10,8327.0,18.0,1.0,1.2992085695117652,1.0,2.0,1.0,1.0,8327.0,1000.0
8328.0,1.017318,2.6318089415629787E-10,8328.0,18.0,1.0,1.2990525646403062,1.0,2.0,1.0,1.0,8328.0,1000.0
8329.0,1.017409,2.6320443592137843E-10,8329.0,18.0,1.0,1.2988965972294957,1.0,2.0,1.0,1.0,8329.0,1000.0
8330.0,1.0175,2.63227977686459E-10,8330.0,18.0,1.0,1.2987406672658426,1.0,2.0,1.0,1.0,8330.0,1000.0
8331.0,1.017593,2.632520368529699E-10,8331.0,18.0,1.0,1.2985847747358623,1.0,2.0,1.0,1.0,8331.0,1000.0
8332.0,1.017683,2.6327531991733527E-10,8332.0,18.0,1.0,1.2984289196260765,1.0,2.0,1.0,1.0,8332.0,1000.0
8333.0,1.017775,2.63299120383131E-10,8333.0,18.0,1.0,1.2982731019230134,1.0,2.0,1.0,1.0,8333.0,1000.0
8334.0,1.017865,2.633224034474964E-10,8334.0,18.0,1.0,1.2981173216132074,1.0,2.0,1.0,1.0,8334.0,1000.0
8335.0,1.017955,2.6334568651186177E-10,8335.0,18.0,1.0,1.2979615786831997,1.0,2.0,1.0,1.0,8335.0,1000.0
8336.0,1.018046,2.6336922827694233E-10,8336.0,18.0,1.0,1.297805873119538,1.0,2.0,1.0,1.0,8336.0,1000.0
8337.0,1.018141,2.633938048448836E-10,8337.0,18.0,1.0,1.2976502049087766,1.0,2.0,1.0,1.0,8337.0,1000.0
8338.0,1.018231,2.6341708790924896E-10,8338.0,18.0,1.0,1.2974945740374755,1.0,2.0,1.0,1.0,8338.0,1000.0
8339.0,1.018321,2.6344037097361435E-10,8339.0,18.0,1.0,1.2973389804922018,1.0,2.0,1.0,1.0,8339.0,1000.0
8340.0,1.018412,2.634639127386949E-10,8340.0,18.0,1.0,1.2971834242595288,1.0,2.0,1.0,1.0,8340.0,1000.0
8341.0,1.018504,2.6348771320449063E-10,8341.0,18.0,1.0,1.2970279053260365,1.0,2.0,1.0,1.0,8341.0,1000.0
8342.0,1.018595,2.635112549695712E-10,8342.0,18.0,1.0,1.296872423678311,1.0,2.0,1.0,1.0,8342.0,1000.0
8343.0,1.018686,2.6353479673465175E-10,8343.0,18.0,1.0,1.296716979302945,1.0,2.0,1.0,1.0,8343.0,1000.0
8344.0,1.018777,2.635583384997323E-10,8344.0,18.0,1.0,1.2965615721865376,1.0,2.0,1.0,1.0,8344.0,1000.0
8345.0,1.018869,2.6358213896552803E-10,8345.0,18.0,1.0,1.2964062023156944,1.0,2.0,1.0,1.0,8345.0,1000.0
8346.0,1.01896,2.636056807306086E-10,8346.0,18.0,1.0,1.2962508696770272,1.0,2.0,1.0,1.0,8346.0,1000.0
8347.0,1.019049,2.636287050942588E-10,8347.0,18.0,1.0,1.2960955742571547,1.0,2.0,1.0,1.0,8347.0,1000.0
8348.0,1.019142,2.636527642607697E-10,8348.0,18.0,1.0,1.2959403160427012,1.0,2.0,1.0,1.0,8348.0,1000.0
8349.0,1.019233,2.6367630602585026E-10,8349.0,18.0,1.0,1.2957850950202983,1.0,2.0,1.0,1.0,8349.0,1000.0
8350.0,1.019326,2.6370036519236116E-10,8350.0,18.0,1.0,1.2956299111765832,1.0,2.0,1.0,1.0,8350.0,1000.0
8351.0,1.019419,2.6372442435887207E-10,8351.0,18.0,1.0,1.2954747644982,1.0,2.0,1.0,1.0,8351.0,1000.0
8352.0,1.01951,2.637479661239526E-10,8352.0,18.0,1.0,1.2953196549717996,1.0,2.0,1.0,1.0,8352.0,1000.0
8353.0,1.019601,2.637715078890332E-10,8353.0,18.0,1.0,1.295164582584038,1.0,2.0,1.0,1.0,8353.0,1000.0
8354.0,1.019692,2.6379504965411374E-10,8354.0,18.0,1.0,1.2950095473215788,1.0,2.0,1.0,1.0,8354.0,1000.0
8355.0,1.019782,2.638183327184791E-10,8355.0,18.0,1.0,1.2948545491710914,1.0,2.0,1.0,1.0,8355.0,1000.0
8356.0,1.019872,2.638416157828445E-10,8356.0,18.0,1.0,1.294699588119252,1.0,2.0,1.0,1.0,8356.0,1000.0
8357.0,1.019963,2.6386515754792506E-10,8357.0,18.0,1.0,1.2945446641527425,1.0,2.0,1.0,1.0,8357.0,1000.0
8358.0,1.020055,2.638889580137208E-10,8358.0,18.0,1.0,1.294389777258252,1.0,2.0,1.0,1.0,8358.0,1000.0
8359.0,1.020144,2.63911982377371E-10,8359.0,18.0,1.0,1.2942349274224751,1.0,2.0,1.0,1.0,8359.0,1000.0
8360.0,1.020235,2.6393552414245156E-10,8360.0,18.0,1.0,1.2940801146321137,1.0,2.0,1.0,1.0,8360.0,1000.0
8361.0,1.020329,2.6395984200967764E-10,8361.0,18.0,1.0,1.2939253388738752,1.0,2.0,1.0,1.0,8361.0,1000.0
8362.0,1.02042,2.639833837747582E-10,8362.0,18.0,1.0,1.2937706001344738,1.0,2.0,1.0,1.0,8362.0,1000.0
8363.0,1.020511,2.6400692553983875E-10,8363.0,18.0,1.0,1.29361589840063,1.0,2.0,1.0,1.0,8363.0,1000.0
8364.0,1.020601,2.6403020860420414E-10,8364.0,18.0,1.0,1.293461233659071,1.0,2.0,1.0,1.0,8364.0,1000.0
8365.0,1.020692,2.640537503692847E-10,8365.0,18.0,1.0,1.2933066058965295,1.0,2.0,1.0,1.0,8365.0,1000.0
8366.0,1.020782,2.640770334336501E-10,8366.0,18.0,1.0,1.2931520150997453,1.0,2.0,1.0,1.0,8366.0,1000.0
8367.0,1.020873,2.6410057519873063E-10,8367.0,18.0,1.0,1.2929974612554642,1.0,2.0,1.0,1.0,8367.0,1000.0
8368.0,1.020964,2.641241169638112E-10,8368.0,18.0,1.0,1.2928429443504386,1.0,2.0,1.0,1.0,8368.0,1000.0
8369.0,1.021056,2.641479174296069E-10,8369.0,18.0,1.0,1.2926884643714267,1.0,2.0,1.0,1.0,8369.0,1000.0
8370.0,1.021146,2.641712004939723E-10,8370.0,18.0,1.0,1.2925340213051935,1.0,2.0,1.0,1.0,8370.0,1000.0
8371.0,1.021238,2.6419500095976803E-10,8371.0,18.0,1.0,1.2923796151385103,1.0,2.0,1.0,1.0,8371.0,1000.0
8372.0,1.02133,2.6421880142556376E-10,8372.0,18.0,1.0,1.2922252458581545,1.0,2.0,1.0,1.0,8372.0,1000.0
8373.0,1.021421,2.642423431906443E-10,8373.0,18.0,1.0,1.29207091345091,1.0,2.0,1.0,1.0,8373.0,1000.0
8374.0,1.021512,2.642658849557249E-10,8374.0,18.0,1.0,1.291916617903567,1.0,2.0,1.0,1.0,8374.0,1000.0
8375.0,1.021603,2.6428942672080544E-10,8375.0,18.0,1.0,1.2917623592029217,1.0,2.0,1.0,1.0,8375.0,1000.0
8376.0,1.021703,2.6431529679232255E-10,8376.0,18.0,1.0,1.2916081373357773,1.0,2.0,1.0,1.0,8376.0,1000.0
8377.0,1.021797,2.643396146595486E-10,8377.0,18.0,1.0,1.2914539522889423,1.0,2.0,1.0,1.0,8377.0,1000.0
8378.0,1.021887,2.64362897723914E-10,8378.0,18.0,1.0,1.2912998040492325,1.0,2.0,1.0,1.0,8378.0,1000.0
8379.0,1.021978,2.6438643948899456E-10,8379.0,18.0,1.0,1.2911456926034695,1.0,2.0,1.0,1.0,8379.0,1000.0
8380.0,1.022069,2.644099812540751E-10,8380.0,18.0,1.0,1.2909916179384808,1.0,2.0,1.0,1.0,8380.0,1000.0
8381.0,1.022162,2.64434040420586E-10,8381.0,18.0,1.0,1.2908375800411012,1.0,2.0,1.0,1.0,8381.0,1000.0
8382.0,1.022262,2.6445991049210313E-10,8382.0,18.0,1.0,1.290683578898171,1.0,2.0,1.0,1.0,8382.0,1000.0
8383.0,1.022354,2.6448371095789886E-10,8383.0,18.0,1.0,1.290529614496537,1.0,2.0,1.0,1.0,8383.0,1000.0
8384.0,1.022443,2.645067353215491E-10,8384.0,18.0,1.0,1.2903756868230523,1.0,2.0,1.0,1.0,8384.0,1000.0
8385.0,1.022543,2.645326053930662E-10,8385.0,18.0,1.0,1.290221795864576,1.0,2.0,1.0,1.0,8385.0,1000.0
8386.0,1.022637,2.6455692326029226E-10,8386.0,18.0,1.0,1.290067941607974,1.0,2.0,1.0,1.0,8386.0,1000.0
8387.0,1.022729,2.64580723726088E-10,8387.0,18.0,1.0,1.289914124040118,1.0,2.0,1.0,1.0,8387.0,1000.0
8388.0,1.02282,2.6460426549116855E-10,8388.0,18.0,1.0,1.2897603431478861,1.0,2.0,1.0,1.0,8388.0,1000.0
8389.0,1.022912,2.646280659569643E-10,8389.0,18.0,1.0,1.289606598918163,1.0,2.0,1.0,1.0,8389.0,1000.0
8390.0,1.023003,2.6465160772204483E-10,8390.0,18.0,1.0,1.2894528913378391,1.0,2.0,1.0,1.0,8390.0,1000.0
8391.0,1.0231,2.6467670169141643E-10,8391.0,18.0,1.0,1.2892992203938112,1.0,2.0,1.0,1.0,8391.0,1000.0
8392.0,1.023192,2.6470050215721216E-10,8392.0,18.0,1.0,1.2891455860729826,1.0,2.0,1.0,1.0,8392.0,1000.0
8393.0,1.023284,2.647243026230079E-10,8393.0,18.0,1.0,1.2889919883622625,1.0,2.0,1.0,1.0,8393.0,1000.0
8394.0,1.023374,2.6474758568737327E-10,8394.0,18.0,1.0,1.288838427248567,1.0,2.0,1.0,1.0,8394.0,1000.0
8395.0,1.023464,2.6477086875173866E-10,8395.0,18.0,1.0,1.2886849027188172,1.0,2.0,1.0,1.0,8395.0,1000.0
8396.0,1.023555,2.647944105168192E-10,8396.0,18.0,1.0,1.2885314147599416,1.0,2.0,1.0,1.0,8396.0,1000.0
8397.0,1.023647,2.6481821098261494E-10,8397.0,18.0,1.0,1.2883779633588746,1.0,2.0,1.0,1.0,8397.0,1000.0
8398.0,1.023737,2.6484149404698033E-10,8398.0,18.0,1.0,1.2882245485025565,1.0,2.0,1.0,1.0,8398.0,1000.0
8399.0,1.023827,2.648647771113457E-10,8399.0,18.0,1.0,1.2880711701779342,1.0,2.0,1.0,1.0,8399.0,1000.0
8400.0,1.023916,2.648878014749959E-10,8400.0,18.0,1.0,1.2879178283719608,1.0,2.0,1.0,1.0,8400.0,1000.0
8401.0,1.024009,2.649118606415068E-10,8401.0,18.0,1.0,1.287764523071595,1.0,2.0,1.0,1.0,8401.0,1000.0
8402.0,1.024098,2.6493488500515704E-10,8402.0,18.0,1.0,1.2876112542638025,1.0,2.0,1.0,1.0,8402.0,1000.0
8403.0,1.024191,2.6495894417166794E-10,8403.0,18.0,1.0,1.2874580219355551,1.0,2.0,1.0,1.0,8403.0,1000.0
8404.0,1.02428,2.6498196853531815E-10,8404.0,18.0,1.0,1.2873048260738302,1.0,2.0,1.0,1.0,8404.0,1000.0
8405.0,1.024374,2.6500628640254423E-10,8405.0,18.0,1.0,1.2871516666656122,1.0,2.0,1.0,1.0,8405.0,1000.0
8406.0,1.024463,2.6502931076619444E-10,8406.0,18.0,1.0,1.2869985436978908,1.0,2.0,1.0,1.0,8406.0,1000.0
8407.0,1.024553,2.650525938305598E-10,8407.0,18.0,1.0,1.2868454571576626,1.0,2.0,1.0,1.0,8407.0,1000.0
8408.0,1.024643,2.650758768949252E-10,8408.0,18.0,1.0,1.2866924070319303,1.0,2.0,1.0,1.0,8408.0,1000.0
8409.0,1.024736,2.650999360614361E-10,8409.0,18.0,1.0,1.2865393933077025,1.0,2.0,1.0,1.0,8409.0,1000.0
8410.0,1.024828,2.6512373652723184E-10,8410.0,18.0,1.0,1.286386415971994,1.0,2.0,1.0,1.0,8410.0,1000.0
8411.0,1.024919,2.651472782923124E-10,8411.0,18.0,1.0,1.286233475011826,1.0,2.0,1.0,1.0,8411.0,1000.0
8412.0,1.025008,2.651703026559626E-10,8412.0,18.0,1.0,1.286080570414226,1.0,2.0,1.0,1.0,8412.0,1000.0
8413.0,1.0251,2.6519410312175834E-10,8413.0,18.0,1.0,1.2859277021662272,1.0,2.0,1.0,1.0,8413.0,1000.0
8414.0,1.025191,2.652176448868389E-10,8414.0,18.0,1.0,1.2857748702548693,1.0,2.0,1.0,1.0,8414.0,1000.0
8415.0,1.025281,2.652409279512043E-10,8415.0,18.0,1.0,1.2856220746671978,1.0,2.0,1.0,1.0,8415.0,1000.0
8416.0,1.025372,2.6526446971628484E-10,8416.0,18.0,1.0,1.285469315390265,1.0,2.0,1.0,1.0,8416.0,1000.0
8417.0,1.025465,2.6528852888279574E-10,8417.0,18.0,1.0,1.2853165924111287,1.0,2.0,1.0,1.0,8417.0,1000.0
8418.0,1.025555,2.653118119471611E-10,8418.0,18.0,1.0,1.2851639057168531,1.0,2.0,1.0,1.0,8418.0,1000.0
8419.0,1.025646,2.653353537122417E-10,8419.0,18.0,1.0,1.2850112552945088,1.0,2.0,1.0,1.0,8419.0,1000.0
8420.0,1.025736,2.6535863677660706E-10,8420.0,18.0,1.0,1.2848586411311722,1.0,2.0,1.0,1.0,8420.0,1000.0
8421.0,1.025833,2.6538373074597866E-10,8421.0,18.0,1.0,1.2847060632139258,1.0,2.0,1.0,1.0,8421.0,1000.0
8422.0,1.025926,2.6540778991248956E-10,8422.0,18.0,1.0,1.2845535215298587,1.0,2.0,1.0,1.0,8422.0,1000.0
8423.0,1.026018,2.654315903782853E-10,8423.0,18.0,1.0,1.2844010160660655,1.0,2.0,1.0,1.0,8423.0,1000.0
8424.0,1.026108,2.6545487344265067E-10,8424.0,18.0,1.0,1.2842485468096474,1.0,2.0,1.0,1.0,8424.0,1000.0
8425.0,1.026199,2.6547841520773123E-10,8425.0,18.0,1.0,1.2840961137477116,1.0,2.0,1.0,1.0,8425.0,1000.0
8426.0,1.026292,2.6550247437424213E-10,8426.0,18.0,1.0,1.2839437168673713,1.0,2.0,1.0,1.0,8426.0,1000.0
8427.0,1.026382,2.655257574386075E-10,8427.0,18.0,1.0,1.2837913561557457,1.0,2.0,1.0,1.0,8427.0,1000.0
8428.0,1.026473,2.655492992036881E-10,8428.0,18.0,1.0,1.2836390315999608,1.0,2.0,1.0,1.0,8428.0,1000.0
8429.0,1.026564,2.6557284096876863E-10,8429.0,18.0,1.0,1.283486743187148,1.0,2.0,1.0,1.0,8429.0,1000.0
8430.0,1.026656,2.6559664143456436E-10,8430.0,18.0,1.0,1.2833344909044448,1.0,2.0,1.0,1.0,8430.0,1000.0
8431.0,1.026747,2.656201831996449E-10,8431.0,18.0,1.0,1.2831822747389954,1.0,2.0,1.0,1.0,8431.0,1000.0
8432.0,1.026837,2.656434662640103E-10,8432.0,18.0,1.0,1.2830300946779494,1.0,2.0,1.0,1.0,8432.0,1000.0
8433.0,1.026931,2.656677841312364E-10,8433.0,18.0,1.0,1.282877950708463,1.0,2.0,1.0,1.0,8433.0,1000.0
8434.0,1.027021,2.6569106719560176E-10,8434.0,18.0,1.0,1.2827258428176986,1.0,2.0,1.0,1.0,8434.0,1000.0
8435.0,1.027115,2.6571538506282784E-10,8435.0,18.0,1.0,1.282573770992824,1.0,2.0,1.0,1.0,8435.0,1000.0
8436.0,1.027206,2.657389268279084E-10,8436.0,18.0,1.0,1.2824217352210134,1.0,2.0,1.0,1.0,8436.0,1000.0
8437.0,1.027296,2.657622098922738E-10,8437.0,18.0,1.0,1.2822697354894477,1.0,2.0,1.0,1.0,8437.0,1000.0
8438.0,1.027388,2.657860103580695E-10,8438.0,18.0,1.0,1.2821177717853127,1.0,2.0,1.0,1.0,8438.0,1000.0
8439.0,1.027479,2.6580955212315007E-10,8439.0,18.0,1.0,1.2819658440958015,1.0,2.0,1.0,1.0,8439.0,1000.0
8440.0,1.027569,2.6583283518751545E-10,8440.0,18.0,1.0,1.2818139524081125,1.0,2.0,1.0,1.0,8440.0,1000.0
8441.0,1.027683,2.6586232706904493E-10,8441.0,18.0,1.0,1.2816620967094503,1.0,2.0,1.0,1.0,8441.0,1000.0
8442.0,1.02778,2.658874210384165E-10,8442.0,18.0,1.0,1.2815102769870255,1.0,2.0,1.0,1.0,8442.0,1000.0
8443.0,1.027871,2.659109628034971E-10,8443.0,18.0,1.0,1.281358493228055,1.0,2.0,1.0,1.0,8443.0,1000.0
8444.0,1.027983,2.659399372835962E-10,8444.0,18.0,1.0,1.281206745419762,1.0,2.0,1.0,1.0,8444.0,1000.0
8445.0,1.028077,2.659642551508223E-10,8445.0,18.0,1.0,1.2810550335493747,1.0,2.0,1.0,1.0,8445.0,1000.0
8446.0,1.028169,2.65988055616618E-10,8446.0,18.0,1.0,1.2809033576041284,1.0,2.0,1.0,1.0,8446.0,1000.0
8447.0,1.028261,2.6601185608241374E-10,8447.0,18.0,1.0,1.2807517175712644,1.0,2.0,1.0,1.0,8447.0,1000.0
8448.0,1.028353,2.6603565654820947E-10,8448.0,18.0,1.0,1.2806001134380292,1.0,2.0,1.0,1.0,8448.0,1000.0
8449.0,1.028444,2.6605919831329003E-10,8449.0,18.0,1.0,1.2804485451916758,1.0,2.0,1.0,1.0,8449.0,1000.0
8450.0,1.028538,2.660835161805161E-10,8450.0,18.0,1.0,1.280297012819464,1.0,2.0,1.0,1.0,8450.0,1000.0
8451.0,1.02863,2.6610731664631183E-10,8451.0,18.0,1.0,1.2801455163086581,1.0,2.0,1.0,1.0,8451.0,1000.0
8452.0,1.02872,2.661305997106772E-10,8452.0,18.0,1.0,1.2799940556465297,1.0,2.0,1.0,1.0,8452.0,1000.0
8453.0,1.028811,2.661541414757578E-10,8453.0,18.0,1.0,1.279842630820356,1.0,2.0,1.0,1.0,8453.0,1000.0
8454.0,1.028903,2.661779419415535E-10,8454.0,18.0,1.0,1.2796912418174202,1.0,2.0,1.0,1.0,8454.0,1000.0
8455.0,1.028993,2.662012250059189E-10,8455.0,18.0,1.0,1.2795398886250111,1.0,2.0,1.0,1.0,8455.0,1000.0
8456.0,1.029083,2.6622450807028427E-10,8456.0,18.0,1.0,1.2793885712304245,1.0,2.0,1.0,1.0,8456.0,1000.0
8457.0,1.029176,2.662485672367952E-10,8457.0,18.0,1.0,1.2792372896209614,1.0,2.0,1.0,1.0,8457.0,1000.0
8458.0,1.029268,2.662723677025909E-10,8458.0,18.0,1.0,1.2790860437839289,1.0,2.0,1.0,1.0,8458.0,1000.0
8459.0,1.029358,2.662956507669563E-10,8459.0,18.0,1.0,1.2789348337066402,1.0,2.0,1.0,1.0,8459.0,1000.0
8460.0,1.029448,2.663189338313217E-10,8460.0,18.0,1.0,1.2787836593764148,1.0,2.0,1.0,1.0,8460.0,1000.0
8461.0,1.02954,2.663427342971174E-10,8461.0,18.0,1.0,1.278632520780578,1.0,2.0,1.0,1.0,8461.0,1000.0
8462.0,1.029633,2.663667934636283E-10,8462.0,18.0,1.0,1.2784814179064605,1.0,2.0,1.0,1.0,8462.0,1000.0
8463.0,1.029722,2.663898178272785E-10,8463.0,18.0,1.0,1.2783303507414001,1.0,2.0,1.0,1.0,8463.0,1000.0
8464.0,1.029813,2.664133595923591E-10,8464.0,18.0,1.0,1.2781793192727398,1.0,2.0,1.0,1.0,8464.0,1000.0
8465.0,1.029902,2.664363839560093E-10,8465.0,18.0,1.0,1.2780283234878287,1.0,2.0,1.0,1.0,8465.0,1000.0
8466.0,1.029996,2.6646070182323536E-10,8466.0,18.0,1.0,1.277877363374022,1.0,2.0,1.0,1.0,8466.0,1000.0
8467.0,1.030086,2.6648398488760075E-10,8467.0,18.0,1.0,1.2777264389186807,1.0,2.0,1.0,1.0,8467.0,1000.0
8468.0,1.030177,2.665075266526813E-10,8468.0,18.0,1.0,1.2775755501091721,1.0,2.0,1.0,1.0,8468.0,1000.0
8469.0,1.030267,2.665308097170467E-10,8469.0,18.0,1.0,1.2774246969328693,1.0,2.0,1.0,1.0,8469.0,1000.0
8470.0,1.030359,2.665546101828424E-10,8470.0,18.0,1.0,1.277273879377151,1.0,2.0,1.0,1.0,8470.0,1000.0
8471.0,1.03045,2.66578151947923E-10,8471.0,18.0,1.0,1.2771230974294026,1.0,2.0,1.0,1.0,8471.0,1000.0
8472.0,1.030539,2.666011763115732E-10,8472.0,18.0,1.0,1.2769723510770148,1.0,2.0,1.0,1.0,8472.0,1000.0
8473.0,1.03063,2.6662471807665374E-10,8473.0,18.0,1.0,1.2768216403073847,1.0,2.0,1.0,1.0,8473.0,1000.0
8474.0,1.030722,2.6664851854244947E-10,8474.0,18.0,1.0,1.2766709651079147,1.0,2.0,1.0,1.0,8474.0,1000.0
8475.0,1.030816,2.6667283640967555E-10,8475.0,18.0,1.0,1.276520325466014,1.0,2.0,1.0,1.0,8475.0,1000.0
8476.0,1.030907,2.666963781747561E-10,8476.0,18.0,1.0,1.2763697213690974,1.0,2.0,1.0,1.0,8476.0,1000.0
8477.0,1.030997,2.667196612391215E-10,8477.0,18.0,1.0,1.2762191528045852,1.0,2.0,1.0,1.0,8477.0,1000.0
8478.0,1.03109,2.667437204056324E-10,8478.0,18.0,1.0,1.2760686197599045,1.0,2.0,1.0,1.0,8478.0,1000.0
8479.0,1.03118,2.667670034699978E-10,8479.0,18.0,1.0,1.2759181222224873,1.0,2.0,1.0,1.0,8479.0,1000.0
8480.0,1.031271,2.6679054523507833E-10,8480.0,18.0,1.0,1.2757676601797723,1.0,2.0,1.0,1.0,8480.0,1000.0
8481.0,1.031364,2.6681460440158924E-10,8481.0,18.0,1.0,1.275617233619204,1.0,2.0,1.0,1.0,8481.0,1000.0
8482.0,1.031457,2.6683866356810014E-10,8482.0,18.0,1.0,1.2754668425282327,1.0,2.0,1.0,1.0,8482.0,1000.0
8483.0,1.031548,2.668622053331807E-10,8483.0,18.0,1.0,1.2753164868943145,1.0,2.0,1.0,1.0,8483.0,1000.0
8484.0,1.031638,2.668854883975461E-10,8484.0,18.0,1.0,1.2751661667049115,1.0,2.0,1.0,1.0,8484.0,1000.0
8485.0,1.031729,2.6690903016262664E-10,8485.0,18.0,1.0,1.275015881947492,1.0,2.0,1.0,1.0,8485.0,1000.0
8486.0,1.03182,2.669325719277072E-10,8486.0,18.0,1.0,1.2748656326095298,1.0,2.0,1.0,1.0,8486.0,1000.0
8487.0,1.031911,2.6695611369278775E-10,8487.0,18.0,1.0,1.2747154186785048,1.0,2.0,1.0,1.0,8487.0,1000.0
8488.0,1.032,2.6697913805643796E-10,8488.0,18.0,1.0,1.2745652401419028,1.0,2.0,1.0,1.0,8488.0,1000.0
8489.0,1.032091,2.670026798215185E-10,8489.0,18.0,1.0,1.2744150969872152,1.0,2.0,1.0,1.0,8489.0,1000.0
8490.0,1.032183,2.6702648028731425E-10,8490.0,18.0,1.0,1.27426498920194,1.0,2.0,1.0,1.0,8490.0,1000.0
8491.0,1.032276,2.6705053945382515E-10,8491.0,18.0,1.0,1.2741149167735801,1.0,2.0,1.0,1.0,8491.0,1000.0
8492.0,1.032366,2.6707382251819054E-10,8492.0,18.0,1.0,1.2739648796896454,1.0,2.0,1.0,1.0,8492.0,1000.0
8493.0,1.032457,2.670973642832711E-10,8493.0,18.0,1.0,1.273814877937651,1.0,2.0,1.0,1.0,8493.0,1000.0
8494.0,1.032548,2.6712090604835165E-10,8494.0,18.0,1.0,1.2736649115051177,1.0,2.0,1.0,1.0,8494.0,1000.0
8495.0,1.032639,2.671444478134322E-10,8495.0,18.0,1.0,1.2735149803795727,1.0,2.0,1.0,1.0,8495.0,1000.0
8496.0,1.032729,2.671677308777976E-10,8496.0,18.0,1.0,1.2733650845485487,1.0,2.0,1.0,1.0,8496.0,1000.0
8497.0,1.032821,2.671915313435933E-10,8497.0,18.0,1.0,1.2732152239995844,1.0,2.0,1.0,1.0,8497.0,1000.0
8498.0,1.032914,2.672155905101042E-10,8498.0,18.0,1.0,1.2730653987202247,1.0,2.0,1.0,1.0,8498.0,1000.0
8499.0,1.033005,2.672391322751848E-10,8499.0,18.0,1.0,1.2729156086980198,1.0,2.0,1.0,1.0,8499.0,1000.0
8500.0,1.033095,2.6726241533955017E-10,8500.0,18.0,1.0,1.2727658539205258,1.0,2.0,1.0,1.0,8500.0,1000.0
8501.0,1.033186,2.672859571046307E-10,8501.0,18.0,1.0,1.2726161343753053,1.0,2.0,1.0,1.0,8501.0,1000.0
8502.0,1.033279,2.673100162711416E-10,8502.0,18.0,1.0,1.2724664500499259,1.0,2.0,1.0,1.0,8502.0,1000.0
8503.0,1.033369,2.67333299335507E-10,8503.0,18.0,1.0,1.2723168009319616,1.0,2.0,1.0,1.0,8503.0,1000.0
8504.0,1.033458,2.673563236991572E-10,8504.0,18.0,1.0,1.2721671870089921,1.0,2.0,1.0,1.0,8504.0,1000.0
8505.0,1.033549,2.673798654642378E-10,8505.0,18.0,1.0,1.2720176082686032,1.0,2.0,1.0,1.0,8505.0,1000.0
8506.0,1.033641,2.674036659300335E-10,8506.0,18.0,1.0,1.2718680646983858,1.0,2.0,1.0,1.0,8506.0,1000.0
8507.0,1.033731,2.674269489943989E-10,8507.0,18.0,1.0,1.2717185562859374,1.0,2.0,1.0,1.0,8507.0,1000.0
8508.0,1.033823,2.674507494601946E-10,8508.0,18.0,1.0,1.271569083018861,1.0,2.0,1.0,1.0,8508.0,1000.0
8509.0,1.033913,2.6747403252456E-10,8509.0,18.0,1.0,1.2714196448847654,1.0,2.0,1.0,1.0,8509.0,1000.0
8510.0,1.034005,2.6749783299035574E-10,8510.0,18.0,1.0,1.2712702418712656,1.0,2.0,1.0,1.0,8510.0,1000.0
8511.0,1.034098,2.6752189215686664E-10,8511.0,18.0,1.0,1.2711208739659816,1.0,2.0,1.0,1.0,8511.0,1000.0
8512.0,1.034188,2.67545175221232E-10,8512.0,18.0,1.0,1.27097154115654,1.0,2.0,1.0,1.0,8512.0,1000.0
8513.0,1.034278,2.675684582855974E-10,8513.0,18.0,1.0,1.2708222434305732,1.0,2.0,1.0,1.0,8513.0,1000.0
8514.0,1.034371,2.675925174521083E-10,8514.0,18.0,1.0,1.2706729807757189,1.0,2.0,1.0,1.0,8514.0,1000.0
8515.0,1.034461,2.676158005164737E-10,8515.0,18.0,1.0,1.2705237531796205,1.0,2.0,1.0,1.0,8515.0,1000.0
8516.0,1.034553,2.676396009822694E-10,8516.0,18.0,1.0,1.2703745606299284,1.0,2.0,1.0,1.0,8516.0,1000.0
8517.0,1.034641,2.6766236664520446E-10,8517.0,18.0,1.0,1.2702254031142972,1.0,2.0,1.0,1.0,8517.0,1000.0
8518.0,1.034733,2.676861671110002E-10,8518.0,18.0,1.0,1.2700762806203885,1.0,2.0,1.0,1.0,8518.0,1000.0
8519.0,1.034823,2.677094501753656E-10,8519.0,18.0,1.0,1.269927193135869,1.0,2.0,1.0,1.0,8519.0,1000.0
8520.0,1.034915,2.677332506411613E-10,8520.0,18.0,1.0,1.2697781406484119,1.0,2.0,1.0,1.0,8520.0,1000.0
8521.0,1.035007,2.6775705110695704E-10,8521.0,18.0,1.0,1.2696291231456953,1.0,2.0,1.0,1.0,8521.0,1000.0
8522.0,1.035358,2.67847855057982E-10,8522.0,18.0,1.0,1.2694801406154037,1.0,2.0,1.0,1.0,8522.0,1000.0
8523.0,1.035693,2.679345197975643E-10,8523.0,18.0,1.0,1.269331193045227,1.0,2.0,1.0,1.0,8523.0,1000.0
8524.0,1.036008,2.6801601052284316E-10,8524.0,18.0,1.0,1.2691822804228612,1.0,2.0,1.0,1.0,8524.0,1000.0
8525.0,1.036318,2.6809620774454617E-10,8525.0,18.0,1.0,1.2690334027360082,1.0,2.0,1.0,1.0,8525.0,1000.0
8526.0,1.03659,2.6816657433907267E-10,8526.0,18.0,1.0,1.268884559972375,1.0,2.0,1.0,1.0,8526.0,1000.0
8527.0,1.036852,2.6823435392644744E-10,8527.0,18.0,1.0,1.2687357521196752,1.0,2.0,1.0,1.0,8527.0,1000.0
8528.0,1.037112,2.6830161611239187E-10,8528.0,18.0,1.0,1.2685869791656272,1.0,2.0,1.0,1.0,8528.0,1000.0
8529.0,1.03742,2.6838129593266453E-10,8529.0,18.0,1.0,1.2684382410979564,1.0,2.0,1.0,1.0,8529.0,1000.0
8530.0,1.037697,2.684529560307669E-10,8530.0,18.0,1.0,1.2682895379043926,1.0,2.0,1.0,1.0,8530.0,1000.0
8531.0,1.037991,2.6852901404102714E-10,8531.0,18.0,1.0,1.2681408695726726,1.0,2.0,1.0,1.0,8531.0,1000.0
8532.0,1.038232,2.6859136091338334E-10,8532.0,18.0,1.0,1.267992236090538,1.0,2.0,1.0,1.0,8532.0,1000.0
8533.0,1.038473,2.6865370778573953E-10,8533.0,18.0,1.0,1.2678436374457365,1.0,2.0,1.0,1.0,8533.0,1000.0
8534.0,1.038711,2.687152785559502E-10,8534.0,18.0,1.0,1.2676950736260217,1.0,2.0,1.0,1.0,8534.0,1000.0
8535.0,1.038937,2.6877374491757887E-10,8535.0,18.0,1.0,1.267546544619153,1.0,2.0,1.0,1.0,8535.0,1000.0
8536.0,1.03916,2.68831435177062E-10,8536.0,18.0,1.0,1.2673980504128948,1.0,2.0,1.0,1.0,8536.0,1000.0
8537.0,1.039336,2.688769665029321E-10,8537.0,18.0,1.0,1.267249590995018,1.0,2.0,1.0,1.0,8537.0,1000.0
8538.0,1.039455,2.6890775188803743E-10,8538.0,18.0,1.0,1.2671011663532994,1.0,2.0,1.0,1.0,8538.0,1000.0
8539.0,1.039552,2.6893284585740903E-10,8539.0,18.0,1.0,1.2669527764755204,1.0,2.0,1.0,1.0,8539.0,1000.0
8540.0,1.039652,2.6895871592892614E-10,8540.0,18.0,1.0,1.2668044213494696,1.0,2.0,1.0,1.0,8540.0,1000.0
8541.0,1.039752,2.6898458600044325E-10,8541.0,18.0,1.0,1.2666561009629398,1.0,2.0,1.0,1.0,8541.0,1000.0
8542.0,1.039847,2.690091625683845E-10,8542.0,18.0,1.0,1.266507815303731,1.0,2.0,1.0,1.0,8542.0,1000.0
8543.0,1.039942,2.6903373913632574E-10,8543.0,18.0,1.0,1.2663595643596477,1.0,2.0,1.0,1.0,8543.0,1000.0
8544.0,1.040034,2.6905753960212147E-10,8544.0,18.0,1.0,1.2662113481185007,1.0,2.0,1.0,1.0,8544.0,1000.0
8545.0,1.04013,2.690823748707779E-10,8545.0,18.0,1.0,1.2660631665681064,1.0,2.0,1.0,1.0,8545.0,1000.0
8546.0,1.040222,2.691061753365736E-10,8546.0,18.0,1.0,1.2659150196962872,1.0,2.0,1.0,1.0,8546.0,1000.0
8547.0,1.040312,2.69129458400939E-10,8547.0,18.0,1.0,1.2657669074908704,1.0,2.0,1.0,1.0,8547.0,1000.0
8548.0,1.040405,2.691535175674499E-10,8548.0,18.0,1.0,1.26561882993969,1.0,2.0,1.0,1.0,8548.0,1000.0
8549.0,1.040496,2.6917705933253047E-10,8549.0,18.0,1.0,1.2654707870305848,1.0,2.0,1.0,1.0,8549.0,1000.0
8550.0,1.040588,2.692008597983262E-10,8550.0,18.0,1.0,1.2653227787513999,1.0,2.0,1.0,1.0,8550.0,1000.0
8551.0,1.040681,2.692249189648371E-10,8551.0,18.0,1.0,1.265174805089986,1.0,2.0,1.0,1.0,8551.0,1000.0
8552.0,1.040771,2.692482020292025E-10,8552.0,18.0,1.0,1.265026866034199,1.0,2.0,1.0,1.0,8552.0,1000.0
8553.0,1.04086,2.692712263928527E-10,8553.0,18.0,1.0,1.264878961571901,1.0,2.0,1.0,1.0,8553.0,1000.0
8554.0,1.040953,2.692952855593636E-10,8554.0,18.0,1.0,1.2647310916909598,1.0,2.0,1.0,1.0,8554.0,1000.0
8555.0,1.041048,2.6931986212730485E-10,8555.0,18.0,1.0,1.2645832563792483,1.0,2.0,1.0,1.0,8555.0,1000.0
8556.0,1.041139,2.693434038923854E-10,8556.0,18.0,1.0,1.2644354556246458,1.0,2.0,1.0,1.0,8556.0,1000.0
8557.0,1.041228,2.693664282560356E-10,8557.0,18.0,1.0,1.2642876894150368,1.0,2.0,1.0,1.0,8557.0,1000.0
8558.0,1.04132,2.6939022872183134E-10,8558.0,18.0,1.0,1.2641399577383114,1.0,2.0,1.0,1.0,8558.0,1000.0
8559.0,1.041409,2.6941325308548156E-10,8559.0,18.0,1.0,1.263992260582366,1.0,2.0,1.0,1.0,8559.0,1000.0
8560.0,1.041499,2.6943653614984694E-10,8560.0,18.0,1.0,1.2638445979351016,1.0,2.0,1.0,1.0,8560.0,1000.0
8561.0,1.04159,2.694600779149275E-10,8561.0,18.0,1.0,1.2636969697844258,1.0,2.0,1.0,1.0,8561.0,1000.0
8562.0,1.041682,2.6948387838072323E-10,8562.0,18.0,1.0,1.2635493761182515,1.0,2.0,1.0,1.0,8562.0,1000.0
8563.0,1.041772,2.695071614450886E-10,8563.0,18.0,1.0,1.2634018169244972,1.0,2.0,1.0,1.0,8563.0,1000.0
8564.0,1.041861,2.695301858087388E-10,8564.0,18.0,1.0,1.263254292191087,1.0,2.0,1.0,1.0,8564.0,1000.0
8565.0,1.041952,2.695537275738194E-10,8565.0,18.0,1.0,1.2631068019059508,1.0,2.0,1.0,1.0,8565.0,1000.0
8566.0,1.042044,2.695775280396151E-10,8566.0,18.0,1.0,1.2629593460570243,1.0,2.0,1.0,1.0,8566.0,1000.0
8567.0,1.042135,2.6960106980469567E-10,8567.0,18.0,1.0,1.2628119246322482,1.0,2.0,1.0,1.0,8567.0,1000.0
8568.0,1.042227,2.696248702704914E-10,8568.0,18.0,1.0,1.2626645376195693,1.0,2.0,1.0,1.0,8568.0,1000.0
8569.0,1.042317,2.696481533348568E-10,8569.0,18.0,1.0,1.26251718500694,1.0,2.0,1.0,1.0,8569.0,1000.0
8570.0,1.042408,2.6967169509993734E-10,8570.0,18.0,1.0,1.2623698667823184,1.0,2.0,1.0,1.0,8570.0,1000.0
8571.0,1.042499,2.696952368650179E-10,8571.0,18.0,1.0,1.2622225829336682,1.0,2.0,1.0,1.0,8571.0,1000.0
8572.0,1.042589,2.697185199293833E-10,8572.0,18.0,1.0,1.2620753334489583,1.0,2.0,1.0,1.0,8572.0,1000.0
8573.0,1.04268,2.6974206169446384E-10,8573.0,18.0,1.0,1.2619281183161635,1.0,2.0,1.0,1.0,8573.0,1000.0
8574.0,1.042772,2.6976586216025957E-10,8574.0,18.0,1.0,1.2617809375232645,1.0,2.0,1.0,1.0,8574.0,1000.0
8575.0,1.042863,2.697894039253401E-10,8575.0,18.0,1.0,1.2616337910582471,1.0,2.0,1.0,1.0,8575.0,1000.0
8576.0,1.042972,2.6981760230329374E-10,8576.0,18.0,1.0,1.2614866789091033,1.0,2.0,1.0,1.0,8576.0,1000.0
8577.0,1.043067,2.69842178871235E-10,8577.0,18.0,1.0,1.26133960106383,1.0,2.0,1.0,1.0,8577.0,1000.0
8578.0,1.04316,2.698662380377459E-10,8578.0,18.0,1.0,1.2611925575104301,1.0,2.0,1.0,1.0,8578.0,1000.0
8579.0,1.04325,2.6988952110211127E-10,8579.0,18.0,1.0,1.2610455482369123,1.0,2.0,1.0,1.0,8579.0,1000.0
8580.0,1.043339,2.699125454657615E-10,8580.0,18.0,1.0,1.26089857323129,1.0,2.0,1.0,1.0,8580.0,1000.0
8581.0,1.04343,2.6993608723084204E-10,8581.0,18.0,1.0,1.2607516324815837,1.0,2.0,1.0,1.0,8581.0,1000.0
8582.0,1.043519,2.6995911159449225E-10,8582.0,18.0,1.0,1.260604725975818,1.0,2.0,1.0,1.0,8582.0,1000.0
8583.0,1.04361,2.699826533595728E-10,8583.0,18.0,1.0,1.2604578537020237,1.0,2.0,1.0,1.0,8583.0,1000.0
8584.0,1.043701,2.7000619512465337E-10,8584.0,18.0,1.0,1.2603110156482373,1.0,2.0,1.0,1.0,8584.0,1000.0
8585.0,1.043792,2.700297368897339E-10,8585.0,18.0,1.0,1.260164211802501,1.0,2.0,1.0,1.0,8585.0,1000.0
8586.0,1.043881,2.7005276125338413E-10,8586.0,18.0,1.0,1.2600174421528616,1.0,2.0,1.0,1.0,8586.0,1000.0
8587.0,1.043972,2.700763030184647E-10,8587.0,18.0,1.0,1.2598707066873727,1.0,2.0,1.0,1.0,8587.0,1000.0
8588.0,1.044061,2.700993273821149E-10,8588.0,18.0,1.0,1.2597240053940928,1.0,2.0,1.0,1.0,8588.0,1000.0
8589.0,1.044151,2.701226104464803E-10,8589.0,18.0,1.0,1.2595773382610862,1.0,2.0,1.0,1.0,8589.0,1000.0
8590.0,1.04424,2.701456348101305E-10,8590.0,18.0,1.0,1.2594307052764226,1.0,2.0,1.0,1.0,8590.0,1000.0
8591.0,1.044333,2.701696939766414E-10,8591.0,18.0,1.0,1.2592841064281772,1.0,2.0,1.0,1.0,8591.0,1000.0
8592.0,1.044422,2.701927183402916E-10,8592.0,18.0,1.0,1.2591375417044308,1.0,2.0,1.0,1.0,8592.0,1000.0
8593.0,1.044512,2.70216001404657E-10,8593.0,18.0,1.0,1.25899101109327,1.0,2.0,1.0,1.0,8593.0,1000.0
8594.0,1.044601,2.702390257683072E-10,8594.0,18.0,1.0,1.2588445145827867,1.0,2.0,1.0,1.0,8594.0,1000.0
8595.0,1.044694,2.702630849348181E-10,8595.0,18.0,1.0,1.2586980521610784,1.0,2.0,1.0,1.0,8595.0,1000.0
8596.0,1.044781,2.70285591897038E-10,8596.0,18.0,1.0,1.2585516238162482,1.0,2.0,1.0,1.0,8596.0,1000.0
8597.0,1.044871,2.7030887496140336E-10,8597.0,18.0,1.0,1.2584052295364045,1.0,2.0,1.0,1.0,8597.0,1000.0
8598.0,1.044959,2.703316406243384E-10,8598.0,18.0,1.0,1.2582588693096615,1.0,2.0,1.0,1.0,8598.0,1000.0
8599.0,1.045051,2.7035544109013413E-10,8599.0,18.0,1.0,1.258112543124139,1.0,2.0,1.0,1.0,8599.0,1000.0
8600.0,1.04539,2.704431406325771E-10,8600.0,18.0,1.0,1.2579662509679617,1.0,2.0,1.0,1.0,8600.0,1000.0
8601.0,1.045667,2.7051480073067946E-10,8601.0,18.0,1.0,1.2578199928292606,1.0,2.0,1.0,1.0,8601.0,1000.0
8602.0,1.045914,2.705786998073267E-10,8602.0,18.0,1.0,1.2576737686961719,1.0,2.0,1.0,1.0,8602.0,1000.0
8603.0,1.046168,2.7064440978898013E-10,8603.0,18.0,1.0,1.2575275785568372,1.0,2.0,1.0,1.0,8603.0,1000.0
8604.0,1.046405,2.7070572185847564E-10,8604.0,18.0,1.0,1.2573814223994038,1.0,2.0,1.0,1.0,8604.0,1000.0
8605.0,1.046642,2.7076703392797115E-10,8605.0,18.0,1.0,1.2572353002120245,1.0,2.0,1.0,1.0,8605.0,1000.0
8606.0,1.046873,2.708267937931756E-10,8606.0,18.0,1.0,1.2570892119828572,1.0,2.0,1.0,1.0,8606.0,1000.0
8607.0,1.047106,2.7088707105981043E-10,8607.0,18.0,1.0,1.2569431577000663,1.0,2.0,1.0,1.0,8607.0,1000.0
8608.0,1.047334,2.7094605482286944E-10,8608.0,18.0,1.0,1.2567971373518203,1.0,2.0,1.0,1.0,8608.0,1000.0
8609.0,1.047605,2.7101616271668077E-10,8609.0,18.0,1.0,1.2566511509262945,1.0,2.0,1.0,1.0,8609.0,1000.0
8610.0,1.047862,2.7108264880047973E-10,8610.0,18.0,1.0,1.2565051984116689,1.0,2.0,1.0,1.0,8610.0,1000.0
8611.0,1.048121,2.7114965228570903E-10,8611.0,18.0,1.0,1.2563592797961294,1.0,2.0,1.0,1.0,8611.0,1000.0
8612.0,1.048358,2.7121096435520454E-10,8612.0,18.0,1.0,1.256213395067867,1.0,2.0,1.0,1.0,8612.0,1000.0
8613.0,1.04859,2.712709829211242E-10,8613.0,18.0,1.0,1.2560675442150784,1.0,2.0,1.0,1.0,8613.0,1000.0
8614.0,1.048852,2.7133876250849895E-10,8614.0,18.0,1.0,1.2559217272259657,1.0,2.0,1.0,1.0,8614.0,1000.0
8615.0,1.049085,2.7139903977513377E-10,8615.0,18.0,1.0,1.255775944088737,1.0,2.0,1.0,1.0,8615.0,1000.0
8616.0,1.049309,2.714569887353321E-10,8616.0,18.0,1.0,1.255630194791605,1.0,2.0,1.0,1.0,8616.0,1000.0
8617.0,1.04953,2.715141615933849E-10,8617.0,18.0,1.0,1.2554844793227886,1.0,2.0,1.0,1.0,8617.0,1000.0
8618.0,1.049755,2.7157236925429837E-10,8618.0,18.0,1.0,1.2553387976705117,1.0,2.0,1.0,1.0,8618.0,1000.0
8619.0,1.049988,2.716326465209332E-10,8619.0,18.0,1.0,1.2551931498230038,1.0,2.0,1.0,1.0,8619.0,1000.0
8620.0,1.050266,2.717045653197507E-10,8620.0,18.0,1.0,1.2550475357685,1.0,2.0,1.0,1.0,8620.0,1000.0
8621.0,1.050505,2.7176639479067657E-10,8621.0,18.0,1.0,1.2549019554952408,1.0,2.0,1.0,1.0,8621.0,1000.0
8622.0,1.05073,2.7182460245159006E-10,8622.0,18.0,1.0,1.2547564089914718,1.0,2.0,1.0,1.0,8622.0,1000.0
8623.0,1.05095,2.718815166089277E-10,8623.0,18.0,1.0,1.2546108962454448,1.0,2.0,1.0,1.0,8623.0,1000.0
8624.0,1.051168,2.7193791336483496E-10,8624.0,18.0,1.0,1.2544654172454162,1.0,2.0,1.0,1.0,8624.0,1000.0
8625.0,1.051391,2.719956036243181E-10,8625.0,18.0,1.0,1.2543199719796487,1.0,2.0,1.0,1.0,8625.0,1000.0
8626.0,1.051556,2.7203828924232133E-10,8626.0,18.0,1.0,1.2541745604364096,1.0,2.0,1.0,1.0,8626.0,1000.0
8627.0,1.05166,2.7206519411669913E-10,8627.0,18.0,1.0,1.2540291826039724,1.0,2.0,1.0,1.0,8627.0,1000.0
8628.0,1.051753,2.7208925328321004E-10,8628.0,18.0,1.0,1.2538838384706155,1.0,2.0,1.0,1.0,8628.0,1000.0
8629.0,1.051846,2.7211331244972094E-10,8629.0,18.0,1.0,1.2537385280246227,1.0,2.0,1.0,1.0,8629.0,1000.0
8630.0,1.051936,2.721365955140863E-10,8630.0,18.0,1.0,1.2535932512542838,1.0,2.0,1.0,1.0,8630.0,1000.0
8631.0,1.052034,2.721619481841731E-10,8631.0,18.0,1.0,1.2534480081478936,1.0,2.0,1.0,1.0,8631.0,1000.0
8632.0,1.052125,2.7218548994925365E-10,8632.0,18.0,1.0,1.2533027986937524,1.0,2.0,1.0,1.0,8632.0,1000.0
8633.0,1.052216,2.722090317143342E-10,8633.0,18.0,1.0,1.2531576228801655,1.0,2.0,1.0,1.0,8633.0,1000.0
8634.0,1.052307,2.7223257347941476E-10,8634.0,18.0,1.0,1.2530124806954448,1.0,2.0,1.0,1.0,8634.0,1000.0
8635.0,1.0524,2.7225663264592566E-10,8635.0,18.0,1.0,1.2528673721279062,1.0,2.0,1.0,1.0,8635.0,1000.0
8636.0,1.05249,2.7227991571029105E-10,8636.0,18.0,1.0,1.2527222971658718,1.0,2.0,1.0,1.0,8636.0,1000.0
8637.0,1.052581,2.723034574753716E-10,8637.0,18.0,1.0,1.2525772557976693,1.0,2.0,1.0,1.0,8637.0,1000.0
8638.0,1.05267,2.723264818390218E-10,8638.0,18.0,1.0,1.2524322480116312,1.0,2.0,1.0,1.0,8638.0,1000.0
8639.0,1.052761,2.7235002360410237E-10,8639.0,18.0,1.0,1.2522872737960955,1.0,2.0,1.0,1.0,8639.0,1000.0
8640.0,1.052851,2.7237330666846776E-10,8640.0,18.0,1.0,1.2521423331394061,1.0,2.0,1.0,1.0,8640.0,1000.0
8641.0,1.052944,2.7239736583497866E-10,8641.0,18.0,1.0,1.251997426029912,1.0,2.0,1.0,1.0,8641.0,1000.0
8642.0,1.053034,2.7242064889934404E-10,8642.0,18.0,1.0,1.2518525524559674,1.0,2.0,1.0,1.0,8642.0,1000.0
8643.0,1.053128,2.724449667665701E-10,8643.0,18.0,1.0,1.251707712405932,1.0,2.0,1.0,1.0,8643.0,1000.0
8644.0,1.053218,2.724682498309355E-10,8644.0,18.0,1.0,1.251562905868171,1.0,2.0,1.0,1.0,8644.0,1000.0
8645.0,1.053311,2.724923089974464E-10,8645.0,18.0,1.0,1.251418132831055,1.0,2.0,1.0,1.0,8645.0,1000.0
8646.0,1.053403,2.7251610946324214E-10,8646.0,18.0,1.0,1.2512733932829596,1.0,2.0,1.0,1.0,8646.0,1000.0
8647.0,1.053495,2.7253990992903786E-10,8647.0,18.0,1.0,1.2511286872122667,1.0,2.0,1.0,1.0,8647.0,1000.0
8648.0,1.053584,2.725629342926881E-10,8648.0,18.0,1.0,1.2509840146073623,1.0,2.0,1.0,1.0,8648.0,1000.0
8649.0,1.053675,2.7258647605776863E-10,8649.0,18.0,1.0,1.250839375456639,1.0,2.0,1.0,1.0,8649.0,1000.0
8650.0,1.053764,2.7260950042141885E-10,8650.0,18.0,1.0,1.2506947697484936,1.0,2.0,1.0,1.0,8650.0,1000.0
8651.0,1.053857,2.7263355958792975E-10,8651.0,18.0,1.0,1.2505501974713293,1.0,2.0,1.0,1.0,8651.0,1000.0
8652.0,1.053947,2.7265684265229513E-10,8652.0,18.0,1.0,1.2504056586135541,1.0,2.0,1.0,1.0,8652.0,1000.0
8653.0,1.054037,2.726801257166605E-10,8653.0,18.0,1.0,1.2502611531635814,1.0,2.0,1.0,1.0,8653.0,1000.0
8654.0,1.054128,2.7270366748174107E-10,8654.0,18.0,1.0,1.25011668110983,1.0,2.0,1.0,1.0,8654.0,1000.0
8655.0,1.054219,2.7272720924682163E-10,8655.0,18.0,1.0,1.2499722424407245,1.0,2.0,1.0,1.0,8655.0,1000.0
8656.0,1.054309,2.72750492311187E-10,8656.0,18.0,1.0,1.2498278371446938,1.0,2.0,1.0,1.0,8656.0,1000.0
8657.0,1.054399,2.727737753755524E-10,8657.0,18.0,1.0,1.2496834652101731,1.0,2.0,1.0,1.0,8657.0,1000.0
8658.0,1.054489,2.727970584399178E-10,8658.0,18.0,1.0,1.2495391266256028,1.0,2.0,1.0,1.0,8658.0,1000.0
8659.0,1.054582,2.728211176064287E-10,8659.0,18.0,1.0,1.2493948213794284,1.0,2.0,1.0,1.0,8659.0,1000.0
8660.0,1.054672,2.7284440067079407E-10,8660.0,18.0,1.0,1.2492505494601005,1.0,2.0,1.0,1.0,8660.0,1000.0
8661.0,1.054764,2.728682011365898E-10,8661.0,18.0,1.0,1.2491063108560754,1.0,2.0,1.0,1.0,8661.0,1000.0
8662.0,1.054852,2.7289096679952484E-10,8662.0,18.0,1.0,1.248962105555815,1.0,2.0,1.0,1.0,8662.0,1000.0
8663.0,1.054943,2.729145085646054E-10,8663.0,18.0,1.0,1.248817933547786,1.0,2.0,1.0,1.0,8663.0,1000.0
8664.0,1.055033,2.729377916289708E-10,8664.0,18.0,1.0,1.2486737948204605,1.0,2.0,1.0,1.0,8664.0,1000.0
8665.0,1.055128,2.7296236819691203E-10,8665.0,18.0,1.0,1.2485296893623161,1.0,2.0,1.0,1.0,8665.0,1000.0
8666.0,1.055216,2.7298513385984707E-10,8666.0,18.0,1.0,1.248385617161836,1.0,2.0,1.0,1.0,8666.0,1000.0
8667.0,1.055308,2.730089343256428E-10,8667.0,18.0,1.0,1.2482415782075078,1.0,2.0,1.0,1.0,8667.0,1000.0
8668.0,1.055398,2.730322173900082E-10,8668.0,18.0,1.0,1.2480975724878254,1.0,2.0,1.0,1.0,8668.0,1000.0
8669.0,1.055488,2.7305550045437357E-10,8669.0,18.0,1.0,1.2479535999912874,1.0,2.0,1.0,1.0,8669.0,1000.0
8670.0,1.055576,2.730782661173086E-10,8670.0,18.0,1.0,1.247809660706398,1.0,2.0,1.0,1.0,8670.0,1000.0
8671.0,1.055668,2.7310206658310433E-10,8671.0,18.0,1.0,1.2476657546216665,1.0,2.0,1.0,1.0,8671.0,1000.0
8672.0,1.055758,2.731253496474697E-10,8672.0,18.0,1.0,1.2475218817256077,1.0,2.0,1.0,1.0,8672.0,1000.0
8673.0,1.055847,2.7314837401111993E-10,8673.0,18.0,1.0,1.2473780420067415,1.0,2.0,1.0,1.0,8673.0,1000.0
8674.0,1.055936,2.7317139837477014E-10,8674.0,18.0,1.0,1.2472342354535935,1.0,2.0,1.0,1.0,8674.0,1000.0
8675.0,1.056028,2.7319519884056587E-10,8675.0,18.0,1.0,1.2470904620546939,1.0,2.0,1.0,1.0,8675.0,1000.0
8676.0,1.056118,2.7321848190493126E-10,8676.0,18.0,1.0,1.2469467217985788,1.0,2.0,1.0,1.0,8676.0,1000.0
8677.0,1.056207,2.7324150626858147E-10,8677.0,18.0,1.0,1.2468030146737892,1.0,2.0,1.0,1.0,8677.0,1000.0
8678.0,1.056295,2.732642719315165E-10,8678.0,18.0,1.0,1.2466593406688717,1.0,2.0,1.0,1.0,8678.0,1000.0
8679.0,1.056386,2.7328781369659706E-10,8679.0,18.0,1.0,1.246515699772378,1.0,2.0,1.0,1.0,8679.0,1000.0
8680.0,1.056475,2.733108380602473E-10,8680.0,18.0,1.0,1.2463720919728651,1.0,2.0,1.0,1.0,8680.0,1000.0
8681.0,1.056565,2.7333412112461266E-10,8681.0,18.0,1.0,1.2462285172588952,1.0,2.0,1.0,1.0,8681.0,1000.0
8682.0,1.056653,2.733568867875477E-10,8682.0,18.0,1.0,1.246084975619036,1.0,2.0,1.0,1.0,8682.0,1000.0
8683.0,1.056745,2.7338068725334343E-10,8683.0,18.0,1.0,1.2459414670418598,1.0,2.0,1.0,1.0,8683.0,1000.0
8684.0,1.056836,2.73404229018424E-10,8684.0,18.0,1.0,1.2457979915159454,1.0,2.0,1.0,1.0,8684.0,1000.0
8685.0,1.056927,2.7342777078350454E-10,8685.0,18.0,1.0,1.2456545490298756,1.0,2.0,1.0,1.0,8685.0,1000.0
8686.0,1.057015,2.734505364464396E-10,8686.0,18.0,1.0,1.2455111395722391,1.0,2.0,1.0,1.0,8686.0,1000.0
8687.0,1.057108,2.734745956129505E-10,8687.0,18.0,1.0,1.24536776313163,1.0,2.0,1.0,1.0,8687.0,1000.0
8688.0,1.057196,2.734973612758855E-10,8688.0,18.0,1.0,1.245224419696647,1.0,2.0,1.0,1.0,8688.0,1000.0
8689.0,1.057286,2.735206443402509E-10,8689.0,18.0,1.0,1.2450811092558949,1.0,2.0,1.0,1.0,8689.0,1000.0
8690.0,1.057374,2.7354341000318595E-10,8690.0,18.0,1.0,1.2449378317979827,1.0,2.0,1.0,1.0,8690.0,1000.0
8691.0,1.057468,2.73567727870412E-10,8691.0,18.0,1.0,1.2447945873115256,1.0,2.0,1.0,1.0,8691.0,1000.0
8692.0,1.057558,2.735910109347774E-10,8692.0,18.0,1.0,1.2446513757851438,1.0,2.0,1.0,1.0,8692.0,1000.0
8693.0,1.05765,2.7361481140057314E-10,8693.0,18.0,1.0,1.2445081972074623,1.0,2.0,1.0,1.0,8693.0,1000.0
8694.0,1.057739,2.7363783576422335E-10,8694.0,18.0,1.0,1.2443650515671119,1.0,2.0,1.0,1.0,8694.0,1000.0
8695.0,1.057829,2.7366111882858873E-10,8695.0,18.0,1.0,1.244221938852728,1.0,2.0,1.0,1.0,8695.0,1000.0
8696.0,1.057918,2.7368414319223894E-10,8696.0,18.0,1.0,1.244078859052952,1.0,2.0,1.0,1.0,8696.0,1000.0
8697.0,1.058007,2.7370716755588916E-10,8697.0,18.0,1.0,1.2439358121564297,1.0,2.0,1.0,1.0,8697.0,1000.0
8698.0,1.058097,2.7373045062025454E-10,8698.0,18.0,1.0,1.243792798151813,1.0,2.0,1.0,1.0,8698.0,1000.0
8699.0,1.058188,2.737539923853351E-10,8699.0,18.0,1.0,1.2436498170277583,1.0,2.0,1.0,1.0,8699.0,1000.0
8700.0,1.058278,2.737772754497005E-10,8700.0,18.0,1.0,1.2435068687729276,1.0,2.0,1.0,1.0,8700.0,1000.0
8701.0,1.058368,2.7380055851406587E-10,8701.0,18.0,1.0,1.2433639533759877,1.0,2.0,1.0,1.0,8701.0,1000.0
8702.0,1.058457,2.738235828777161E-10,8702.0,18.0,1.0,1.2432210708256113,1.0,2.0,1.0,1.0,8702.0,1000.0
8703.0,1.058548,2.7384712464279664E-10,8703.0,18.0,1.0,1.2430782211104756,1.0,2.0,1.0,1.0,8703.0,1000.0
8704.0,1.058638,2.73870407707162E-10,8704.0,18.0,1.0,1.2429354042192635,1.0,2.0,1.0,1.0,8704.0,1000.0
8705.0,1.058726,2.7389317337009706E-10,8705.0,18.0,1.0,1.2427926201406627,1.0,2.0,1.0,1.0,8705.0,1000.0
8706.0,1.058817,2.739167151351776E-10,8706.0,18.0,1.0,1.2426498688633667,1.0,2.0,1.0,1.0,8706.0,1000.0
8707.0,1.058909,2.7394051560097335E-10,8707.0,18.0,1.0,1.2425071503760732,1.0,2.0,1.0,1.0,8707.0,1000.0
8708.0,1.059,2.739640573660539E-10,8708.0,18.0,1.0,1.2423644646674863,1.0,2.0,1.0,1.0,8708.0,1000.0
8709.0,1.05909,2.739873404304193E-10,8709.0,18.0,1.0,1.2422218117263142,1.0,2.0,1.0,1.0,8709.0,1000.0
8710.0,1.05918,2.7401062349478467E-10,8710.0,18.0,1.0,1.242079191541271,1.0,2.0,1.0,1.0,8710.0,1000.0
8711.0,1.059273,2.740346826612956E-10,8711.0,18.0,1.0,1.2419366041010755,1.0,2.0,1.0,1.0,8711.0,1000.0
8712.0,1.059362,2.740577070249458E-10,8712.0,18.0,1.0,1.2417940493944524,1.0,2.0,1.0,1.0,8712.0,1000.0
8713.0,1.059451,2.74080731388596E-10,8713.0,18.0,1.0,1.2416515274101307,1.0,2.0,1.0,1.0,8713.0,1000.0
8714.0,1.05954,2.741037557522462E-10,8714.0,18.0,1.0,1.2415090381368452,1.0,2.0,1.0,1.0,8714.0,1000.0
8715.0,1.059631,2.7412729751732677E-10,8715.0,18.0,1.0,1.2413665815633357,1.0,2.0,1.0,1.0,8715.0,1000.0
8716.0,1.059723,2.741510979831225E-10,8716.0,18.0,1.0,1.2412241576783467,1.0,2.0,1.0,1.0,8716.0,1000.0
8717.0,1.059812,2.741741223467727E-10,8717.0,18.0,1.0,1.2410817664706286,1.0,2.0,1.0,1.0,8717.0,1000.0
8718.0,1.059904,2.7419792281256844E-10,8718.0,18.0,1.0,1.2409394079289366,1.0,2.0,1.0,1.0,8718.0,1000.0
8719.0,1.059994,2.742212058769338E-10,8719.0,18.0,1.0,1.240797082042031,1.0,2.0,1.0,1.0,8719.0,1000.0
8720.0,1.060085,2.742447476420144E-10,8720.0,18.0,1.0,1.2406547887986776,1.0,2.0,1.0,1.0,8720.0,1000.0
8721.0,1.060177,2.742685481078101E-10,8721.0,18.0,1.0,1.240512528187647,1.0,2.0,1.0,1.0,8721.0,1000.0
8722.0,1.060267,2.742918311721755E-10,8722.0,18.0,1.0,1.2403703001977149,1.0,2.0,1.0,1.0,8722.0,1000.0
8723.0,1.060355,2.7431459683511053E-10,8723.0,18.0,1.0,1.2402281048176624,1.0,2.0,1.0,1.0,8723.0,1000.0
8724.0,1.060447,2.7433839730090626E-10,8724.0,18.0,1.0,1.2400859420362758,1.0,2.0,1.0,1.0,8724.0,1000.0
8725.0,1.060538,2.743619390659868E-10,8725.0,18.0,1.0,1.239943811842346,1.0,2.0,1.0,1.0,8725.0,1000.0
8726.0,1.060627,2.7438496342963703E-10,8726.0,18.0,1.0,1.23980171422467,1.0,2.0,1.0,1.0,8726.0,1000.0
8727.0,1.060718,2.744085051947176E-10,8727.0,18.0,1.0,1.2396596491720488,1.0,2.0,1.0,1.0,8727.0,1000.0
8728.0,1.060808,2.7443178825908297E-10,8728.0,18.0,1.0,1.2395176166732893,1.0,2.0,1.0,1.0,8728.0,1000.0
8729.0,1.060901,2.744558474255939E-10,8729.0,18.0,1.0,1.2393756167172036,1.0,2.0,1.0,1.0,8729.0,1000.0
8730.0,1.060991,2.7447913048995926E-10,8730.0,18.0,1.0,1.2392336492926082,1.0,2.0,1.0,1.0,8730.0,1000.0
8731.0,1.061081,2.7450241355432464E-10,8731.0,18.0,1.0,1.2390917143883255,1.0,2.0,1.0,1.0,8731.0,1000.0
8732.0,1.061173,2.7452621402012037E-10,8732.0,18.0,1.0,1.2389498119931825,1.0,2.0,1.0,1.0,8732.0,1000.0
8733.0,1.061265,2.745500144859161E-10,8733.0,18.0,1.0,1.2388079420960116,1.0,2.0,1.0,1.0,8733.0,1000.0
8734.0,1.061355,2.745732975502815E-10,8734.0,18.0,1.0,1.2386661046856502,1.0,2.0,1.0,1.0,8734.0,1000.0
8735.0,1.061446,2.7459683931536204E-10,8735.0,18.0,1.0,1.238524299750941,1.0,2.0,1.0,1.0,8735.0,1000.0
8736.0,1.061537,2.746203810804426E-10,8736.0,18.0,1.0,1.2383825272807314,1.0,2.0,1.0,1.0,8736.0,1000.0
8737.0,1.061629,2.7464418154623833E-10,8737.0,18.0,1.0,1.2382407872638743,1.0,2.0,1.0,1.0,8737.0,1000.0
8738.0,1.061718,2.7466720590988854E-10,8738.0,18.0,1.0,1.2380990796892275,1.0,2.0,1.0,1.0,8738.0,1000.0
8739.0,1.061807,2.7469023027353875E-10,8739.0,18.0,1.0,1.2379574045456538,1.0,2.0,1.0,1.0,8739.0,1000.0
8740.0,1.0619,2.7471428944004966E-10,8740.0,18.0,1.0,1.2378157618220218,1.0,2.0,1.0,1.0,8740.0,1000.0
8741.0,1.06199,2.7473757250441504E-10,8741.0,18.0,1.0,1.2376741515072038,1.0,2.0,1.0,1.0,8741.0,1000.0
8742.0,1.062081,2.747611142694956E-10,8742.0,18.0,1.0,1.2375325735900788,1.0,2.0,1.0,1.0,8742.0,1000.0
8743.0,1.06217,2.747841386331458E-10,8743.0,18.0,1.0,1.23739102805953,1.0,2.0,1.0,1.0,8743.0,1000.0
8744.0,1.062262,2.7480793909894154E-10,8744.0,18.0,1.0,1.2372495149044453,1.0,2.0,1.0,1.0,8744.0,1000.0
8745.0,1.062351,2.7483096346259175E-10,8745.0,18.0,1.0,1.2371080341137186,1.0,2.0,1.0,1.0,8745.0,1000.0
8746.0,1.062441,2.7485424652695714E-10,8746.0,18.0,1.0,1.2369665856762486,1.0,2.0,1.0,1.0,8746.0,1000.0
8747.0,1.062533,2.7487804699275287E-10,8747.0,18.0,1.0,1.2368251695809385,1.0,2.0,1.0,1.0,8747.0,1000.0
8748.0,1.062627,2.7490236485997894E-10,8748.0,18.0,1.0,1.2366837858166975,1.0,2.0,1.0,1.0,8748.0,1000.0
8749.0,1.062719,2.7492616532577467E-10,8749.0,18.0,1.0,1.2365424343724392,1.0,2.0,1.0,1.0,8749.0,1000.0
8750.0,1.06281,2.7494970709085523E-10,8750.0,18.0,1.0,1.2364011152370822,1.0,2.0,1.0,1.0,8750.0,1000.0
8751.0,1.062901,2.749732488559358E-10,8751.0,18.0,1.0,1.236259828399551,1.0,2.0,1.0,1.0,8751.0,1000.0
8752.0,1.062992,2.7499679062101634E-10,8752.0,18.0,1.0,1.2361185738487739,1.0,2.0,1.0,1.0,8752.0,1000.0
8753.0,1.063082,2.7502007368538173E-10,8753.0,18.0,1.0,1.2359773515736856,1.0,2.0,1.0,1.0,8753.0,1000.0
8754.0,1.063172,2.750433567497471E-10,8754.0,18.0,1.0,1.2358361615632247,1.0,2.0,1.0,1.0,8754.0,1000.0
8755.0,1.063262,2.750666398141125E-10,8755.0,18.0,1.0,1.2356950038063357,1.0,2.0,1.0,1.0,8755.0,1000.0
8756.0,1.063354,2.750904402799082E-10,8756.0,18.0,1.0,1.2355538782919677,1.0,2.0,1.0,1.0,8756.0,1000.0
8757.0,1.063445,2.751139820449888E-10,8757.0,18.0,1.0,1.235412785009075,1.0,2.0,1.0,1.0,8757.0,1000.0
8758.0,1.063534,2.75137006408639E-10,8758.0,18.0,1.0,1.2352717239466167,1.0,2.0,1.0,1.0,8758.0,1000.0
8759.0,1.063625,2.7516054817371955E-10,8759.0,18.0,1.0,1.2351306950935574,1.0,2.0,1.0,1.0,8759.0,1000.0
8760.0,1.063717,2.751843486395153E-10,8760.0,18.0,1.0,1.2349896984388664,1.0,2.0,1.0,1.0,8760.0,1000.0
8761.0,1.063809,2.75208149105311E-10,8761.0,18.0,1.0,1.234848733971518,1.0,2.0,1.0,1.0,8761.0,1000.0
8762.0,1.063898,2.752311734689612E-10,8762.0,18.0,1.0,1.2347078016804918,1.0,2.0,1.0,1.0,8762.0,1000.0
8763.0,1.063987,2.7525419783261143E-10,8763.0,18.0,1.0,1.2345669015547722,1.0,2.0,1.0,1.0,8763.0,1000.0
8764.0,1.064078,2.75277739597692E-10,8764.0,18.0,1.0,1.2344260335833488,1.0,2.0,1.0,1.0,8764.0,1000.0
8765.0,1.064167,2.753007639613422E-10,8765.0,18.0,1.0,1.234285197755216,1.0,2.0,1.0,1.0,8765.0,1000.0
8766.0,1.064257,2.753240470257076E-10,8766.0,18.0,1.0,1.2341443940593737,1.0,2.0,1.0,1.0,8766.0,1000.0
8767.0,1.064346,2.753470713893578E-10,8767.0,18.0,1.0,1.234003622484826,1.0,2.0,1.0,1.0,8767.0,1000.0
8768.0,1.064438,2.7537087185515353E-10,8768.0,18.0,1.0,1.2338628830205827,1.0,2.0,1.0,1.0,8768.0,1000.0
8769.0,1.064527,2.7539389621880374E-10,8769.0,18.0,1.0,1.2337221756556584,1.0,2.0,1.0,1.0,8769.0,1000.0
8770.0,1.064618,2.754174379838843E-10,8770.0,18.0,1.0,1.2335815003790729,1.0,2.0,1.0,1.0,8770.0,1000.0
8771.0,1.064708,2.754407210482497E-10,8771.0,18.0,1.0,1.2334408571798505,1.0,2.0,1.0,1.0,8771.0,1000.0
8772.0,1.064799,2.7546426281333024E-10,8772.0,18.0,1.0,1.2333002460470213,1.0,2.0,1.0,1.0,8772.0,1000.0
8773.0,1.064887,2.754870284762653E-10,8773.0,18.0,1.0,1.2331596669696192,1.0,2.0,1.0,1.0,8773.0,1000.0
8774.0,1.064978,2.7551057024134583E-10,8774.0,18.0,1.0,1.2330191199366844,1.0,2.0,1.0,1.0,8774.0,1000.0
8775.0,1.065066,2.7553333590428087E-10,8775.0,18.0,1.0,1.2328786049372615,1.0,2.0,1.0,1.0,8775.0,1000.0
8776.0,1.06516,2.7555765377150695E-10,8776.0,18.0,1.0,1.2327381219604,1.0,2.0,1.0,1.0,8776.0,1000.0
8777.0,1.06525,2.7558093683587233E-10,8777.0,18.0,1.0,1.2325976709951543,1.0,2.0,1.0,1.0,8777.0,1000.0
8778.0,1.06534,2.756042199002377E-10,8778.0,18.0,1.0,1.2324572520305843,1.0,2.0,1.0,1.0,8778.0,1000.0
8779.0,1.06543,2.756275029646031E-10,8779.0,18.0,1.0,1.2323168650557546,1.0,2.0,1.0,1.0,8779.0,1000.0
8780.0,1.065522,2.7565130343039883E-10,8780.0,18.0,1.0,1.2321765100597346,1.0,2.0,1.0,1.0,8780.0,1000.0
8781.0,1.065615,2.7567536259690973E-10,8781.0,18.0,1.0,1.2320361870315988,1.0,2.0,1.0,1.0,8781.0,1000.0
8782.0,1.065706,2.756989043619903E-10,8782.0,18.0,1.0,1.231895895960427,1.0,2.0,1.0,1.0,8782.0,1000.0
8783.0,1.065794,2.7572167002492533E-10,8783.0,18.0,1.0,1.2317556368353033,1.0,2.0,1.0,1.0,8783.0,1000.0
8784.0,1.065885,2.757452117900059E-10,8784.0,18.0,1.0,1.2316154096453176,1.0,2.0,1.0,1.0,8784.0,1000.0
8785.0,1.065974,2.757682361536561E-10,8785.0,18.0,1.0,1.231475214379564,1.0,2.0,1.0,1.0,8785.0,1000.0
8786.0,1.066063,2.757912605173063E-10,8786.0,18.0,1.0,1.231335051027142,1.0,2.0,1.0,1.0,8786.0,1000.0
8787.0,1.066153,2.758145435816717E-10,8787.0,18.0,1.0,1.2311949195771559,1.0,2.0,1.0,1.0,8787.0,1000.0
8788.0,1.066243,2.758378266460371E-10,8788.0,18.0,1.0,1.2310548200187152,1.0,2.0,1.0,1.0,8788.0,1000.0
8789.0,1.066332,2.758608510096873E-10,8789.0,18.0,1.0,1.230914752340934,1.0,2.0,1.0,1.0,8789.0,1000.0
8790.0,1.066422,2.758841340740527E-10,8790.0,18.0,1.0,1.2307747165329317,1.0,2.0,1.0,1.0,8790.0,1000.0
8791.0,1.066513,2.7590767583913323E-10,8791.0,18.0,1.0,1.2306347125838324,1.0,2.0,1.0,1.0,8791.0,1000.0
8792.0,1.066603,2.759309589034986E-10,8792.0,18.0,1.0,1.230494740482765,1.0,2.0,1.0,1.0,8792.0,1000.0
8793.0,1.066696,2.759550180700095E-10,8793.0,18.0,1.0,1.2303548002188638,1.0,2.0,1.0,1.0,8793.0,1000.0
8794.0,1.066786,2.759783011343749E-10,8794.0,18.0,1.0,1.2302148917812679,1.0,2.0,1.0,1.0,8794.0,1000.0
8795.0,1.066875,2.760013254980251E-10,8795.0,18.0,1.0,1.230075015159121,1.0,2.0,1.0,1.0,8795.0,1000.0
8796.0,1.066966,2.7602486726310567E-10,8796.0,18.0,1.0,1.2299351703415722,1.0,2.0,1.0,1.0,8796.0,1000.0
8797.0,1.067059,2.760489264296166E-10,8797.0,18.0,1.0,1.2297953573177753,1.0,2.0,1.0,1.0,8797.0,1000.0
8798.0,1.06715,2.7607246819469713E-10,8798.0,18.0,1.0,1.229655576076889,1.0,2.0,1.0,1.0,8798.0,1000.0
8799.0,1.067238,2.7609523385763217E-10,8799.0,18.0,1.0,1.229515826608077,1.0,2.0,1.0,1.0,8799.0,1000.0
8800.0,1.06733,2.761190343234279E-10,8800.0,18.0,1.0,1.229376108900508,1.0,2.0,1.0,1.0,8800.0,1000.0
8801.0,1.06742,2.761423173877933E-10,8801.0,18.0,1.0,1.2292364229433552,1.0,2.0,1.0,1.0,8801.0,1000.0
8802.0,1.06751,2.7616560045215867E-10,8802.0,18.0,1.0,1.2290967687257974,1.0,2.0,1.0,1.0,8802.0,1000.0
8803.0,1.067599,2.761886248158089E-10,8803.0,18.0,1.0,1.2289571462370181,1.0,2.0,1.0,1.0,8803.0,1000.0
8804.0,1.067691,2.762124252816046E-10,8804.0,18.0,1.0,1.228817555466205,1.0,2.0,1.0,1.0,8804.0,1000.0
8805.0,1.06778,2.762354496452548E-10,8805.0,18.0,1.0,1.2286779964025518,1.0,2.0,1.0,1.0,8805.0,1000.0
8806.0,1.06787,2.762587327096202E-10,8806.0,18.0,1.0,1.2285384690352565,1.0,2.0,1.0,1.0,8806.0,1000.0
8807.0,1.067959,2.762817570732704E-10,8807.0,18.0,1.0,1.228398973353522,1.0,2.0,1.0,1.0,8807.0,1000.0
8808.0,1.06805,2.76305298838351E-10,8808.0,18.0,1.0,1.2282595093465565,1.0,2.0,1.0,1.0,8808.0,1000.0
8809.0,1.068139,2.763283232020012E-10,8809.0,18.0,1.0,1.2281200770035725,1.0,2.0,1.0,1.0,8809.0,1000.0
8810.0,1.068227,2.7635108886493623E-10,8810.0,18.0,1.0,1.2279806763137877,1.0,2.0,1.0,1.0,8810.0,1000.0
8811.0,1.068317,2.763743719293016E-10,8811.0,18.0,1.0,1.227841307266425,1.0,2.0,1.0,1.0,8811.0,1000.0
8812.0,1.068409,2.7639817239509734E-10,8812.0,18.0,1.0,1.2277019698507114,1.0,2.0,1.0,1.0,8812.0,1000.0
8813.0,1.068499,2.764214554594627E-10,8813.0,18.0,1.0,1.2275626640558799,1.0,2.0,1.0,1.0,8813.0,1000.0
8814.0,1.068589,2.764447385238281E-10,8814.0,18.0,1.0,1.2274233898711675,1.0,2.0,1.0,1.0,8814.0,1000.0
8815.0,1.068679,2.764680215881935E-10,8815.0,18.0,1.0,1.2272841472858163,1.0,2.0,1.0,1.0,8815.0,1000.0
8816.0,1.068769,2.764913046525589E-10,8816.0,18.0,1.0,1.2271449362890732,1.0,2.0,1.0,1.0,8816.0,1000.0
8817.0,1.068861,2.765151051183546E-10,8817.0,18.0,1.0,1.2270057568701904,1.0,2.0,1.0,1.0,8817.0,1000.0
8818.0,1.068951,2.7653838818272E-10,8818.0,18.0,1.0,1.2268666090184248,1.0,2.0,1.0,1.0,8818.0,1000.0
8819.0,1.069045,2.7656270604994607E-10,8819.0,18.0,1.0,1.2267274927230378,1.0,2.0,1.0,1.0,8819.0,1000.0
8820.0,1.06914,2.765872826178873E-10,8820.0,18.0,1.0,1.2265884079732958,1.0,2.0,1.0,1.0,8820.0,1000.0
8821.0,1.069232,2.7661108308368305E-10,8821.0,18.0,1.0,1.2264493547584707,1.0,2.0,1.0,1.0,8821.0,1000.0
8822.0,1.069322,2.7663436614804843E-10,8822.0,18.0,1.0,1.2263103330678382,1.0,2.0,1.0,1.0,8822.0,1000.0
8823.0,1.069414,2.7665816661384416E-10,8823.0,18.0,1.0,1.22617134289068,1.0,2.0,1.0,1.0,8823.0,1000.0
8824.0,1.069507,2.7668222578035506E-10,8824.0,18.0,1.0,1.2260323842162817,1.0,2.0,1.0,1.0,8824.0,1000.0
8825.0,1.069598,2.767057675454356E-10,8825.0,18.0,1.0,1.2258934570339342,1.0,2.0,1.0,1.0,8825.0,1000.0
8826.0,1.069688,2.76729050609801E-10,8826.0,18.0,1.0,1.2257545613329333,1.0,2.0,1.0,1.0,8826.0,1000.0
8827.0,1.069777,2.767520749734512E-10,8827.0,18.0,1.0,1.2256156971025796,1.0,2.0,1.0,1.0,8827.0,1000.0
8828.0,1.069869,2.7677587543924694E-10,8828.0,18.0,1.0,1.2254768643321783,1.0,2.0,1.0,1.0,8828.0,1000.0
8829.0,1.069962,2.7679993460575785E-10,8829.0,18.0,1.0,1.2253380630110398,1.0,2.0,1.0,1.0,8829.0,1000.0
8830.0,1.070054,2.768237350715536E-10,8830.0,18.0,1.0,1.225199293128479,1.0,2.0,1.0,1.0,8830.0,1000.0
8831.0,1.070144,2.7684701813591896E-10,8831.0,18.0,1.0,1.225060554673816,1.0,2.0,1.0,1.0,8831.0,1000.0
8832.0,1.070234,2.7687030120028435E-10,8832.0,18.0,1.0,1.2249218476363757,1.0,2.0,1.0,1.0,8832.0,1000.0
8833.0,1.070325,2.768938429653649E-10,8833.0,18.0,1.0,1.2247831720054874,1.0,2.0,1.0,1.0,8833.0,1000.0
8834.0,1.070415,2.769171260297303E-10,8834.0,18.0,1.0,1.2246445277704856,1.0,2.0,1.0,1.0,8834.0,1000.0
8835.0,1.070504,2.769401503933805E-10,8835.0,18.0,1.0,1.2245059149207096,1.0,2.0,1.0,1.0,8835.0,1000.0
8836.0,1.070596,2.7696395085917623E-10,8836.0,18.0,1.0,1.2243673334455036,1.0,2.0,1.0,1.0,8836.0,1000.0
8837.0,1.070688,2.7698775132497196E-10,8837.0,18.0,1.0,1.2242287833342163,1.0,2.0,1.0,1.0,8837.0,1000.0
8838.0,1.070777,2.7701077568862217E-10,8838.0,18.0,1.0,1.2240902645762015,1.0,2.0,1.0,1.0,8838.0,1000.0
8839.0,1.070866,2.770338000522724E-10,8839.0,18.0,1.0,1.223951777160818,1.0,2.0,1.0,1.0,8839.0,1000.0
8840.0,1.070956,2.7705708311663777E-10,8840.0,18.0,1.0,1.2238133210774287,1.0,2.0,1.0,1.0,8840.0,1000.0
8841.0,1.071047,2.770806248817183E-10,8841.0,18.0,1.0,1.223674896315402,1.0,2.0,1.0,1.0,8841.0,1000.0
8842.0,1.071137,2.771039079460837E-10,8842.0,18.0,1.0,1.223536502864111,1.0,2.0,1.0,1.0,8842.0,1000.0
8843.0,1.071227,2.771271910104491E-10,8843.0,18.0,1.0,1.2233981407129333,1.0,2.0,1.0,1.0,8843.0,1000.0
8844.0,1.071318,2.7715073277552965E-10,8844.0,18.0,1.0,1.2232598098512517,1.0,2.0,1.0,1.0,8844.0,1000.0
8845.0,1.071408,2.7717401583989503E-10,8845.0,18.0,1.0,1.2231215102684534,1.0,2.0,1.0,1.0,8845.0,1000.0
8846.0,1.071498,2.771972989042604E-10,8846.0,18.0,1.0,1.2229832419539306,1.0,2.0,1.0,1.0,8846.0,1000.0
8847.0,1.071589,2.77220840669341E-10,8847.0,18.0,1.0,1.2228450048970803,1.0,2.0,1.0,1.0,8847.0,1000.0
8848.0,1.071679,2.7724412373370636E-10,8848.0,18.0,1.0,1.2227067990873044,1.0,2.0,1.0,1.0,8848.0,1000.0
8849.0,1.071772,2.7726818290021726E-10,8849.0,18.0,1.0,1.2225686245140095,1.0,2.0,1.0,1.0,8849.0,1000.0
8850.0,1.071862,2.7729146596458265E-10,8850.0,18.0,1.0,1.2224304811666067,1.0,2.0,1.0,1.0,8850.0,1000.0
8851.0,1.071953,2.773150077296632E-10,8851.0,18.0,1.0,1.2222923690345124,1.0,2.0,1.0,1.0,8851.0,1000.0
8852.0,1.072045,2.7733880819545893E-10,8852.0,18.0,1.0,1.2221542881071474,1.0,2.0,1.0,1.0,8852.0,1000.0
8853.0,1.072136,2.773623499605395E-10,8853.0,18.0,1.0,1.2220162383739377,1.0,2.0,1.0,1.0,8853.0,1000.0
8854.0,1.072228,2.773861504263352E-10,8854.0,18.0,1.0,1.2218782198243132,1.0,2.0,1.0,1.0,8854.0,1000.0
8855.0,1.072319,2.774096921914158E-10,8855.0,18.0,1.0,1.2217402324477098,1.0,2.0,1.0,1.0,8855.0,1000.0
8856.0,1.072409,2.7743297525578116E-10,8856.0,18.0,1.0,1.221602276233567,1.0,2.0,1.0,1.0,8856.0,1000.0
8857.0,1.072501,2.774567757215769E-10,8857.0,18.0,1.0,1.22146435117133,1.0,2.0,1.0,1.0,8857.0,1000.0
8858.0,1.072592,2.7748031748665745E-10,8858.0,18.0,1.0,1.221326457250448,1.0,2.0,1.0,1.0,8858.0,1000.0
8859.0,1.072683,2.77503859251738E-10,8859.0,18.0,1.0,1.2211885944603758,1.0,2.0,1.0,1.0,8859.0,1000.0
8860.0,1.072771,2.7752662491467304E-10,8860.0,18.0,1.0,1.2210507627905722,1.0,2.0,1.0,1.0,8860.0,1000.0
8861.0,1.072868,2.7755171888404464E-10,8861.0,18.0,1.0,1.220912962230501,1.0,2.0,1.0,1.0,8861.0,1000.0
8862.0,1.072958,2.7757500194841E-10,8862.0,18.0,1.0,1.2207751927696309,1.0,2.0,1.0,1.0,8862.0,1000.0
8863.0,1.073049,2.775985437134906E-10,8863.0,18.0,1.0,1.2206374543974354,1.0,2.0,1.0,1.0,8863.0,1000.0
8864.0,1.073141,2.776223441792863E-10,8864.0,18.0,1.0,1.2204997471033923,1.0,2.0,1.0,1.0,8864.0,1000.0
8865.0,1.073232,2.7764588594436687E-10,8865.0,18.0,1.0,1.2203620708769847,1.0,2.0,1.0,1.0,8865.0,1000.0
8866.0,1.073323,2.776694277094474E-10,8866.0,18.0,1.0,1.2202244257077002,1.0,2.0,1.0,1.0,8866.0,1000.0
8867.0,1.073413,2.776927107738128E-10,8867.0,18.0,1.0,1.220086811585031,1.0,2.0,1.0,1.0,8867.0,1000.0
8868.0,1.073504,2.7771625253889336E-10,8868.0,18.0,1.0,1.2199492284984743,1.0,2.0,1.0,1.0,8868.0,1000.0
8869.0,1.073598,2.7774057040611944E-10,8869.0,18.0,1.0,1.2198116764375317,1.0,2.0,1.0,1.0,8869.0,1000.0
8870.0,1.073687,2.7776359476976965E-10,8870.0,18.0,1.0,1.2196741553917103,1.0,2.0,1.0,1.0,8870.0,1000.0
8871.0,1.073779,2.777873952355654E-10,8871.0,18.0,1.0,1.2195366653505209,1.0,2.0,1.0,1.0,8871.0,1000.0
8872.0,1.07387,2.7781093700064594E-10,8872.0,18.0,1.0,1.2193992063034795,1.0,2.0,1.0,1.0,8872.0,1000.0
8873.0,1.073961,2.778344787657265E-10,8873.0,18.0,1.0,1.219261778240107,1.0,2.0,1.0,1.0,8873.0,1000.0
8874.0,1.074054,2.778585379322374E-10,8874.0,18.0,1.0,1.219124381149929,1.0,2.0,1.0,1.0,8874.0,1000.0
8875.0,1.074146,2.7788233839803313E-10,8875.0,18.0,1.0,1.2189870150224755,1.0,2.0,1.0,1.0,8875.0,1000.0
8876.0,1.074237,2.779058801631137E-10,8876.0,18.0,1.0,1.2188496798472814,1.0,2.0,1.0,1.0,8876.0,1000.0
8877.0,1.074329,2.779296806289094E-10,8877.0,18.0,1.0,1.2187123756138865,1.0,2.0,1.0,1.0,8877.0,1000.0
8878.0,1.074419,2.779529636932748E-10,8878.0,18.0,1.0,1.2185751023118347,1.0,2.0,1.0,1.0,8878.0,1000.0
8879.0,1.074511,2.7797676415907053E-10,8879.0,18.0,1.0,1.2184378599306758,1.0,2.0,1.0,1.0,8879.0,1000.0
8880.0,1.0746,2.7799978852272074E-10,8880.0,18.0,1.0,1.2183006484599628,1.0,2.0,1.0,1.0,8880.0,1000.0
8881.0,1.074695,2.78024365090662E-10,8881.0,18.0,1.0,1.2181634678892546,1.0,2.0,1.0,1.0,8881.0,1000.0
8882.0,1.074787,2.780481655564577E-10,8882.0,18.0,1.0,1.2180263182081141,1.0,2.0,1.0,1.0,8882.0,1000.0
8883.0,1.074878,2.7807170732153827E-10,8883.0,18.0,1.0,1.2178891994061094,1.0,2.0,1.0,1.0,8883.0,1000.0
8884.0,1.07497,2.78095507787334E-10,8884.0,18.0,1.0,1.217752111472813,1.0,2.0,1.0,1.0,8884.0,1000.0
8885.0,1.075063,2.781195669538449E-10,8885.0,18.0,1.0,1.217615054397802,1.0,2.0,1.0,1.0,8885.0,1000.0
8886.0,1.075162,2.7814517832464684E-10,8886.0,18.0,1.0,1.2174780281706583,1.0,2.0,1.0,1.0,8886.0,1000.0
8887.0,1.075252,2.7816846138901223E-10,8887.0,18.0,1.0,1.2173410327809688,1.0,2.0,1.0,1.0,8887.0,1000.0
8888.0,1.075344,2.7819226185480796E-10,8888.0,18.0,1.0,1.2172040682183247,1.0,2.0,1.0,1.0,8888.0,1000.0
8889.0,1.075434,2.7821554491917334E-10,8889.0,18.0,1.0,1.2170671344723218,1.0,2.0,1.0,1.0,8889.0,1000.0
8890.0,1.075526,2.7823934538496907E-10,8890.0,18.0,1.0,1.2169302315325612,1.0,2.0,1.0,1.0,8890.0,1000.0
8891.0,1.075619,2.7826340455148E-10,8891.0,18.0,1.0,1.216793359388648,1.0,2.0,1.0,1.0,8891.0,1000.0
8892.0,1.075709,2.7828668761584536E-10,8892.0,18.0,1.0,1.2166565180301923,1.0,2.0,1.0,1.0,8892.0,1000.0
8893.0,1.075802,2.7831074678235626E-10,8893.0,18.0,1.0,1.2165197074468086,1.0,2.0,1.0,1.0,8893.0,1000.0
8894.0,1.075892,2.7833402984672165E-10,8894.0,18.0,1.0,1.2163829276281166,1.0,2.0,1.0,1.0,8894.0,1000.0
8895.0,1.075983,2.783575716118022E-10,8895.0,18.0,1.0,1.2162461785637402,1.0,2.0,1.0,1.0,8895.0,1000.0
8896.0,1.076073,2.783808546761676E-10,8896.0,18.0,1.0,1.2161094602433082,1.0,2.0,1.0,1.0,8896.0,1000.0
8897.0,1.076165,2.784046551419633E-10,8897.0,18.0,1.0,1.2159727726564538,1.0,2.0,1.0,1.0,8897.0,1000.0
8898.0,1.076256,2.7842819690704387E-10,8898.0,18.0,1.0,1.2158361157928153,1.0,2.0,1.0,1.0,8898.0,1000.0
8899.0,1.076348,2.784519973728396E-10,8899.0,18.0,1.0,1.215699489642035,1.0,2.0,1.0,1.0,8899.0,1000.0
8900.0,1.07644,2.7847579783863533E-10,8900.0,18.0,1.0,1.2155628941937606,1.0,2.0,1.0,1.0,8900.0,1000.0
8901.0,1.076534,2.785001157058614E-10,8901.0,18.0,1.0,1.215426329437644,1.0,2.0,1.0,1.0,8901.0,1000.0
8902.0,1.076625,2.7852365747094197E-10,8902.0,18.0,1.0,1.215289795363342,1.0,2.0,1.0,1.0,8902.0,1000.0
8903.0,1.076717,2.785474579367377E-10,8903.0,18.0,1.0,1.2151532919605155,1.0,2.0,1.0,1.0,8903.0,1000.0
8904.0,1.07681,2.785715171032486E-10,8904.0,18.0,1.0,1.2150168192188309,1.0,2.0,1.0,1.0,8904.0,1000.0
8905.0,1.076903,2.785955762697595E-10,8905.0,18.0,1.0,1.2148803771279584,1.0,2.0,1.0,1.0,8905.0,1000.0
8906.0,1.076997,2.786198941369856E-10,8906.0,18.0,1.0,1.2147439656775736,1.0,2.0,1.0,1.0,8906.0,1000.0
8907.0,1.077088,2.7864343590206613E-10,8907.0,18.0,1.0,1.2146075848573559,1.0,2.0,1.0,1.0,8907.0,1000.0
8908.0,1.07718,2.7866723636786186E-10,8908.0,18.0,1.0,1.2144712346569904,1.0,2.0,1.0,1.0,8908.0,1000.0
8909.0,1.077273,2.7869129553437276E-10,8909.0,18.0,1.0,1.2143349150661655,1.0,2.0,1.0,1.0,8909.0,1000.0
8910.0,1.077367,2.7871561340159884E-10,8910.0,18.0,1.0,1.2141986260745756,1.0,2.0,1.0,1.0,8910.0,1000.0
8911.0,1.07746,2.7873967256810974E-10,8911.0,18.0,1.0,1.2140623676719189,1.0,2.0,1.0,1.0,8911.0,1000.0
8912.0,1.07755,2.7876295563247513E-10,8912.0,18.0,1.0,1.2139261398478982,1.0,2.0,1.0,1.0,8912.0,1000.0
8913.0,1.077647,2.787880496018467E-10,8913.0,18.0,1.0,1.2137899425922214,1.0,2.0,1.0,1.0,8913.0,1000.0
8914.0,1.077738,2.788115913669273E-10,8914.0,18.0,1.0,1.2136537758946007,1.0,2.0,1.0,1.0,8914.0,1000.0
8915.0,1.07783,2.78835391832723E-10,8915.0,18.0,1.0,1.2135176397447527,1.0,2.0,1.0,1.0,8915.0,1000.0
8916.0,1.077924,2.788597096999491E-10,8916.0,18.0,1.0,1.213381534132399,1.0,2.0,1.0,1.0,8916.0,1000.0
8917.0,1.078017,2.7888376886646E-10,8917.0,18.0,1.0,1.2132454590472659,1.0,2.0,1.0,1.0,8917.0,1000.0
8918.0,1.078109,2.789075693322557E-10,8918.0,18.0,1.0,1.213109414479084,1.0,2.0,1.0,1.0,8918.0,1000.0
8919.0,1.078199,2.789308523966211E-10,8919.0,18.0,1.0,1.2129734004175883,1.0,2.0,1.0,1.0,8919.0,1000.0
8920.0,1.07829,2.7895439416170165E-10,8920.0,18.0,1.0,1.2128374168525191,1.0,2.0,1.0,1.0,8920.0,1000.0
8921.0,1.078385,2.789789707296429E-10,8921.0,18.0,1.0,1.2127014637736206,1.0,2.0,1.0,1.0,8921.0,1000.0
8922.0,1.078478,2.790030298961538E-10,8922.0,18.0,1.0,1.2125655411706422,1.0,2.0,1.0,1.0,8922.0,1000.0
8923.0,1.07857,2.7902683036194953E-10,8923.0,18.0,1.0,1.2124296490333375,1.0,2.0,1.0,1.0,8923.0,1000.0
8924.0,1.078661,2.790503721270301E-10,8924.0,18.0,1.0,1.2122937873514645,1.0,2.0,1.0,1.0,8924.0,1000.0
8925.0,1.078754,2.79074431293541E-10,8925.0,18.0,1.0,1.2121579561147866,1.0,2.0,1.0,1.0,8925.0,1000.0
8926.0,1.078844,2.790977143579064E-10,8926.0,18.0,1.0,1.2120221553130708,1.0,2.0,1.0,1.0,8926.0,1000.0
8927.0,1.078934,2.7912099742227176E-10,8927.0,18.0,1.0,1.2118863849360892,1.0,2.0,1.0,1.0,8927.0,1000.0
8928.0,1.079024,2.7914428048663715E-10,8928.0,18.0,1.0,1.2117506449736188,1.0,2.0,1.0,1.0,8928.0,1000.0
8929.0,1.079116,2.791680809524329E-10,8929.0,18.0,1.0,1.2116149354154406,1.0,2.0,1.0,1.0,8929.0,1000.0
8930.0,1.079206,2.7919136401679826E-10,8930.0,18.0,1.0,1.2114792562513403,1.0,2.0,1.0,1.0,8930.0,1000.0
8931.0,1.079297,2.792149057818788E-10,8931.0,18.0,1.0,1.2113436074711084,1.0,2.0,1.0,1.0,8931.0,1000.0
8932.0,1.079389,2.7923870624767455E-10,8932.0,18.0,1.0,1.2112079890645397,1.0,2.0,1.0,1.0,8932.0,1000.0
8933.0,1.079482,2.7926276541418545E-10,8933.0,18.0,1.0,1.211072401021434,1.0,2.0,1.0,1.0,8933.0,1000.0
8934.0,1.079573,2.79286307179266E-10,8934.0,18.0,1.0,1.210936843331595,1.0,2.0,1.0,1.0,8934.0,1000.0
8935.0,1.079665,2.7931010764506174E-10,8935.0,18.0,1.0,1.2108013159848314,1.0,2.0,1.0,1.0,8935.0,1000.0
8936.0,1.079757,2.7933390811085747E-10,8936.0,18.0,1.0,1.2106658189709567,1.0,2.0,1.0,1.0,8936.0,1000.0
8937.0,1.079848,2.79357449875938E-10,8937.0,18.0,1.0,1.2105303522797886,1.0,2.0,1.0,1.0,8937.0,1000.0
8938.0,1.079939,2.793809916410186E-10,8938.0,18.0,1.0,1.210394915901149,1.0,2.0,1.0,1.0,8938.0,1000.0
8939.0,1.08003,2.7940453340609914E-10,8939.0,18.0,1.0,1.2102595098248652,1.0,2.0,1.0,1.0,8939.0,1000.0
8940.0,1.080121,2.794280751711797E-10,8940.0,18.0,1.0,1.2101241340407685,1.0,2.0,1.0,1.0,8940.0,1000.0
8941.0,1.080214,2.794521343376906E-10,8941.0,18.0,1.0,1.2099887885386948,1.0,2.0,1.0,1.0,8941.0,1000.0
8942.0,1.080303,2.794751587013408E-10,8942.0,18.0,1.0,1.2098534733084847,1.0,2.0,1.0,1.0,8942.0,1000.0
8943.0,1.080395,2.7949895916713654E-10,8943.0,18.0,1.0,1.2097181883399832,1.0,2.0,1.0,1.0,8943.0,1000.0
8944.0,1.080488,2.7952301833364744E-10,8944.0,18.0,1.0,1.20958293362304,1.0,2.0,1.0,1.0,8944.0,1000.0
8945.0,1.080579,2.79546560098728E-10,8945.0,18.0,1.0,1.209447709147509,1.0,2.0,1.0,1.0,8945.0,1000.0
8946.0,1.080668,2.795695844623782E-10,8946.0,18.0,1.0,1.2093125149032495,1.0,2.0,1.0,1.0,8946.0,1000.0
8947.0,1.080758,2.795928675267436E-10,8947.0,18.0,1.0,1.209177350880124,1.0,2.0,1.0,1.0,8947.0,1000.0
8948.0,1.080847,2.796158918903938E-10,8948.0,18.0,1.0,1.2090422170680006,1.0,2.0,1.0,1.0,8948.0,1000.0
8949.0,1.080939,2.7963969235618954E-10,8949.0,18.0,1.0,1.2089071134567515,1.0,2.0,1.0,1.0,8949.0,1000.0
8950.0,1.081029,2.796629754205549E-10,8950.0,18.0,1.0,1.2087720400362536,1.0,2.0,1.0,1.0,8950.0,1000.0
8951.0,1.081121,2.7968677588635065E-10,8951.0,18.0,1.0,1.2086369967963881,1.0,2.0,1.0,1.0,8951.0,1000.0
8952.0,1.081212,2.797103176514312E-10,8952.0,18.0,1.0,1.2085019837270408,1.0,2.0,1.0,1.0,8952.0,1000.0
8953.0,1.081305,2.797343768179421E-10,8953.0,18.0,1.0,1.2083670008181022,1.0,2.0,1.0,1.0,8953.0,1000.0
8954.0,1.081395,2.797576598823075E-10,8954.0,18.0,1.0,1.2082320480594673,1.0,2.0,1.0,1.0,8954.0,1000.0
8955.0,1.081483,2.7978042554524253E-10,8955.0,18.0,1.0,1.208097125441035,1.0,2.0,1.0,1.0,8955.0,1000.0
8956.0,1.081574,2.798039673103231E-10,8956.0,18.0,1.0,1.2079622329527098,1.0,2.0,1.0,1.0,8956.0,1000.0
8957.0,1.081666,2.798277677761188E-10,8957.0,18.0,1.0,1.2078273705843998,1.0,2.0,1.0,1.0,8957.0,1000.0
8958.0,1.081758,2.7985156824191455E-10,8958.0,18.0,1.0,1.207692538326018,1.0,2.0,1.0,1.0,8958.0,1000.0
8959.0,1.081849,2.798751100069951E-10,8959.0,18.0,1.0,1.2075577361674819,1.0,2.0,1.0,1.0,8959.0,1000.0
8960.0,1.081939,2.798983930713605E-10,8960.0,18.0,1.0,1.207422964098713,1.0,2.0,1.0,1.0,8960.0,1000.0
8961.0,1.082032,2.799224522378714E-10,8961.0,18.0,1.0,1.2072882221096384,1.0,2.0,1.0,1.0,8961.0,1000.0
8962.0,1.082122,2.799457353022368E-10,8962.0,18.0,1.0,1.2071535101901885,1.0,2.0,1.0,1.0,8962.0,1000.0
8963.0,1.082211,2.79968759665887E-10,8963.0,18.0,1.0,1.207018828330299,1.0,2.0,1.0,1.0,8963.0,1000.0
8964.0,1.082301,2.7999204273025237E-10,8964.0,18.0,1.0,1.2068841765199096,1.0,2.0,1.0,1.0,8964.0,1000.0
8965.0,1.082393,2.800158431960481E-10,8965.0,18.0,1.0,1.2067495547489648,1.0,2.0,1.0,1.0,8965.0,1000.0
8966.0,1.082485,2.8003964366184383E-10,8966.0,18.0,1.0,1.2066149630074134,1.0,2.0,1.0,1.0,8966.0,1000.0
8967.0,1.082576,2.800631854269244E-10,8967.0,18.0,1.0,1.206480401285209,1.0,2.0,1.0,1.0,8967.0,1000.0
8968.0,1.082666,2.800864684912898E-10,8968.0,18.0,1.0,1.2063458695723093,1.0,2.0,1.0,1.0,8968.0,1000.0
8969.0,1.082757,2.8011001025637033E-10,8969.0,18.0,1.0,1.2062113678586766,1.0,2.0,1.0,1.0,8969.0,1000.0
8970.0,1.082845,2.8013277591930537E-10,8970.0,18.0,1.0,1.2060768961342776,1.0,2.0,1.0,1.0,8970.0,1000.0
8971.0,1.082938,2.8015683508581627E-10,8971.0,18.0,1.0,1.2059424543890838,1.0,2.0,1.0,1.0,8971.0,1000.0
8972.0,1.08303,2.80180635551612E-10,8972.0,18.0,1.0,1.2058080426130706,1.0,2.0,1.0,1.0,8972.0,1000.0
8973.0,1.08312,2.802039186159774E-10,8973.0,18.0,1.0,1.2056736607962186,1.0,2.0,1.0,1.0,8973.0,1000.0
8974.0,1.083211,2.8022746038105794E-10,8974.0,18.0,1.0,1.2055393089285122,1.0,2.0,1.0,1.0,8974.0,1000.0
8975.0,1.083302,2.802510021461385E-10,8975.0,18.0,1.0,1.2054049869999408,1.0,2.0,1.0,1.0,8975.0,1000.0
8976.0,1.083391,2.802740265097887E-10,8976.0,18.0,1.0,1.2052706950004979,1.0,2.0,1.0,1.0,8976.0,1000.0
8977.0,1.083481,2.802973095741541E-10,8977.0,18.0,1.0,1.2051364329201815,1.0,2.0,1.0,1.0,8977.0,1000.0
8978.0,1.083571,2.803205926385195E-10,8978.0,18.0,1.0,1.2050022007489942,1.0,2.0,1.0,1.0,8978.0,1000.0
8979.0,1.083661,2.8034387570288487E-10,8979.0,18.0,1.0,1.2048679984769428,1.0,2.0,1.0,1.0,8979.0,1000.0
8980.0,1.08375,2.803669000665351E-10,8980.0,18.0,1.0,1.204733826094039,1.0,2.0,1.0,1.0,8980.0,1000.0
8981.0,1.083843,2.80390959233046E-10,8981.0,18.0,1.0,1.2045996835902983,1.0,2.0,1.0,1.0,8981.0,1000.0
8982.0,1.083932,2.804139835966962E-10,8982.0,18.0,1.0,1.2044655709557415,1.0,2.0,1.0,1.0,8982.0,1000.0
8983.0,1.084023,2.8043752536177675E-10,8983.0,18.0,1.0,1.2043314881803928,1.0,2.0,1.0,1.0,8983.0,1000.0
8984.0,1.084114,2.804610671268573E-10,8984.0,18.0,1.0,1.204197435254282,1.0,2.0,1.0,1.0,8984.0,1000.0
8985.0,1.084203,2.804840914905075E-10,8985.0,18.0,1.0,1.2040634121674423,1.0,2.0,1.0,1.0,8985.0,1000.0
8986.0,1.084294,2.805076332555881E-10,8986.0,18.0,1.0,1.2039294189099121,1.0,2.0,1.0,1.0,8986.0,1000.0
8987.0,1.084385,2.8053117502066863E-10,8987.0,18.0,1.0,1.2037954554717336,1.0,2.0,1.0,1.0,8987.0,1000.0
8988.0,1.084473,2.8055394068360367E-10,8988.0,18.0,1.0,1.2036615218429538,1.0,2.0,1.0,1.0,8988.0,1000.0
8989.0,1.084563,2.8057722374796906E-10,8989.0,18.0,1.0,1.2035276180136243,1.0,2.0,1.0,1.0,8989.0,1000.0
8990.0,1.084654,2.806007655130496E-10,8990.0,18.0,1.0,1.203393743973801,1.0,2.0,1.0,1.0,8990.0,1000.0
8991.0,1.084745,2.8062430727813017E-10,8991.0,18.0,1.0,1.2032598997135435,1.0,2.0,1.0,1.0,8991.0,1000.0
8992.0,1.084834,2.806473316417804E-10,8992.0,18.0,1.0,1.203126085222917,1.0,2.0,1.0,1.0,8992.0,1000.0
8993.0,1.084924,2.8067061470614577E-10,8993.0,18.0,1.0,1.2029923004919905,1.0,2.0,1.0,1.0,8993.0,1000.0
8994.0,1.085016,2.806944151719415E-10,8994.0,18.0,1.0,1.2028585455108372,1.0,2.0,1.0,1.0,8994.0,1000.0
8995.0,1.08511,2.8071873303916757E-10,8995.0,18.0,1.0,1.2027248202695353,1.0,2.0,1.0,1.0,8995.0,1000.0
8996.0,1.085199,2.807417574028178E-10,8996.0,18.0,1.0,1.2025911247581669,1.0,2.0,1.0,1.0,8996.0,1000.0
8997.0,1.085288,2.80764781766468E-10,8997.0,18.0,1.0,1.2024574589668189,1.0,2.0,1.0,1.0,8997.0,1000.0
8998.0,1.08538,2.807885822322637E-10,8998.0,18.0,1.0,1.2023238228855824,1.0,2.0,1.0,1.0,8998.0,1000.0
8999.0,1.085472,2.8081238269805945E-10,8999.0,18.0,1.0,1.2021902165045526,1.0,2.0,1.0,1.0,8999.0,1000.0
9000.0,1.085563,2.8083592446314E-10,9000.0,18.0,1.0,1.20205663981383,1.0,2.0,1.0,1.0,9000.0,1000.0
9001.0,1.085655,2.8085972492893574E-10,9001.0,18.0,1.0,1.2019230928035185,1.0,2.0,1.0,1.0,9001.0,1000.0
9002.0,1.085749,2.808840427961618E-10,9002.0,18.0,1.0,1.201789575463727,1.0,2.0,1.0,1.0,9002.0,1000.0
9003.0,1.085838,2.8090706715981203E-10,9003.0,18.0,1.0,1.2016560877845683,1.0,2.0,1.0,1.0,9003.0,1000.0
9004.0,1.085928,2.809303502241774E-10,9004.0,18.0,1.0,1.2015226297561605,1.0,2.0,1.0,1.0,9004.0,1000.0
9005.0,1.086016,2.8095311588711245E-10,9005.0,18.0,1.0,1.2013892013686251,1.0,2.0,1.0,1.0,9005.0,1000.0
9006.0,1.086107,2.80976657652193E-10,9006.0,18.0,1.0,1.2012558026120885,1.0,2.0,1.0,1.0,9006.0,1000.0
9007.0,1.086197,2.809999407165584E-10,9007.0,18.0,1.0,1.2011224334766815,1.0,2.0,1.0,1.0,9007.0,1000.0
9008.0,1.086287,2.810232237809238E-10,9008.0,18.0,1.0,1.2009890939525387,1.0,2.0,1.0,1.0,9008.0,1000.0
9009.0,1.086379,2.810470242467195E-10,9009.0,18.0,1.0,1.2008557840298002,1.0,2.0,1.0,1.0,9009.0,1000.0
9010.0,1.086468,2.810700486103697E-10,9010.0,18.0,1.0,1.2007225036986093,1.0,2.0,1.0,1.0,9010.0,1000.0
9011.0,1.086559,2.810935903754503E-10,9011.0,18.0,1.0,1.2005892529491144,1.0,2.0,1.0,1.0,9011.0,1000.0
9012.0,1.086649,2.8111687343981566E-10,9012.0,18.0,1.0,1.200456031771468,1.0,2.0,1.0,1.0,9012.0,1000.0
9013.0,1.086738,2.8113989780346587E-10,9013.0,18.0,1.0,1.200322840155827,1.0,2.0,1.0,1.0,9013.0,1000.0
9014.0,1.086828,2.8116318086783126E-10,9014.0,18.0,1.0,1.2001896780923529,1.0,2.0,1.0,1.0,9014.0,1000.0
9015.0,1.086918,2.8118646393219664E-10,9015.0,18.0,1.0,1.2000565455712113,1.0,2.0,1.0,1.0,9015.0,1000.0
9016.0,1.087009,2.812100056972772E-10,9016.0,18.0,1.0,1.199923442582572,1.0,2.0,1.0,1.0,9016.0,1000.0
9017.0,1.087099,2.812332887616426E-10,9017.0,18.0,1.0,1.1997903691166096,1.0,2.0,1.0,1.0,9017.0,1000.0
9018.0,1.08719,2.8125683052672314E-10,9018.0,18.0,1.0,1.199657325163503,1.0,2.0,1.0,1.0,9018.0,1000.0
9019.0,1.08728,2.812801135910885E-10,9019.0,18.0,1.0,1.199524310713435,1.0,2.0,1.0,1.0,9019.0,1000.0
9020.0,1.087369,2.8130313795473873E-10,9020.0,18.0,1.0,1.1993913257565931,1.0,2.0,1.0,1.0,9020.0,1000.0
9021.0,1.08746,2.813266797198193E-10,9021.0,18.0,1.0,1.1992583702831692,1.0,2.0,1.0,1.0,9021.0,1000.0
9022.0,1.087551,2.8135022148489985E-10,9022.0,18.0,1.0,1.1991254442833594,1.0,2.0,1.0,1.0,9022.0,1000.0
9023.0,1.087643,2.813740219506956E-10,9023.0,18.0,1.0,1.1989925477473644,1.0,2.0,1.0,1.0,9023.0,1000.0
9024.0,1.087732,2.813970463143458E-10,9024.0,18.0,1.0,1.1988596806653888,1.0,2.0,1.0,1.0,9024.0,1000.0
9025.0,1.087821,2.81420070677996E-10,9025.0,18.0,1.0,1.198726843027642,1.0,2.0,1.0,1.0,9025.0,1000.0
9026.0,1.087912,2.8144361244307656E-10,9026.0,18.0,1.0,1.1985940348243374,1.0,2.0,1.0,1.0,9026.0,1000.0
9027.0,1.088004,2.814674129088723E-10,9027.0,18.0,1.0,1.1984612560456929,1.0,2.0,1.0,1.0,9027.0,1000.0
9028.0,1.088095,2.8149095467395285E-10,9028.0,18.0,1.0,1.1983285066819307,1.0,2.0,1.0,1.0,9028.0,1000.0
9029.0,1.088184,2.8151397903760306E-10,9029.0,18.0,1.0,1.198195786723277,1.0,2.0,1.0,1.0,9029.0,1000.0
9030.0,1.088279,2.815385556055443E-10,9030.0,18.0,1.0,1.1980630961599634,1.0,2.0,1.0,1.0,9030.0,1000.0
9031.0,1.08837,2.8156209737062486E-10,9031.0,18.0,1.0,1.1979304349822246,1.0,2.0,1.0,1.0,9031.0,1000.0
9032.0,1.088459,2.8158512173427507E-10,9032.0,18.0,1.0,1.1977978031803,1.0,2.0,1.0,1.0,9032.0,1000.0
9033.0,1.088549,2.8160840479864046E-10,9033.0,18.0,1.0,1.1976652007444337,1.0,2.0,1.0,1.0,9033.0,1000.0
9034.0,1.08864,2.81631946563721E-10,9034.0,18.0,1.0,1.1975326276648737,1.0,2.0,1.0,1.0,9034.0,1000.0
9035.0,1.088729,2.8165497092737123E-10,9035.0,18.0,1.0,1.1974000839318726,1.0,2.0,1.0,1.0,9035.0,1000.0
9036.0,1.088819,2.816782539917366E-10,9036.0,18.0,1.0,1.1972675695356871,1.0,2.0,1.0,1.0,9036.0,1000.0
9037.0,1.088909,2.81701537056102E-10,9037.0,18.0,1.0,1.1971350844665785,1.0,2.0,1.0,1.0,9037.0,1000.0
9038.0,1.089003,2.8172585492332807E-10,9038.0,18.0,1.0,1.197002628714812,1.0,2.0,1.0,1.0,9038.0,1000.0
9039.0,1.089093,2.8174913798769346E-10,9039.0,18.0,1.0,1.1968702022706572,1.0,2.0,1.0,1.0,9039.0,1000.0
9040.0,1.089183,2.8177242105205884E-10,9040.0,18.0,1.0,1.1967378051243882,1.0,2.0,1.0,1.0,9040.0,1000.0
9041.0,1.089275,2.8179622151785457E-10,9041.0,18.0,1.0,1.1966054372662835,1.0,2.0,1.0,1.0,9041.0,1000.0
9042.0,1.089366,2.8181976328293513E-10,9042.0,18.0,1.0,1.1964730986866257,1.0,2.0,1.0,1.0,9042.0,1000.0
9043.0,1.089457,2.818433050480157E-10,9043.0,18.0,1.0,1.1963407893757017,1.0,2.0,1.0,1.0,9043.0,1000.0
9044.0,1.089548,2.8186684681309624E-10,9044.0,18.0,1.0,1.1962085093238024,1.0,2.0,1.0,1.0,9044.0,1000.0
9045.0,1.089637,2.8188987117674645E-10,9045.0,18.0,1.0,1.196076258521224,1.0,2.0,1.0,1.0,9045.0,1000.0
9046.0,1.089728,2.81913412941827E-10,9046.0,18.0,1.0,1.1959440369582655,1.0,2.0,1.0,1.0,9046.0,1000.0
9047.0,1.089818,2.819366960061924E-10,9047.0,18.0,1.0,1.1958118446252315,1.0,2.0,1.0,1.0,9047.0,1000.0
9048.0,1.089908,2.819599790705578E-10,9048.0,18.0,1.0,1.1956796815124304,1.0,2.0,1.0,1.0,9048.0,1000.0
9049.0,1.089999,2.8198352083563834E-10,9049.0,18.0,1.0,1.1955475476101747,1.0,2.0,1.0,1.0,9049.0,1000.0
9050.0,1.09009,2.820070626007189E-10,9050.0,18.0,1.0,1.195415442908781,1.0,2.0,1.0,1.0,9050.0,1000.0
9051.0,1.090183,2.820311217672298E-10,9051.0,18.0,1.0,1.1952833673985714,1.0,2.0,1.0,1.0,9051.0,1000.0
9052.0,1.090274,2.8205466353231035E-10,9052.0,18.0,1.0,1.1951513210698708,1.0,2.0,1.0,1.0,9052.0,1000.0
9053.0,1.090365,2.820782052973909E-10,9053.0,18.0,1.0,1.1950193039130088,1.0,2.0,1.0,1.0,9053.0,1000.0
9054.0,1.090458,2.821022644639018E-10,9054.0,18.0,1.0,1.19488731591832,1.0,2.0,1.0,1.0,9054.0,1000.0
9055.0,1.09055,2.8212606492969754E-10,9055.0,18.0,1.0,1.1947553570761424,1.0,2.0,1.0,1.0,9055.0,1000.0
9056.0,1.09064,2.821493479940629E-10,9056.0,18.0,1.0,1.1946234273768186,1.0,2.0,1.0,1.0,9056.0,1000.0
9057.0,1.090731,2.821728897591435E-10,9057.0,18.0,1.0,1.1944915268106955,1.0,2.0,1.0,1.0,9057.0,1000.0
9058.0,1.090824,2.821969489256544E-10,9058.0,18.0,1.0,1.1943596553681242,1.0,2.0,1.0,1.0,9058.0,1000.0
9059.0,1.090914,2.8222023199001977E-10,9059.0,18.0,1.0,1.1942278130394601,1.0,2.0,1.0,1.0,9059.0,1000.0
9060.0,1.091005,2.8224377375510033E-10,9060.0,18.0,1.0,1.1940959998150629,1.0,2.0,1.0,1.0,9060.0,1000.0
9061.0,1.091097,2.8226757422089606E-10,9061.0,18.0,1.0,1.1939642156852963,1.0,2.0,1.0,1.0,9061.0,1000.0
9062.0,1.091188,2.822911159859766E-10,9062.0,18.0,1.0,1.1938324606405286,1.0,2.0,1.0,1.0,9062.0,1000.0
9063.0,1.091277,2.823141403496268E-10,9063.0,18.0,1.0,1.1937007346711321,1.0,2.0,1.0,1.0,9063.0,1000.0
9064.0,1.091367,2.823374234139922E-10,9064.0,18.0,1.0,1.1935690377674835,1.0,2.0,1.0,1.0,9064.0,1000.0
9065.0,1.091457,2.823607064783576E-10,9065.0,18.0,1.0,1.1934373699199636,1.0,2.0,1.0,1.0,9065.0,1000.0
9066.0,1.091548,2.8238424824343815E-10,9066.0,18.0,1.0,1.1933057311189577,1.0,2.0,1.0,1.0,9066.0,1000.0
9067.0,1.091639,2.824077900085187E-10,9067.0,18.0,1.0,1.193174121354855,1.0,2.0,1.0,1.0,9067.0,1000.0
9068.0,1.09173,2.8243133177359926E-10,9068.0,18.0,1.0,1.1930425406180492,1.0,2.0,1.0,1.0,9068.0,1000.0
9069.0,1.091819,2.824543561372495E-10,9069.0,18.0,1.0,1.1929109888989382,1.0,2.0,1.0,1.0,9069.0,1000.0
9070.0,1.091913,2.8247867400447555E-10,9070.0,18.0,1.0,1.1927794661879239,1.0,2.0,1.0,1.0,9070.0,1000.0
9071.0,1.092005,2.825024744702713E-10,9071.0,18.0,1.0,1.1926479724754129,1.0,2.0,1.0,1.0,9071.0,1000.0
9072.0,1.092095,2.8252575753463667E-10,9072.0,18.0,1.0,1.1925165077518154,1.0,2.0,1.0,1.0,9072.0,1000.0
9073.0,1.092185,2.8254904059900205E-10,9073.0,18.0,1.0,1.1923850720075466,1.0,2.0,1.0,1.0,9073.0,1000.0
9074.0,1.092277,2.825728410647978E-10,9074.0,18.0,1.0,1.1922536652330251,1.0,2.0,1.0,1.0,9074.0,1000.0
9075.0,1.092366,2.82595865428448E-10,9075.0,18.0,1.0,1.1921222874186743,1.0,2.0,1.0,1.0,9075.0,1000.0
9076.0,1.092455,2.826188897920982E-10,9076.0,18.0,1.0,1.1919909385549217,1.0,2.0,1.0,1.0,9076.0,1000.0
9077.0,1.092544,2.826419141557484E-10,9077.0,18.0,1.0,1.191859618632199,1.0,2.0,1.0,1.0,9077.0,1000.0
9078.0,1.092635,2.8266545592082897E-10,9078.0,18.0,1.0,1.1917283276409418,1.0,2.0,1.0,1.0,9078.0,1000.0
9079.0,1.092726,2.8268899768590953E-10,9079.0,18.0,1.0,1.1915970655715904,1.0,2.0,1.0,1.0,9079.0,1000.0
9080.0,1.092815,2.8271202204955974E-10,9080.0,18.0,1.0,1.1914658324145893,1.0,2.0,1.0,1.0,9080.0,1000.0
9081.0,1.092906,2.827355638146403E-10,9081.0,18.0,1.0,1.1913346281603865,1.0,2.0,1.0,1.0,9081.0,1000.0
9082.0,1.092996,2.827588468790057E-10,9082.0,18.0,1.0,1.191203452799435,1.0,2.0,1.0,1.0,9082.0,1000.0
9083.0,1.093086,2.8278212994337107E-10,9083.0,18.0,1.0,1.191072306322192,1.0,2.0,1.0,1.0,9083.0,1000.0
9084.0,1.093175,2.828051543070213E-10,9084.0,18.0,1.0,1.1909411887191181,1.0,2.0,1.0,1.0,9084.0,1000.0
9085.0,1.093265,2.8282843737138666E-10,9085.0,18.0,1.0,1.190810099980679,1.0,2.0,1.0,1.0,9085.0,1000.0
9086.0,1.093357,2.828522378371824E-10,9086.0,18.0,1.0,1.1906790400973442,1.0,2.0,1.0,1.0,9086.0,1000.0
9087.0,1.093449,2.828760383029781E-10,9087.0,18.0,1.0,1.1905480090595872,1.0,2.0,1.0,1.0,9087.0,1000.0
9088.0,1.093539,2.828993213673435E-10,9088.0,18.0,1.0,1.190417006857886,1.0,2.0,1.0,1.0,9088.0,1000.0
9089.0,1.09363,2.8292286313242406E-10,9089.0,18.0,1.0,1.190286033482723,1.0,2.0,1.0,1.0,9089.0,1000.0
9090.0,1.093721,2.829464048975046E-10,9090.0,18.0,1.0,1.1901550889245842,1.0,2.0,1.0,1.0,9090.0,1000.0
9091.0,1.093813,2.8297020536330035E-10,9091.0,18.0,1.0,1.19002417317396,1.0,2.0,1.0,1.0,9091.0,1000.0
9092.0,1.093904,2.829937471283809E-10,9092.0,18.0,1.0,1.1898932862213452,1.0,2.0,1.0,1.0,9092.0,1000.0
9093.0,1.093994,2.830170301927463E-10,9093.0,18.0,1.0,1.1897624280572385,1.0,2.0,1.0,1.0,9093.0,1000.0
9094.0,1.094086,2.83040830658542E-10,9094.0,18.0,1.0,1.189631598672143,1.0,2.0,1.0,1.0,9094.0,1000.0
9095.0,1.094176,2.830641137229074E-10,9095.0,18.0,1.0,1.1895007980565662,1.0,2.0,1.0,1.0,9095.0,1000.0
9096.0,1.094265,2.830871380865576E-10,9096.0,18.0,1.0,1.1893700262010192,1.0,2.0,1.0,1.0,9096.0,1000.0
9097.0,1.094354,2.8311016245020783E-10,9097.0,18.0,1.0,1.1892392830960172,1.0,2.0,1.0,1.0,9097.0,1000.0
9098.0,1.094444,2.831334455145732E-10,9098.0,18.0,1.0,1.1891085687320806,1.0,2.0,1.0,1.0,9098.0,1000.0
9099.0,1.094534,2.831567285789386E-10,9099.0,18.0,1.0,1.1889778830997328,1.0,2.0,1.0,1.0,9099.0,1000.0
9100.0,1.094624,2.83180011643304E-10,9100.0,18.0,1.0,1.1888472261895022,1.0,2.0,1.0,1.0,9100.0,1000.0
9101.0,1.094715,2.8320355340838454E-10,9101.0,18.0,1.0,1.1887165979919205,1.0,2.0,1.0,1.0,9101.0,1000.0
9102.0,1.094807,2.8322735387418027E-10,9102.0,18.0,1.0,1.1885859984975247,1.0,2.0,1.0,1.0,9102.0,1000.0
9103.0,1.094898,2.8325089563926083E-10,9103.0,18.0,1.0,1.1884554276968549,1.0,2.0,1.0,1.0,9103.0,1000.0
9104.0,1.094987,2.8327392000291104E-10,9104.0,18.0,1.0,1.1883248855804558,1.0,2.0,1.0,1.0,9104.0,1000.0
9105.0,1.095079,2.8329772046870677E-10,9105.0,18.0,1.0,1.1881943721388764,1.0,2.0,1.0,1.0,9105.0,1000.0
9106.0,1.095173,2.8332203833593284E-10,9106.0,18.0,1.0,1.1880638873626697,1.0,2.0,1.0,1.0,9106.0,1000.0
9107.0,1.095263,2.8334532140029823E-10,9107.0,18.0,1.0,1.1879334312423926,1.0,2.0,1.0,1.0,9107.0,1000.0
9108.0,1.095353,2.833686044646636E-10,9108.0,18.0,1.0,1.1878030037686067,1.0,2.0,1.0,1.0,9108.0,1000.0
9109.0,1.095442,2.833916288283138E-10,9109.0,18.0,1.0,1.1876726049318773,1.0,2.0,1.0,1.0,9109.0,1000.0
9110.0,1.095535,2.8341568799482473E-10,9110.0,18.0,1.0,1.1875422347227738,1.0,2.0,1.0,1.0,9110.0,1000.0
9111.0,1.095628,2.8343974716133563E-10,9111.0,18.0,1.0,1.1874118931318702,1.0,2.0,1.0,1.0,9111.0,1000.0
9112.0,1.09572,2.8346354762713136E-10,9112.0,18.0,1.0,1.1872815801497443,1.0,2.0,1.0,1.0,9112.0,1000.0
9113.0,1.09581,2.8348683069149674E-10,9113.0,18.0,1.0,1.1871512957669779,1.0,2.0,1.0,1.0,9113.0,1000.0
9114.0,1.095901,2.835103724565773E-10,9114.0,18.0,1.0,1.1870210399741572,1.0,2.0,1.0,1.0,9114.0,1000.0
9115.0,1.095992,2.8353391422165786E-10,9115.0,18.0,1.0,1.1868908127618727,1.0,2.0,1.0,1.0,9115.0,1000.0
9116.0,1.096082,2.8355719728602324E-10,9116.0,18.0,1.0,1.1867606141207185,1.0,2.0,1.0,1.0,9116.0,1000.0
9117.0,1.09617,2.835799629489583E-10,9117.0,18.0,1.0,1.1866304440412931,1.0,2.0,1.0,1.0,9117.0,1000.0
9118.0,1.096259,2.836029873126085E-10,9118.0,18.0,1.0,1.1865003025141994,1.0,2.0,1.0,1.0,9118.0,1000.0
9119.0,1.096352,2.836270464791194E-10,9119.0,18.0,1.0,1.1863701895300438,1.0,2.0,1.0,1.0,9119.0,1000.0
9120.0,1.096442,2.836503295434848E-10,9120.0,18.0,1.0,1.1862401050794376,1.0,2.0,1.0,1.0,9120.0,1000.0
9121.0,1.096533,2.8367387130856534E-10,9121.0,18.0,1.0,1.1861100491529952,1.0,2.0,1.0,1.0,9121.0,1000.0
9122.0,1.096622,2.8369689567221555E-10,9122.0,18.0,1.0,1.1859800217413363,1.0,2.0,1.0,1.0,9122.0,1000.0
9123.0,1.096713,2.837204374372961E-10,9123.0,18.0,1.0,1.185850022835084,1.0,2.0,1.0,1.0,9123.0,1000.0
9124.0,1.096803,2.837437205016615E-10,9124.0,18.0,1.0,1.1857200524248652,1.0,2.0,1.0,1.0,9124.0,1000.0
9125.0,1.096894,2.8376726226674205E-10,9125.0,18.0,1.0,1.1855901105013118,1.0,2.0,1.0,1.0,9125.0,1000.0
9126.0,1.096987,2.8379132143325295E-10,9126.0,18.0,1.0,1.1854601970550591,1.0,2.0,1.0,1.0,9126.0,1000.0
9127.0,1.097079,2.838151218990487E-10,9127.0,18.0,1.0,1.1853303120767469,1.0,2.0,1.0,1.0,9127.0,1000.0
9128.0,1.097168,2.838381462626989E-10,9128.0,18.0,1.0,1.185200455557019,1.0,2.0,1.0,1.0,9128.0,1000.0
9129.0,1.097258,2.8386142932706427E-10,9129.0,18.0,1.0,1.185070627486523,1.0,2.0,1.0,1.0,9129.0,1000.0
9130.0,1.097348,2.8388471239142966E-10,9130.0,18.0,1.0,1.1849408278559113,1.0,2.0,1.0,1.0,9130.0,1000.0
9131.0,1.097441,2.8390877155794056E-10,9131.0,18.0,1.0,1.1848110566558394,1.0,2.0,1.0,1.0,9131.0,1000.0
9132.0,1.09753,2.8393179592159077E-10,9132.0,18.0,1.0,1.1846813138769678,1.0,2.0,1.0,1.0,9132.0,1000.0
9133.0,1.097622,2.839555963873865E-10,9133.0,18.0,1.0,1.1845515995099605,1.0,2.0,1.0,1.0,9133.0,1000.0
9134.0,1.097712,2.839788794517519E-10,9134.0,18.0,1.0,1.184421913545486,1.0,2.0,1.0,1.0,9134.0,1000.0
9135.0,1.097803,2.8400242121683244E-10,9135.0,18.0,1.0,1.1842922559742166,1.0,2.0,1.0,1.0,9135.0,1000.0
9136.0,1.097893,2.8402570428119783E-10,9136.0,18.0,1.0,1.184162626786829,1.0,2.0,1.0,1.0,9136.0,1000.0
9137.0,1.097984,2.840492460462784E-10,9137.0,18.0,1.0,1.1840330259740035,1.0,2.0,1.0,1.0,9137.0,1000.0
9138.0,1.098073,2.840722704099286E-10,9138.0,18.0,1.0,1.1839034535264248,1.0,2.0,1.0,1.0,9138.0,1000.0
9139.0,1.098162,2.840952947735788E-10,9139.0,18.0,1.0,1.1837739094347817,1.0,2.0,1.0,1.0,9139.0,1000.0
9140.0,1.098252,2.841185778379442E-10,9140.0,18.0,1.0,1.183644393689767,1.0,2.0,1.0,1.0,9140.0,1000.0
9141.0,1.098343,2.8414211960302475E-10,9141.0,18.0,1.0,1.1835149062820773,1.0,2.0,1.0,1.0,9141.0,1000.0
9142.0,1.098431,2.841648852659598E-10,9142.0,18.0,1.0,1.1833854472024141,1.0,2.0,1.0,1.0,9142.0,1000.0
9143.0,1.098522,2.8418842703104035E-10,9143.0,18.0,1.0,1.183256016441482,1.0,2.0,1.0,1.0,9143.0,1000.0
9144.0,1.098612,2.8421171009540573E-10,9144.0,18.0,1.0,1.18312661398999,1.0,2.0,1.0,1.0,9144.0,1000.0
9145.0,1.098701,2.8423473445905594E-10,9145.0,18.0,1.0,1.1829972398386517,1.0,2.0,1.0,1.0,9145.0,1000.0
9146.0,1.098792,2.842582762241365E-10,9146.0,18.0,1.0,1.1828678939781838,1.0,2.0,1.0,1.0,9146.0,1000.0
9147.0,1.098883,2.8428181798921706E-10,9147.0,18.0,1.0,1.182738576399308,1.0,2.0,1.0,1.0,9147.0,1000.0
9148.0,1.098973,2.8430510105358244E-10,9148.0,18.0,1.0,1.1826092870927492,1.0,2.0,1.0,1.0,9148.0,1000.0
9149.0,1.099063,2.843283841179478E-10,9149.0,18.0,1.0,1.182480026049237,1.0,2.0,1.0,1.0,9149.0,1000.0
9150.0,1.099154,2.843519258830284E-10,9150.0,18.0,1.0,1.182350793259505,1.0,2.0,1.0,1.0,9150.0,1000.0
9151.0,1.099247,2.843759850495393E-10,9151.0,18.0,1.0,1.1822215887142902,1.0,2.0,1.0,1.0,9151.0,1000.0
9152.0,1.099337,2.8439926811390467E-10,9152.0,18.0,1.0,1.1820924124043346,1.0,2.0,1.0,1.0,9152.0,1000.0
9153.0,1.099427,2.8442255117827005E-10,9153.0,18.0,1.0,1.1819632643203835,1.0,2.0,1.0,1.0,9153.0,1000.0
9154.0,1.099518,2.844460929433506E-10,9154.0,18.0,1.0,1.1818341444531866,1.0,2.0,1.0,1.0,9154.0,1000.0
9155.0,1.099609,2.8446963470843117E-10,9155.0,18.0,1.0,1.1817050527934976,1.0,2.0,1.0,1.0,9155.0,1000.0
9156.0,1.099699,2.8449291777279655E-10,9156.0,18.0,1.0,1.181575989332074,1.0,2.0,1.0,1.0,9156.0,1000.0
9157.0,1.099788,2.8451594213644676E-10,9157.0,18.0,1.0,1.1814469540596777,1.0,2.0,1.0,1.0,9157.0,1000.0
9158.0,1.099879,2.845394839015273E-10,9158.0,18.0,1.0,1.1813179469670747,1.0,2.0,1.0,1.0,9158.0,1000.0
9159.0,1.099971,2.8456328436732305E-10,9159.0,18.0,1.0,1.1811889680450343,1.0,2.0,1.0,1.0,9159.0,1000.0
9160.0,1.100061,2.8458656743168844E-10,9160.0,18.0,1.0,1.1810600172843309,1.0,2.0,1.0,1.0,9160.0,1000.0
9161.0,1.100151,2.846098504960538E-10,9161.0,18.0,1.0,1.1809310946757416,1.0,2.0,1.0,1.0,9161.0,1000.0
9162.0,1.100242,2.846333922611344E-10,9162.0,18.0,1.0,1.1808022002100491,1.0,2.0,1.0,1.0,9162.0,1000.0
9163.0,1.100332,2.8465667532549976E-10,9163.0,18.0,1.0,1.1806733338780389,1.0,2.0,1.0,1.0,9163.0,1000.0
9164.0,1.100422,2.8467995838986515E-10,9164.0,18.0,1.0,1.180544495670501,1.0,2.0,1.0,1.0,9164.0,1000.0
9165.0,1.100776,2.8477153844303565E-10,9165.0,18.0,1.0,1.180415685578229,1.0,2.0,1.0,1.0,9165.0,1000.0
9166.0,1.101069,2.848473377525807E-10,9166.0,18.0,1.0,1.1802869035920216,1.0,2.0,1.0,1.0,9166.0,1000.0
9167.0,1.101361,2.849228783614106E-10,9167.0,18.0,1.0,1.1801581497026803,1.0,2.0,1.0,1.0,9167.0,1000.0
9168.0,1.101605,2.8498600133591234E-10,9168.0,18.0,1.0,1.1800294239010112,1.0,2.0,1.0,1.0,9168.0,1000.0
9169.0,1.101859,2.850517113175658E-10,9169.0,18.0,1.0,1.179900726177824,1.0,2.0,1.0,1.0,9169.0,1000.0
9170.0,1.102104,2.8511509299278267E-10,9170.0,18.0,1.0,1.1797720565239334,1.0,2.0,1.0,1.0,9170.0,1000.0
9171.0,1.102348,2.851782159672844E-10,9171.0,18.0,1.0,1.179643414930157,1.0,2.0,1.0,1.0,9171.0,1000.0
9172.0,1.102583,2.8523901063534954E-10,9172.0,18.0,1.0,1.179514801387317,1.0,2.0,1.0,1.0,9172.0,1000.0
9173.0,1.102815,2.852990292012692E-10,9173.0,18.0,1.0,1.179386215886239,1.0,2.0,1.0,1.0,9173.0,1000.0
9174.0,1.103047,2.8535904776718883E-10,9174.0,18.0,1.0,1.1792576584177534,1.0,2.0,1.0,1.0,9174.0,1000.0
9175.0,1.103284,2.8542035983668434E-10,9175.0,18.0,1.0,1.1791291289726942,1.0,2.0,1.0,1.0,9175.0,1000.0
9176.0,1.103515,2.854801197018888E-10,9176.0,18.0,1.0,1.1790006275418994,1.0,2.0,1.0,1.0,9176.0,1000.0
9177.0,1.103773,2.8554686448640294E-10,9177.0,18.0,1.0,1.178872154116211,1.0,2.0,1.0,1.0,9177.0,1000.0
9178.0,1.104013,2.8560895265804397E-10,9178.0,18.0,1.0,1.1787437086864752,1.0,2.0,1.0,1.0,9178.0,1000.0
9179.0,1.104243,2.8566845382253327E-10,9179.0,18.0,1.0,1.1786152912435417,1.0,2.0,1.0,1.0,9179.0,1000.0
9180.0,1.104467,2.857264027827316E-10,9180.0,18.0,1.0,1.1784869017782647,1.0,2.0,1.0,1.0,9180.0,1000.0
9181.0,1.104694,2.857851278450754E-10,9181.0,18.0,1.0,1.178358540281502,1.0,2.0,1.0,1.0,9181.0,1000.0
9182.0,1.104911,2.858412659002675E-10,9182.0,18.0,1.0,1.1782302067441157,1.0,2.0,1.0,1.0,9182.0,1000.0
9183.0,1.105136,2.85899473561181E-10,9183.0,18.0,1.0,1.1781019011569716,1.0,2.0,1.0,1.0,9183.0,1000.0
9184.0,1.105361,2.859576812220945E-10,9184.0,18.0,1.0,1.1779736235109397,1.0,2.0,1.0,1.0,9184.0,1000.0
9185.0,1.105586,2.86015888883008E-10,9185.0,18.0,1.0,1.177845373796894,1.0,2.0,1.0,1.0,9185.0,1000.0
9186.0,1.105803,2.860720269382001E-10,9186.0,18.0,1.0,1.177717152005712,1.0,2.0,1.0,1.0,9186.0,1000.0
9187.0,1.106026,2.861297171976832E-10,9187.0,18.0,1.0,1.1775889581282757,1.0,2.0,1.0,1.0,9187.0,1000.0
9188.0,1.106241,2.86185337851445E-10,9188.0,18.0,1.0,1.1774607921554712,1.0,2.0,1.0,1.0,9188.0,1000.0
9189.0,1.10646,2.8624199330806744E-10,9189.0,18.0,1.0,1.177332654078188,1.0,2.0,1.0,1.0,9189.0,1000.0
9190.0,1.106678,2.862983900639747E-10,9190.0,18.0,1.0,1.1772045438873198,1.0,2.0,1.0,1.0,9190.0,1000.0
9191.0,1.106923,2.863617717391916E-10,9191.0,18.0,1.0,1.1770764615737646,1.0,2.0,1.0,1.0,9191.0,1000.0
9192.0,1.107144,2.864189445972444E-10,9192.0,18.0,1.0,1.1769484071284235,1.0,2.0,1.0,1.0,9192.0,1000.0
9193.0,1.107358,2.86474306550291E-10,9193.0,18.0,1.0,1.1768203805422026,1.0,2.0,1.0,1.0,9193.0,1000.0
9194.0,1.107572,2.865296685033376E-10,9194.0,18.0,1.0,1.1766923818060115,1.0,2.0,1.0,1.0,9194.0,1000.0
9195.0,1.107788,2.865855478578145E-10,9195.0,18.0,1.0,1.1765644109107634,1.0,2.0,1.0,1.0,9195.0,1000.0
9196.0,1.108001,2.866406511101459E-10,9196.0,18.0,1.0,1.176436467847376,1.0,2.0,1.0,1.0,9196.0,1000.0
9197.0,1.108216,2.866962717639077E-10,9197.0,18.0,1.0,1.1763085526067707,1.0,2.0,1.0,1.0,9197.0,1000.0
9198.0,1.108431,2.8675189241766944E-10,9198.0,18.0,1.0,1.1761806651798727,1.0,2.0,1.0,1.0,9198.0,1000.0
9199.0,1.108653,2.868093239764374E-10,9199.0,18.0,1.0,1.1760528055576116,1.0,2.0,1.0,1.0,9199.0,1000.0
9200.0,1.108867,2.86864685929484E-10,9200.0,18.0,1.0,1.1759249737309205,1.0,2.0,1.0,1.0,9200.0,1000.0
9201.0,1.109086,2.8692134138610645E-10,9201.0,18.0,1.0,1.1757971696907368,1.0,2.0,1.0,1.0,9201.0,1000.0
9202.0,1.109303,2.8697747944129856E-10,9202.0,18.0,1.0,1.1756693934280016,1.0,2.0,1.0,1.0,9202.0,1000.0
9203.0,1.10952,2.8703361749649066E-10,9203.0,18.0,1.0,1.1755416449336595,1.0,2.0,1.0,1.0,9203.0,1000.0
9204.0,1.109856,2.871205409367881E-10,9204.0,18.0,1.0,1.1754139241986603,1.0,2.0,1.0,1.0,9204.0,1000.0
9205.0,1.110107,2.8718547481629603E-10,9205.0,18.0,1.0,1.1752862312139565,1.0,2.0,1.0,1.0,9205.0,1000.0
9206.0,1.110336,2.8724471728007016E-10,9206.0,18.0,1.0,1.175158565970505,1.0,2.0,1.0,1.0,9206.0,1000.0
9207.0,1.110587,2.873096511595781E-10,9207.0,18.0,1.0,1.1750309284592668,1.0,2.0,1.0,1.0,9207.0,1000.0
9208.0,1.110702,2.8733940174182273E-10,9208.0,18.0,1.0,1.1749033186712066,1.0,2.0,1.0,1.0,9208.0,1000.0
9209.0,1.110797,2.87363978309764E-10,9209.0,18.0,1.0,1.1747757365972928,1.0,2.0,1.0,1.0,9209.0,1000.0
9210.0,1.110892,2.873885548777052E-10,9210.0,18.0,1.0,1.1746481822284984,1.0,2.0,1.0,1.0,9210.0,1000.0
9211.0,1.110992,2.8741442494922234E-10,9211.0,18.0,1.0,1.1745206555557997,1.0,2.0,1.0,1.0,9211.0,1000.0
9212.0,1.111085,2.8743848411573324E-10,9212.0,18.0,1.0,1.1743931565701768,1.0,2.0,1.0,1.0,9212.0,1000.0
9213.0,1.111177,2.8746228458152897E-10,9213.0,18.0,1.0,1.1742656852626148,1.0,2.0,1.0,1.0,9213.0,1000.0
9214.0,1.111267,2.8748556764589435E-10,9214.0,18.0,1.0,1.1741382416241013,1.0,2.0,1.0,1.0,9214.0,1000.0
9215.0,1.111362,2.875101442138356E-10,9215.0,18.0,1.0,1.1740108256456288,1.0,2.0,1.0,1.0,9215.0,1000.0
9216.0,1.111458,2.87534979482492E-10,9216.0,18.0,1.0,1.1738834373181932,1.0,2.0,1.0,1.0,9216.0,1000.0
9217.0,1.111551,2.875590386490029E-10,9217.0,18.0,1.0,1.1737560766327948,1.0,2.0,1.0,1.0,9217.0,1000.0
9218.0,1.111643,2.8758283911479865E-10,9218.0,18.0,1.0,1.1736287435804371,1.0,2.0,1.0,1.0,9218.0,1000.0
9219.0,1.111735,2.876066395805944E-10,9219.0,18.0,1.0,1.1735014381521283,1.0,2.0,1.0,1.0,9219.0,1000.0
9220.0,1.111826,2.8763018134567494E-10,9220.0,18.0,1.0,1.1733741603388796,1.0,2.0,1.0,1.0,9220.0,1000.0
9221.0,1.111918,2.8765398181147067E-10,9221.0,18.0,1.0,1.173246910131707,1.0,2.0,1.0,1.0,9221.0,1000.0
9222.0,1.112008,2.8767726487583605E-10,9222.0,18.0,1.0,1.1731196875216297,1.0,2.0,1.0,1.0,9222.0,1000.0
9223.0,1.112102,2.8770158274306213E-10,9223.0,18.0,1.0,1.1729924924996715,1.0,2.0,1.0,1.0,9223.0,1000.0
9224.0,1.112192,2.877248658074275E-10,9224.0,18.0,1.0,1.1728653250568593,1.0,2.0,1.0,1.0,9224.0,1000.0
9225.0,1.112285,2.877489249739384E-10,9225.0,18.0,1.0,1.1727381851842245,1.0,2.0,1.0,1.0,9225.0,1000.0
9226.0,1.112376,2.8777246673901897E-10,9226.0,18.0,1.0,1.1726110728728019,1.0,2.0,1.0,1.0,9226.0,1000.0
9227.0,1.112467,2.8779600850409953E-10,9227.0,18.0,1.0,1.1724839881136306,1.0,2.0,1.0,1.0,9227.0,1000.0
9228.0,1.112563,2.8782084377275595E-10,9228.0,18.0,1.0,1.1723569308977535,1.0,2.0,1.0,1.0,9228.0,1000.0
9229.0,1.112652,2.8784386813640616E-10,9229.0,18.0,1.0,1.1722299012162174,1.0,2.0,1.0,1.0,9229.0,1000.0
9230.0,1.112743,2.878674099014867E-10,9230.0,18.0,1.0,1.1721028990600726,1.0,2.0,1.0,1.0,9230.0,1000.0
9231.0,1.112838,2.8789198646942797E-10,9231.0,18.0,1.0,1.1719759244203738,1.0,2.0,1.0,1.0,9231.0,1000.0
9232.0,1.112929,2.879155282345085E-10,9232.0,18.0,1.0,1.171848977288179,1.0,2.0,1.0,1.0,9232.0,1000.0
9233.0,1.113033,2.879424331088863E-10,9233.0,18.0,1.0,1.171722057654551,1.0,2.0,1.0,1.0,9233.0,1000.0
9234.0,1.113126,2.8796649227539723E-10,9234.0,18.0,1.0,1.1715951655105554,1.0,2.0,1.0,1.0,9234.0,1000.0
9235.0,1.113224,2.87991844945484E-10,9235.0,18.0,1.0,1.1714683008472626,1.0,2.0,1.0,1.0,9235.0,1000.0
9236.0,1.113333,2.880200433234376E-10,9236.0,18.0,1.0,1.171341463655746,1.0,2.0,1.0,1.0,9236.0,1000.0
9237.0,1.113425,2.8804384378923334E-10,9237.0,18.0,1.0,1.1712146539270833,1.0,2.0,1.0,1.0,9237.0,1000.0
9238.0,1.113521,2.8806867905788976E-10,9238.0,18.0,1.0,1.1710878716523565,1.0,2.0,1.0,1.0,9238.0,1000.0
9239.0,1.113614,2.8809273822440066E-10,9239.0,18.0,1.0,1.1709611168226506,1.0,2.0,1.0,1.0,9239.0,1000.0
9240.0,1.113705,2.881162799894812E-10,9240.0,18.0,1.0,1.1708343894290552,1.0,2.0,1.0,1.0,9240.0,1000.0
9241.0,1.113797,2.8814008045527695E-10,9241.0,18.0,1.0,1.1707076894626631,1.0,2.0,1.0,1.0,9241.0,1000.0
9242.0,1.113887,2.8816336351964233E-10,9242.0,18.0,1.0,1.1705810169145714,1.0,2.0,1.0,1.0,9242.0,1000.0
9243.0,1.113978,2.881869052847229E-10,9243.0,18.0,1.0,1.170454371775881,1.0,2.0,1.0,1.0,9243.0,1000.0
9244.0,1.11407,2.882107057505186E-10,9244.0,18.0,1.0,1.1703277540376968,1.0,2.0,1.0,1.0,9244.0,1000.0
9245.0,1.11416,2.88233988814884E-10,9245.0,18.0,1.0,1.1702011636911271,1.0,2.0,1.0,1.0,9245.0,1000.0
9246.0,1.114251,2.8825753057996456E-10,9246.0,18.0,1.0,1.1700746007272842,1.0,2.0,1.0,1.0,9246.0,1000.0
9247.0,1.114343,2.882813310457603E-10,9247.0,18.0,1.0,1.1699480651372844,1.0,2.0,1.0,1.0,9247.0,1000.0
9248.0,1.114434,2.8830487281084085E-10,9248.0,18.0,1.0,1.169821556912248,1.0,2.0,1.0,1.0,9248.0,1000.0
9249.0,1.114528,2.883291906780669E-10,9249.0,18.0,1.0,1.1696950760432987,1.0,2.0,1.0,1.0,9249.0,1000.0
9250.0,1.114619,2.883527324431475E-10,9250.0,18.0,1.0,1.1695686225215642,1.0,2.0,1.0,1.0,9250.0,1000.0
9251.0,1.11471,2.8837627420822803E-10,9251.0,18.0,1.0,1.1694421963381765,1.0,2.0,1.0,1.0,9251.0,1000.0
9252.0,1.114801,2.883998159733086E-10,9252.0,18.0,1.0,1.1693157974842703,1.0,2.0,1.0,1.0,9252.0,1000.0
9253.0,1.114892,2.8842335773838915E-10,9253.0,18.0,1.0,1.1691894259509856,1.0,2.0,1.0,1.0,9253.0,1000.0
9254.0,1.114982,2.8844664080275453E-10,9254.0,18.0,1.0,1.1690630817294652,1.0,2.0,1.0,1.0,9254.0,1000.0
9255.0,1.115075,2.8847069996926544E-10,9255.0,18.0,1.0,1.1689367648108557,1.0,2.0,1.0,1.0,9255.0,1000.0
9256.0,1.115168,2.8849475913577634E-10,9256.0,18.0,1.0,1.1688104751863082,1.0,2.0,1.0,1.0,9256.0,1000.0
9257.0,1.115258,2.885180422001417E-10,9257.0,18.0,1.0,1.1686842128469774,1.0,2.0,1.0,1.0,9257.0,1000.0
9258.0,1.115348,2.885413252645071E-10,9258.0,18.0,1.0,1.1685579777840214,1.0,2.0,1.0,1.0,9258.0,1000.0
9259.0,1.115439,2.8856486702958766E-10,9259.0,18.0,1.0,1.1684317699886024,1.0,2.0,1.0,1.0,9259.0,1000.0
9260.0,1.115532,2.8858892619609857E-10,9260.0,18.0,1.0,1.1683055894518866,1.0,2.0,1.0,1.0,9260.0,1000.0
9261.0,1.115624,2.886127266618943E-10,9261.0,18.0,1.0,1.1681794361650437,1.0,2.0,1.0,1.0,9261.0,1000.0
9262.0,1.115716,2.8863652712769E-10,9262.0,18.0,1.0,1.1680533101192474,1.0,2.0,1.0,1.0,9262.0,1000.0
9263.0,1.115807,2.886600688927706E-10,9263.0,18.0,1.0,1.1679272113056753,1.0,2.0,1.0,1.0,9263.0,1000.0
9264.0,1.115901,2.8868438675999666E-10,9264.0,18.0,1.0,1.1678011397155084,1.0,2.0,1.0,1.0,9264.0,1000.0
9265.0,1.115993,2.887081872257924E-10,9265.0,18.0,1.0,1.167675095339932,1.0,2.0,1.0,1.0,9265.0,1000.0
9266.0,1.116084,2.8873172899087294E-10,9266.0,18.0,1.0,1.1675490781701348,1.0,2.0,1.0,1.0,9266.0,1000.0
9267.0,1.116174,2.8875501205523833E-10,9267.0,18.0,1.0,1.1674230881973098,1.0,2.0,1.0,1.0,9267.0,1000.0
9268.0,1.116266,2.8877881252103406E-10,9268.0,18.0,1.0,1.1672971254126532,1.0,2.0,1.0,1.0,9268.0,1000.0
9269.0,1.116356,2.8880209558539944E-10,9269.0,18.0,1.0,1.1671711898073653,1.0,2.0,1.0,1.0,9269.0,1000.0
9270.0,1.116453,2.8882718955477104E-10,9270.0,18.0,1.0,1.1670452813726504,1.0,2.0,1.0,1.0,9270.0,1000.0
9271.0,1.116548,2.888517661227123E-10,9271.0,18.0,1.0,1.1669194000997163,1.0,2.0,1.0,1.0,9271.0,1000.0
9272.0,1.116643,2.8887634269065353E-10,9272.0,18.0,1.0,1.1667935459797745,1.0,2.0,1.0,1.0,9272.0,1000.0
9273.0,1.116733,2.888996257550189E-10,9273.0,18.0,1.0,1.1666677190040406,1.0,2.0,1.0,1.0,9273.0,1000.0
9274.0,1.116824,2.8892316752009947E-10,9274.0,18.0,1.0,1.166541919163734,1.0,2.0,1.0,1.0,9274.0,1000.0
9275.0,1.116915,2.8894670928518003E-10,9275.0,18.0,1.0,1.1664161464500775,1.0,2.0,1.0,1.0,9275.0,1000.0
9276.0,1.117007,2.8897050975097576E-10,9276.0,18.0,1.0,1.1662904008542982,1.0,2.0,1.0,1.0,9276.0,1000.0
9277.0,1.1171,2.8899456891748666E-10,9277.0,18.0,1.0,1.1661646823676264,1.0,2.0,1.0,1.0,9277.0,1000.0
9278.0,1.11719,2.8901785198185205E-10,9278.0,18.0,1.0,1.1660389909812965,1.0,2.0,1.0,1.0,9278.0,1000.0
9279.0,1.117282,2.890416524476478E-10,9279.0,18.0,1.0,1.165913326686547,1.0,2.0,1.0,1.0,9279.0,1000.0
9280.0,1.117375,2.890657116141587E-10,9280.0,18.0,1.0,1.1657876894746195,1.0,2.0,1.0,1.0,9280.0,1000.0
9281.0,1.117466,2.8908925337923924E-10,9281.0,18.0,1.0,1.16566207933676,1.0,2.0,1.0,1.0,9281.0,1000.0
9282.0,1.117555,2.8911227774288945E-10,9282.0,18.0,1.0,1.1655364962642178,1.0,2.0,1.0,1.0,9282.0,1000.0
9283.0,1.117647,2.891360782086852E-10,9283.0,18.0,1.0,1.1654109402482462,1.0,2.0,1.0,1.0,9283.0,1000.0
9284.0,1.117738,2.8915961997376573E-10,9284.0,18.0,1.0,1.1652854112801023,1.0,2.0,1.0,1.0,9284.0,1000.0
9285.0,1.117829,2.891831617388463E-10,9285.0,18.0,1.0,1.1651599093510467,1.0,2.0,1.0,1.0,9285.0,1000.0
9286.0,1.11792,2.8920670350392685E-10,9286.0,18.0,1.0,1.1650344344523444,1.0,2.0,1.0,1.0,9286.0,1000.0
9287.0,1.11801,2.8922998656829223E-10,9287.0,18.0,1.0,1.1649089865752633,1.0,2.0,1.0,1.0,9287.0,1000.0
9288.0,1.118101,2.892535283333728E-10,9288.0,18.0,1.0,1.1647835657110754,1.0,2.0,1.0,1.0,9288.0,1000.0
9289.0,1.118191,2.892768113977382E-10,9289.0,18.0,1.0,1.1646581718510571,1.0,2.0,1.0,1.0,9289.0,1000.0
9290.0,1.118281,2.8930009446210356E-10,9290.0,18.0,1.0,1.1645328049864876,1.0,2.0,1.0,1.0,9290.0,1000.0
9291.0,1.118374,2.8932415362861446E-10,9291.0,18.0,1.0,1.1644074651086502,1.0,2.0,1.0,1.0,9291.0,1000.0
9292.0,1.118464,2.8934743669297985E-10,9292.0,18.0,1.0,1.1642821522088322,1.0,2.0,1.0,1.0,9292.0,1000.0
9293.0,1.118555,2.893709784580604E-10,9293.0,18.0,1.0,1.1641568662783246,1.0,2.0,1.0,1.0,9293.0,1000.0
9294.0,1.118645,2.893942615224258E-10,9294.0,18.0,1.0,1.1640316073084216,1.0,2.0,1.0,1.0,9294.0,1000.0
9295.0,1.118735,2.8941754458679117E-10,9295.0,18.0,1.0,1.1639063752904217,1.0,2.0,1.0,1.0,9295.0,1000.0
9296.0,1.118828,2.8944160375330207E-10,9296.0,18.0,1.0,1.163781170215627,1.0,2.0,1.0,1.0,9296.0,1000.0
9297.0,1.118918,2.8946488681766746E-10,9297.0,18.0,1.0,1.1636559920753435,1.0,2.0,1.0,1.0,9297.0,1000.0
9298.0,1.119009,2.89488428582748E-10,9298.0,18.0,1.0,1.1635308408608809,1.0,2.0,1.0,1.0,9298.0,1000.0
9299.0,1.1191,2.8951197034782857E-10,9299.0,18.0,1.0,1.1634057165635519,1.0,2.0,1.0,1.0,9299.0,1000.0
9300.0,1.119192,2.895357708136243E-10,9300.0,18.0,1.0,1.163280619174674,1.0,2.0,1.0,1.0,9300.0,1000.0
9301.0,1.119285,2.895598299801352E-10,9301.0,18.0,1.0,1.1631555486855683,1.0,2.0,1.0,1.0,9301.0,1000.0
9302.0,1.119377,2.8958363044593093E-10,9302.0,18.0,1.0,1.1630305050875585,1.0,2.0,1.0,1.0,9302.0,1000.0
9303.0,1.119468,2.896071722110115E-10,9303.0,18.0,1.0,1.1629054883719736,1.0,2.0,1.0,1.0,9303.0,1000.0
9304.0,1.119561,2.896312313775224E-10,9304.0,18.0,1.0,1.162780498530145,1.0,2.0,1.0,1.0,9304.0,1000.0
9305.0,1.119652,2.8965477314260295E-10,9305.0,18.0,1.0,1.162655535553409,1.0,2.0,1.0,1.0,9305.0,1000.0
9306.0,1.119742,2.8967805620696833E-10,9306.0,18.0,1.0,1.1625305994331043,1.0,2.0,1.0,1.0,9306.0,1000.0
9307.0,1.119832,2.897013392713337E-10,9307.0,18.0,1.0,1.1624056901605748,1.0,2.0,1.0,1.0,9307.0,1000.0
9308.0,1.119925,2.897253984378446E-10,9308.0,18.0,1.0,1.162280807727167,1.0,2.0,1.0,1.0,9308.0,1000.0
9309.0,1.120015,2.8974868150221E-10,9309.0,18.0,1.0,1.1621559521242313,1.0,2.0,1.0,1.0,9309.0,1000.0
9310.0,1.120105,2.897719645665754E-10,9310.0,18.0,1.0,1.1620311233431224,1.0,2.0,1.0,1.0,9310.0,1000.0
9311.0,1.120198,2.897960237330863E-10,9311.0,18.0,1.0,1.1619063213751981,1.0,2.0,1.0,1.0,9311.0,1000.0
9312.0,1.120292,2.8982034160031237E-10,9312.0,18.0,1.0,1.1617815462118202,1.0,2.0,1.0,1.0,9312.0,1000.0
9313.0,1.120383,2.898438833653929E-10,9313.0,18.0,1.0,1.1616567978443542,1.0,2.0,1.0,1.0,9313.0,1000.0
9314.0,1.120476,2.8986794253190383E-10,9314.0,18.0,1.0,1.161532076264169,1.0,2.0,1.0,1.0,9314.0,1000.0
9315.0,1.120567,2.898914842969844E-10,9315.0,18.0,1.0,1.1614073814626376,1.0,2.0,1.0,1.0,9315.0,1000.0
9316.0,1.120659,2.899152847627801E-10,9316.0,18.0,1.0,1.1612827134311368,1.0,2.0,1.0,1.0,9316.0,1000.0
9317.0,1.120751,2.8993908522857584E-10,9317.0,18.0,1.0,1.1611580721610464,1.0,2.0,1.0,1.0,9317.0,1000.0
9318.0,1.120841,2.8996236829294123E-10,9318.0,18.0,1.0,1.1610334576437509,1.0,2.0,1.0,1.0,9318.0,1000.0
9319.0,1.120932,2.899859100580218E-10,9319.0,18.0,1.0,1.1609088698706373,1.0,2.0,1.0,1.0,9319.0,1000.0
9320.0,1.121023,2.9000945182310234E-10,9320.0,18.0,1.0,1.1607843088330976,1.0,2.0,1.0,1.0,9320.0,1000.0
9321.0,1.121115,2.9003325228889807E-10,9321.0,18.0,1.0,1.1606597745225264,1.0,2.0,1.0,1.0,9321.0,1000.0
9322.0,1.121204,2.900562766525483E-10,9322.0,18.0,1.0,1.1605352669303228,1.0,2.0,1.0,1.0,9322.0,1000.0
9323.0,1.121293,2.900793010161985E-10,9323.0,18.0,1.0,1.1604107860478892,1.0,2.0,1.0,1.0,9323.0,1000.0
9324.0,1.121385,2.901031014819942E-10,9324.0,18.0,1.0,1.1602863318666312,1.0,2.0,1.0,1.0,9324.0,1000.0
9325.0,1.121475,2.901263845463596E-10,9325.0,18.0,1.0,1.1601619043779592,1.0,2.0,1.0,1.0,9325.0,1000.0
9326.0,1.121566,2.9014992631144017E-10,9326.0,18.0,1.0,1.1600375035732864,1.0,2.0,1.0,1.0,9326.0,1000.0
9327.0,1.121655,2.901729506750904E-10,9327.0,18.0,1.0,1.1599131294440301,1.0,2.0,1.0,1.0,9327.0,1000.0
9328.0,1.121748,2.901970098416013E-10,9328.0,18.0,1.0,1.1597887819816113,1.0,2.0,1.0,1.0,9328.0,1000.0
9329.0,1.121839,2.9022055160668184E-10,9329.0,18.0,1.0,1.159664461177454,1.0,2.0,1.0,1.0,9329.0,1000.0
9330.0,1.121929,2.902438346710472E-10,9330.0,18.0,1.0,1.159540167022987,1.0,2.0,1.0,1.0,9330.0,1000.0
9331.0,1.122021,2.9026763513684295E-10,9331.0,18.0,1.0,1.159415899509642,1.0,2.0,1.0,1.0,9331.0,1000.0
9332.0,1.122113,2.902914356026387E-10,9332.0,18.0,1.0,1.1592916586288544,1.0,2.0,1.0,1.0,9332.0,1000.0
9333.0,1.122204,2.9031497736771924E-10,9333.0,18.0,1.0,1.1591674443720636,1.0,2.0,1.0,1.0,9333.0,1000.0
9334.0,1.122293,2.9033800173136945E-10,9334.0,18.0,1.0,1.1590432567307125,1.0,2.0,1.0,1.0,9334.0,1000.0
9335.0,1.122385,2.903618021971652E-10,9335.0,18.0,1.0,1.1589190956962474,1.0,2.0,1.0,1.0,9335.0,1000.0
9336.0,1.122477,2.903856026629609E-10,9336.0,18.0,1.0,1.158794961260119,1.0,2.0,1.0,1.0,9336.0,1000.0
9337.0,1.122568,2.9040914442804147E-10,9337.0,18.0,1.0,1.1586708534137806,1.0,2.0,1.0,1.0,9337.0,1000.0
9338.0,1.122659,2.90432686193122E-10,9338.0,18.0,1.0,1.1585467721486902,1.0,2.0,1.0,1.0,9338.0,1000.0
9339.0,1.12275,2.904562279582026E-10,9339.0,18.0,1.0,1.158422717456309,1.0,2.0,1.0,1.0,9339.0,1000.0
9340.0,1.122841,2.9047976972328314E-10,9340.0,18.0,1.0,1.1582986893281018,1.0,2.0,1.0,1.0,9340.0,1000.0
9341.0,1.122934,2.9050382888979404E-10,9341.0,18.0,1.0,1.1581746877555368,1.0,2.0,1.0,1.0,9341.0,1000.0
9342.0,1.123024,2.905271119541594E-10,9342.0,18.0,1.0,1.1580507127300868,1.0,2.0,1.0,1.0,9342.0,1000.0
9343.0,1.123114,2.905503950185248E-10,9343.0,18.0,1.0,1.157926764243227,1.0,2.0,1.0,1.0,9343.0,1000.0
9344.0,1.123206,2.9057419548432054E-10,9344.0,18.0,1.0,1.1578028422864373,1.0,2.0,1.0,1.0,9344.0,1000.0
9345.0,1.123299,2.9059825465083144E-10,9345.0,18.0,1.0,1.1576789468512005,1.0,2.0,1.0,1.0,9345.0,1000.0
9346.0,1.123389,2.9062153771519683E-10,9346.0,18.0,1.0,1.1575550779290038,1.0,2.0,1.0,1.0,9346.0,1000.0
9347.0,1.12348,2.906450794802774E-10,9347.0,18.0,1.0,1.1574312355113372,1.0,2.0,1.0,1.0,9347.0,1000.0
9348.0,1.123572,2.906688799460731E-10,9348.0,18.0,1.0,1.157307419589695,1.0,2.0,1.0,1.0,9348.0,1000.0
9349.0,1.123664,2.9069268041186884E-10,9349.0,18.0,1.0,1.157183630155575,1.0,2.0,1.0,1.0,9349.0,1000.0
9350.0,1.123754,2.9071596347623423E-10,9350.0,18.0,1.0,1.157059867200478,1.0,2.0,1.0,1.0,9350.0,1000.0
9351.0,1.123846,2.9073976394202996E-10,9351.0,18.0,1.0,1.1569361307159094,1.0,2.0,1.0,1.0,9351.0,1000.0
9352.0,1.123939,2.9076382310854086E-10,9352.0,18.0,1.0,1.1568124206933779,1.0,2.0,1.0,1.0,9352.0,1000.0
9353.0,1.12403,2.907873648736214E-10,9353.0,18.0,1.0,1.1566887371243952,1.0,2.0,1.0,1.0,9353.0,1000.0
9354.0,1.124118,2.9081013053655646E-10,9354.0,18.0,1.0,1.1565650800004779,1.0,2.0,1.0,1.0,9354.0,1000.0
9355.0,1.124209,2.90833672301637E-10,9355.0,18.0,1.0,1.1564414493131447,1.0,2.0,1.0,1.0,9355.0,1000.0
9356.0,1.1243,2.9085721406671757E-10,9356.0,18.0,1.0,1.1563178450539193,1.0,2.0,1.0,1.0,9356.0,1000.0
9357.0,1.12439,2.9088049713108295E-10,9357.0,18.0,1.0,1.1561942672143282,1.0,2.0,1.0,1.0,9357.0,1000.0
9358.0,1.124481,2.909040388961635E-10,9358.0,18.0,1.0,1.1560707157859018,1.0,2.0,1.0,1.0,9358.0,1000.0
9359.0,1.124572,2.9092758066124407E-10,9359.0,18.0,1.0,1.1559471907601742,1.0,2.0,1.0,1.0,9359.0,1000.0
9360.0,1.124662,2.9095086372560945E-10,9360.0,18.0,1.0,1.1558236921286826,1.0,2.0,1.0,1.0,9360.0,1000.0
9361.0,1.124754,2.909746641914052E-10,9361.0,18.0,1.0,1.1557002198829687,1.0,2.0,1.0,1.0,9361.0,1000.0
9362.0,1.124844,2.9099794725577057E-10,9362.0,18.0,1.0,1.155576774014577,1.0,2.0,1.0,1.0,9362.0,1000.0
9363.0,1.124934,2.9102123032013595E-10,9363.0,18.0,1.0,1.155453354515056,1.0,2.0,1.0,1.0,9363.0,1000.0
9364.0,1.125027,2.9104528948664685E-10,9364.0,18.0,1.0,1.1553299613759578,1.0,2.0,1.0,1.0,9364.0,1000.0
9365.0,1.125119,2.910690899524426E-10,9365.0,18.0,1.0,1.1552065945888381,1.0,2.0,1.0,1.0,9365.0,1000.0
9366.0,1.12521,2.9109263171752314E-10,9366.0,18.0,1.0,1.1550832541452563,1.0,2.0,1.0,1.0,9366.0,1000.0
9367.0,1.125301,2.911161734826037E-10,9367.0,18.0,1.0,1.1549599400367747,1.0,2.0,1.0,1.0,9367.0,1000.0
9368.0,1.125393,2.9113997394839943E-10,9368.0,18.0,1.0,1.1548366522549605,1.0,2.0,1.0,1.0,9368.0,1000.0
9369.0,1.125484,2.9116351571348E-10,9369.0,18.0,1.0,1.1547133907913834,1.0,2.0,1.0,1.0,9369.0,1000.0
9370.0,1.125575,2.9118705747856054E-10,9370.0,18.0,1.0,1.1545901556376168,1.0,2.0,1.0,1.0,9370.0,1000.0
9371.0,1.125674,2.912126688493625E-10,9371.0,18.0,1.0,1.1544669467852384,1.0,2.0,1.0,1.0,9371.0,1000.0
9372.0,1.125764,2.9123595191372786E-10,9372.0,18.0,1.0,1.154343764225829,1.0,2.0,1.0,1.0,9372.0,1000.0
9373.0,1.125854,2.9125923497809325E-10,9373.0,18.0,1.0,1.154220607950973,1.0,2.0,1.0,1.0,9373.0,1000.0
9374.0,1.125945,2.912827767431738E-10,9374.0,18.0,1.0,1.1540974779522584,1.0,2.0,1.0,1.0,9374.0,1000.0
9375.0,1.126034,2.91305801106824E-10,9375.0,18.0,1.0,1.1539743742212767,1.0,2.0,1.0,1.0,9375.0,1000.0
9376.0,1.126127,2.913298602733349E-10,9376.0,18.0,1.0,1.1538512967496235,1.0,2.0,1.0,1.0,9376.0,1000.0
9377.0,1.126217,2.913531433377003E-10,9377.0,18.0,1.0,1.1537282455288973,1.0,2.0,1.0,1.0,9377.0,1000.0
9378.0,1.126308,2.9137668510278086E-10,9378.0,18.0,1.0,1.1536052205507006,1.0,2.0,1.0,1.0,9378.0,1000.0
9379.0,1.126398,2.9139996816714624E-10,9379.0,18.0,1.0,1.1534822218066392,1.0,2.0,1.0,1.0,9379.0,1000.0
9380.0,1.126489,2.914235099322268E-10,9380.0,18.0,1.0,1.153359249288323,1.0,2.0,1.0,1.0,9380.0,1000.0
9381.0,1.126581,2.9144731039802253E-10,9381.0,18.0,1.0,1.153236302987365,1.0,2.0,1.0,1.0,9381.0,1000.0
9382.0,1.126671,2.914705934623879E-10,9382.0,18.0,1.0,1.1531133828953815,1.0,2.0,1.0,1.0,9382.0,1000.0
9383.0,1.126762,2.9149413522746847E-10,9383.0,18.0,1.0,1.1529904890039933,1.0,2.0,1.0,1.0,9383.0,1000.0
9384.0,1.126854,2.915179356932642E-10,9384.0,18.0,1.0,1.1528676213048241,1.0,2.0,1.0,1.0,9384.0,1000.0
9385.0,1.126945,2.9154147745834476E-10,9385.0,18.0,1.0,1.1527447797895014,1.0,2.0,1.0,1.0,9385.0,1000.0
9386.0,1.127037,2.915652779241405E-10,9386.0,18.0,1.0,1.1526219644496558,1.0,2.0,1.0,1.0,9386.0,1000.0
9387.0,1.127126,2.915883022877907E-10,9387.0,18.0,1.0,1.1524991752769222,1.0,2.0,1.0,1.0,9387.0,1000.0
9388.0,1.127219,2.916123614543016E-10,9388.0,18.0,1.0,1.1523764122629387,1.0,2.0,1.0,1.0,9388.0,1000.0
9389.0,1.127311,2.9163616192009733E-10,9389.0,18.0,1.0,1.152253675399347,1.0,2.0,1.0,1.0,9389.0,1000.0
9390.0,1.127401,2.916594449844627E-10,9390.0,18.0,1.0,1.1521309646777922,1.0,2.0,1.0,1.0,9390.0,1000.0
9391.0,1.127493,2.9168324545025845E-10,9391.0,18.0,1.0,1.1520082800899234,1.0,2.0,1.0,1.0,9391.0,1000.0
9392.0,1.127585,2.917070459160542E-10,9392.0,18.0,1.0,1.1518856216273925,1.0,2.0,1.0,1.0,9392.0,1000.0
9393.0,1.127676,2.9173058768113473E-10,9393.0,18.0,1.0,1.1517629892818555,1.0,2.0,1.0,1.0,9393.0,1000.0
9394.0,1.127766,2.917538707455001E-10,9394.0,18.0,1.0,1.1516403830449722,1.0,2.0,1.0,1.0,9394.0,1000.0
9395.0,1.127857,2.917774125105807E-10,9395.0,18.0,1.0,1.1515178029084054,1.0,2.0,1.0,1.0,9395.0,1000.0
9396.0,1.127947,2.9180069557494606E-10,9396.0,18.0,1.0,1.1513952488638217,1.0,2.0,1.0,1.0,9396.0,1000.0
9397.0,1.128039,2.918244960407418E-10,9397.0,18.0,1.0,1.1512727209028912,1.0,2.0,1.0,1.0,9397.0,1000.0
9398.0,1.128129,2.918477791051072E-10,9398.0,18.0,1.0,1.1511502190172878,1.0,2.0,1.0,1.0,9398.0,1000.0
9399.0,1.12822,2.9187132087018773E-10,9399.0,18.0,1.0,1.1510277431986882,1.0,2.0,1.0,1.0,9399.0,1000.0
9400.0,1.128313,2.9189538003669863E-10,9400.0,18.0,1.0,1.1509052934387733,1.0,2.0,1.0,1.0,9400.0,1000.0
9401.0,1.128404,2.919189218017792E-10,9401.0,18.0,1.0,1.1507828697292277,1.0,2.0,1.0,1.0,9401.0,1000.0
9402.0,1.128495,2.9194246356685975E-10,9402.0,18.0,1.0,1.150660472061739,1.0,2.0,1.0,1.0,9402.0,1000.0
9403.0,1.128586,2.919660053319403E-10,9403.0,18.0,1.0,1.1505381004279984,1.0,2.0,1.0,1.0,9403.0,1000.0
9404.0,1.128678,2.9198980579773603E-10,9404.0,18.0,1.0,1.1504157548197012,1.0,2.0,1.0,1.0,9404.0,1000.0
9405.0,1.128768,2.920130888621014E-10,9405.0,18.0,1.0,1.1502934352285454,1.0,2.0,1.0,1.0,9405.0,1000.0
9406.0,1.128858,2.920363719264668E-10,9406.0,18.0,1.0,1.1501711416462332,1.0,2.0,1.0,1.0,9406.0,1000.0
9407.0,1.12895,2.9206017239226253E-10,9407.0,18.0,1.0,1.15004887406447,1.0,2.0,1.0,1.0,9407.0,1000.0
9408.0,1.129139,2.9210906682742986E-10,9408.0,18.0,1.0,1.1499266324749648,1.0,2.0,1.0,1.0,9408.0,1000.0
9409.0,1.129312,2.921538220511544E-10,9409.0,18.0,1.0,1.1498044168694304,1.0,2.0,1.0,1.0,9409.0,1000.0
9410.0,1.129439,2.9218667704198114E-10,9410.0,18.0,1.0,1.1496822272395824,1.0,2.0,1.0,1.0,9410.0,1000.0
9411.0,1.12956,2.922179798285168E-10,9411.0,18.0,1.0,1.1495600635771406,1.0,2.0,1.0,1.0,9411.0,1000.0
9412.0,1.129678,2.92248506512907E-10,9412.0,18.0,1.0,1.149437925873828,1.0,2.0,1.0,1.0,9412.0,1000.0
9413.0,1.129806,2.922816202044489E-10,9413.0,18.0,1.0,1.1493158141213715,1.0,2.0,1.0,1.0,9413.0,1000.0
9414.0,1.129929,2.923134403924149E-10,9414.0,18.0,1.0,1.149193728311501,1.0,2.0,1.0,1.0,9414.0,1000.0
9415.0,1.130046,2.923437083760899E-10,9415.0,18.0,1.0,1.14907166843595,1.0,2.0,1.0,1.0,9415.0,1000.0
9416.0,1.130162,2.9237371765904973E-10,9416.0,18.0,1.0,1.148949634486456,1.0,2.0,1.0,1.0,9416.0,1000.0
9417.0,1.130283,2.924050204455854E-10,9417.0,18.0,1.0,1.1488276264547594,1.0,2.0,1.0,1.0,9417.0,1000.0
9418.0,1.130404,2.924363232321211E-10,9418.0,18.0,1.0,1.1487056443326045,1.0,2.0,1.0,1.0,9418.0,1000.0
9419.0,1.130517,2.924655564129354E-10,9419.0,18.0,1.0,1.148583688111739,1.0,2.0,1.0,1.0,9419.0,1000.0
9420.0,1.130633,2.9249556569589523E-10,9420.0,18.0,1.0,1.148461757783914,1.0,2.0,1.0,1.0,9420.0,1000.0
9421.0,1.130751,2.925260923802854E-10,9421.0,18.0,1.0,1.1483398533408842,1.0,2.0,1.0,1.0,9421.0,1000.0
9422.0,1.130867,2.925561016632452E-10,9422.0,18.0,1.0,1.1482179747744077,1.0,2.0,1.0,1.0,9422.0,1000.0
9423.0,1.131,2.9259050885836297E-10,9423.0,18.0,1.0,1.1480961220762465,1.0,2.0,1.0,1.0,9423.0,1000.0
9424.0,1.131119,2.926212942434683E-10,9424.0,18.0,1.0,1.1479742952381653,1.0,2.0,1.0,1.0,9424.0,1000.0
9425.0,1.131236,2.926515622271433E-10,9425.0,18.0,1.0,1.147852494251933,1.0,2.0,1.0,1.0,9425.0,1000.0
9426.0,1.131353,2.926818302108183E-10,9426.0,18.0,1.0,1.147730719109322,1.0,2.0,1.0,1.0,9426.0,1000.0
9427.0,1.131465,2.9271080469091743E-10,9427.0,18.0,1.0,1.1476089698021077,1.0,2.0,1.0,1.0,9427.0,1000.0
9428.0,1.131582,2.9274107267459243E-10,9428.0,18.0,1.0,1.1474872463220693,1.0,2.0,1.0,1.0,9428.0,1000.0
9429.0,1.131701,2.9277185805969777E-10,9429.0,18.0,1.0,1.1473655486609895,1.0,2.0,1.0,1.0,9429.0,1000.0
9430.0,1.131822,2.9280316084623345E-10,9430.0,18.0,1.0,1.1472438768106543,1.0,2.0,1.0,1.0,9430.0,1000.0
9431.0,1.131943,2.9283446363276914E-10,9431.0,18.0,1.0,1.1471222307628532,1.0,2.0,1.0,1.0,9431.0,1000.0
9432.0,1.132057,2.928639555142986E-10,9432.0,18.0,1.0,1.1470006105093797,1.0,2.0,1.0,1.0,9432.0,1000.0
9433.0,1.132175,2.928944821986888E-10,9433.0,18.0,1.0,1.1468790160420301,1.0,2.0,1.0,1.0,9433.0,1000.0
9434.0,1.132291,2.929244914816486E-10,9434.0,18.0,1.0,1.1467574473526043,1.0,2.0,1.0,1.0,9434.0,1000.0
9435.0,1.132406,2.9295424206389325E-10,9435.0,18.0,1.0,1.1466359044329062,1.0,2.0,1.0,1.0,9435.0,1000.0
9436.0,1.132517,2.929829578432772E-10,9436.0,18.0,1.0,1.1465143872747425,1.0,2.0,1.0,1.0,9436.0,1000.0
9437.0,1.132636,2.9301374322838255E-10,9437.0,18.0,1.0,1.1463928958699237,1.0,2.0,1.0,1.0,9437.0,1000.0
9438.0,1.13275,2.9304323510991203E-10,9438.0,18.0,1.0,1.146271430210264,1.0,2.0,1.0,1.0,9438.0,1000.0
9439.0,1.132884,2.9307790100574496E-10,9439.0,18.0,1.0,1.1461499902875802,1.0,2.0,1.0,1.0,9439.0,1000.0
9440.0,1.132998,2.9310739288727443E-10,9440.0,18.0,1.0,1.146028576093694,1.0,2.0,1.0,1.0,9440.0,1000.0
9441.0,1.133115,2.9313766087094943E-10,9441.0,18.0,1.0,1.145907187620429,1.0,2.0,1.0,1.0,9441.0,1000.0
9442.0,1.133227,2.9316663535104856E-10,9442.0,18.0,1.0,1.1457858248596133,1.0,2.0,1.0,1.0,9442.0,1000.0
9443.0,1.133343,2.931966446340084E-10,9443.0,18.0,1.0,1.1456644878030784,1.0,2.0,1.0,1.0,9443.0,1000.0
9444.0,1.133455,2.932256191141075E-10,9444.0,18.0,1.0,1.1455431764426587,1.0,2.0,1.0,1.0,9444.0,1000.0
9445.0,1.133571,2.9325562839706733E-10,9445.0,18.0,1.0,1.1454218907701927,1.0,2.0,1.0,1.0,9445.0,1000.0
9446.0,1.133685,2.932851202785968E-10,9446.0,18.0,1.0,1.1453006307775218,1.0,2.0,1.0,1.0,9446.0,1000.0
9447.0,1.133799,2.933146121601263E-10,9447.0,18.0,1.0,1.145179396456491,1.0,2.0,1.0,1.0,9447.0,1000.0
9448.0,1.133917,2.9334513884451646E-10,9448.0,18.0,1.0,1.145058187798949,1.0,2.0,1.0,1.0,9448.0,1000.0
9449.0,1.134041,2.9337721773319766E-10,9449.0,18.0,1.0,1.1449370047967478,1.0,2.0,1.0,1.0,9449.0,1000.0
9450.0,1.134159,2.934077444175878E-10,9450.0,18.0,1.0,1.144815847441743,1.0,2.0,1.0,1.0,9450.0,1000.0
9451.0,1.134275,2.9343775370054765E-10,9451.0,18.0,1.0,1.144694715725793,1.0,2.0,1.0,1.0,9451.0,1000.0
9452.0,1.134387,2.934667281806468E-10,9452.0,18.0,1.0,1.1445736096407606,1.0,2.0,1.0,1.0,9452.0,1000.0
9453.0,1.134499,2.934957026607459E-10,9453.0,18.0,1.0,1.1444525291785115,1.0,2.0,1.0,1.0,9453.0,1000.0
9454.0,1.134613,2.935251945422754E-10,9454.0,18.0,1.0,1.144331474330915,1.0,2.0,1.0,1.0,9454.0,1000.0
9455.0,1.134747,2.935598604381083E-10,9455.0,18.0,1.0,1.1442104450898434,1.0,2.0,1.0,1.0,9455.0,1000.0
9456.0,1.134861,2.935893523196378E-10,9456.0,18.0,1.0,1.1440894414471732,1.0,2.0,1.0,1.0,9456.0,1000.0
9457.0,1.134988,2.936222073104645E-10,9457.0,18.0,1.0,1.1439684633947838,1.0,2.0,1.0,1.0,9457.0,1000.0
9458.0,1.135108,2.9365325139628503E-10,9458.0,18.0,1.0,1.143847510924558,1.0,2.0,1.0,1.0,9458.0,1000.0
9459.0,1.135223,2.936830019785297E-10,9459.0,18.0,1.0,1.1437265840283826,1.0,2.0,1.0,1.0,9459.0,1000.0
9460.0,1.135335,2.937119764586288E-10,9460.0,18.0,1.0,1.1436056826981469,1.0,2.0,1.0,1.0,9460.0,1000.0
9461.0,1.135454,2.9374276184373415E-10,9461.0,18.0,1.0,1.1434848069257446,1.0,2.0,1.0,1.0,9461.0,1000.0
9462.0,1.135568,2.937722537252636E-10,9462.0,18.0,1.0,1.1433639567030722,1.0,2.0,1.0,1.0,9462.0,1000.0
9463.0,1.135684,2.9380226300822345E-10,9463.0,18.0,1.0,1.14324313202203,1.0,2.0,1.0,1.0,9463.0,1000.0
9464.0,1.135797,2.9383149618903775E-10,9464.0,18.0,1.0,1.1431223328745213,1.0,2.0,1.0,1.0,9464.0,1000.0
9465.0,1.135915,2.938620228734279E-10,9465.0,18.0,1.0,1.1430015592524532,1.0,2.0,1.0,1.0,9465.0,1000.0
9466.0,1.136032,2.938922908571029E-10,9466.0,18.0,1.0,1.142880811147736,1.0,2.0,1.0,1.0,9466.0,1000.0
9467.0,1.136149,2.939225588407779E-10,9467.0,18.0,1.0,1.1427600885522837,1.0,2.0,1.0,1.0,9467.0,1000.0
9468.0,1.136264,2.9395230942302255E-10,9468.0,18.0,1.0,1.1426393914580133,1.0,2.0,1.0,1.0,9468.0,1000.0
9469.0,1.136377,2.9398154260383686E-10,9469.0,18.0,1.0,1.1425187198568454,1.0,2.0,1.0,1.0,9469.0,1000.0
9470.0,1.136492,2.940112931860815E-10,9470.0,18.0,1.0,1.1423980737407042,1.0,2.0,1.0,1.0,9470.0,1000.0
9471.0,1.136629,2.9404673518405996E-10,9471.0,18.0,1.0,1.1422774531015172,1.0,2.0,1.0,1.0,9471.0,1000.0
9472.0,1.136741,2.940757096641591E-10,9472.0,18.0,1.0,1.1421568579312151,1.0,2.0,1.0,1.0,9472.0,1000.0
9473.0,1.136856,2.9410546024640374E-10,9473.0,18.0,1.0,1.1420362882217323,1.0,2.0,1.0,1.0,9473.0,1000.0
9474.0,1.136969,2.9413469342721804E-10,9474.0,18.0,1.0,1.1419157439650063,1.0,2.0,1.0,1.0,9474.0,1000.0
9475.0,1.137082,2.9416392660803234E-10,9475.0,18.0,1.0,1.1417952251529784,1.0,2.0,1.0,1.0,9475.0,1000.0
9476.0,1.137196,2.941934184895618E-10,9476.0,18.0,1.0,1.1416747317775928,1.0,2.0,1.0,1.0,9476.0,1000.0
9477.0,1.137309,2.942226516703761E-10,9477.0,18.0,1.0,1.1415542638307976,1.0,2.0,1.0,1.0,9477.0,1000.0
9478.0,1.137421,2.9425162615047526E-10,9478.0,18.0,1.0,1.141433821304544,1.0,2.0,1.0,1.0,9478.0,1000.0
9479.0,1.137535,2.9428111803200473E-10,9479.0,18.0,1.0,1.1413134041907869,1.0,2.0,1.0,1.0,9479.0,1000.0
9480.0,1.137648,2.9431035121281904E-10,9480.0,18.0,1.0,1.1411930124814842,1.0,2.0,1.0,1.0,9480.0,1000.0
9481.0,1.137766,2.943408778972092E-10,9481.0,18.0,1.0,1.1410726461685972,1.0,2.0,1.0,1.0,9481.0,1000.0
9482.0,1.13788,2.943703697787387E-10,9482.0,18.0,1.0,1.1409523052440909,1.0,2.0,1.0,1.0,9482.0,1000.0
9483.0,1.137995,2.9440012036098333E-10,9483.0,18.0,1.0,1.1408319896999335,1.0,2.0,1.0,1.0,9483.0,1000.0
9484.0,1.138112,2.944303883446583E-10,9484.0,18.0,1.0,1.1407116995280968,1.0,2.0,1.0,1.0,9484.0,1000.0
9485.0,1.138228,2.9446039762761815E-10,9485.0,18.0,1.0,1.1405914347205557,1.0,2.0,1.0,1.0,9485.0,1000.0
9486.0,1.13834,2.944893721077173E-10,9486.0,18.0,1.0,1.1404711952692883,1.0,2.0,1.0,1.0,9486.0,1000.0
9487.0,1.138478,2.9452507280641085E-10,9487.0,18.0,1.0,1.1403509811662769,1.0,2.0,1.0,1.0,9487.0,1000.0
9488.0,1.138601,2.945568929943769E-10,9488.0,18.0,1.0,1.1402307924035064,1.0,2.0,1.0,1.0,9488.0,1000.0
9489.0,1.138717,2.945869022773367E-10,9489.0,18.0,1.0,1.1401106289729654,1.0,2.0,1.0,1.0,9489.0,1000.0
9490.0,1.138834,2.946171702610117E-10,9490.0,18.0,1.0,1.1399904908666458,1.0,2.0,1.0,1.0,9490.0,1000.0
9491.0,1.13896,2.9464976655112324E-10,9491.0,18.0,1.0,1.139870378076543,1.0,2.0,1.0,1.0,9491.0,1000.0
9492.0,1.139077,2.9468003453479824E-10,9492.0,18.0,1.0,1.1397502905946555,1.0,2.0,1.0,1.0,9492.0,1000.0
9493.0,1.139195,2.947105612191884E-10,9493.0,18.0,1.0,1.1396302284129853,1.0,2.0,1.0,1.0,9493.0,1000.0
9494.0,1.139308,2.947397944000027E-10,9494.0,18.0,1.0,1.139510191523538,1.0,2.0,1.0,1.0,9494.0,1000.0
9495.0,1.139424,2.9476980368296253E-10,9495.0,18.0,1.0,1.1393901799183221,1.0,2.0,1.0,1.0,9495.0,1000.0
9496.0,1.139537,2.9479903686377683E-10,9496.0,18.0,1.0,1.13927019358935,1.0,2.0,1.0,1.0,9496.0,1000.0
9497.0,1.139654,2.9482930484745183E-10,9497.0,18.0,1.0,1.1391502325286373,1.0,2.0,1.0,1.0,9497.0,1000.0
9498.0,1.139768,2.948587967289813E-10,9498.0,18.0,1.0,1.1390302967282027,1.0,2.0,1.0,1.0,9498.0,1000.0
9499.0,1.139883,2.9488854731122595E-10,9499.0,18.0,1.0,1.1389103861800685,1.0,2.0,1.0,1.0,9499.0,1000.0
9500.0,1.139997,2.9491803919275543E-10,9500.0,18.0,1.0,1.13879050087626,1.0,2.0,1.0,1.0,9500.0,1000.0
9501.0,1.140112,2.949477897750001E-10,9501.0,18.0,1.0,1.1386706408088063,1.0,2.0,1.0,1.0,9501.0,1000.0
9502.0,1.140245,2.9498219697011784E-10,9502.0,18.0,1.0,1.13855080596974,1.0,2.0,1.0,1.0,9502.0,1000.0
9503.0,1.14036,2.950119475523625E-10,9503.0,18.0,1.0,1.1384309963510966,1.0,2.0,1.0,1.0,9503.0,1000.0
9504.0,1.140473,2.950411807331768E-10,9504.0,18.0,1.0,1.1383112119449148,1.0,2.0,1.0,1.0,9504.0,1000.0
9505.0,1.140588,2.9507093131542144E-10,9505.0,18.0,1.0,1.1381914527432373,1.0,2.0,1.0,1.0,9505.0,1000.0
9506.0,1.140703,2.951006818976661E-10,9506.0,18.0,1.0,1.1380717187381095,1.0,2.0,1.0,1.0,9506.0,1000.0
9507.0,1.140815,2.951296563777652E-10,9507.0,18.0,1.0,1.137952009921581,1.0,2.0,1.0,1.0,9507.0,1000.0
9508.0,1.140928,2.951588895585795E-10,9508.0,18.0,1.0,1.1378323262857035,1.0,2.0,1.0,1.0,9508.0,1000.0
9509.0,1.141044,2.9518889884153934E-10,9509.0,18.0,1.0,1.1377126678225333,1.0,2.0,1.0,1.0,9509.0,1000.0
9510.0,1.141158,2.952183907230688E-10,9510.0,18.0,1.0,1.1375930345241294,1.0,2.0,1.0,1.0,9510.0,1000.0
9511.0,1.141273,2.9524814130531347E-10,9511.0,18.0,1.0,1.1374734263825539,1.0,2.0,1.0,1.0,9511.0,1000.0
9512.0,1.141386,2.952773744861278E-10,9512.0,18.0,1.0,1.1373538433898727,1.0,2.0,1.0,1.0,9512.0,1000.0
9513.0,1.141502,2.953073837690876E-10,9513.0,18.0,1.0,1.1372342855381552,1.0,2.0,1.0,1.0,9513.0,1000.0
9514.0,1.141617,2.9533713435133225E-10,9514.0,18.0,1.0,1.1371147528194734,1.0,2.0,1.0,1.0,9514.0,1000.0
9515.0,1.141732,2.953668849335769E-10,9515.0,18.0,1.0,1.1369952452259033,1.0,2.0,1.0,1.0,9515.0,1000.0
9516.0,1.141845,2.953961181143912E-10,9516.0,18.0,1.0,1.1368757627495238,1.0,2.0,1.0,1.0,9516.0,1000.0
9517.0,1.14196,2.9542586869663585E-10,9517.0,18.0,1.0,1.1367563053824177,1.0,2.0,1.0,1.0,9517.0,1000.0
9518.0,1.1421,2.9546208679675976E-10,9518.0,18.0,1.0,1.1366368731166705,1.0,2.0,1.0,1.0,9518.0,1000.0
9519.0,1.142214,2.9549157867828924E-10,9519.0,18.0,1.0,1.1365174659443713,1.0,2.0,1.0,1.0,9519.0,1000.0
9520.0,1.142327,2.9552081185910354E-10,9520.0,18.0,1.0,1.1363980838576124,1.0,2.0,1.0,1.0,9520.0,1000.0
9521.0,1.142445,2.955513385434937E-10,9521.0,18.0,1.0,1.1362787268484895,1.0,2.0,1.0,1.0,9521.0,1000.0
9522.0,1.142558,2.95580571724308E-10,9522.0,18.0,1.0,1.136159394909102,1.0,2.0,1.0,1.0,9522.0,1000.0
9523.0,1.142672,2.956100636058375E-10,9523.0,18.0,1.0,1.136040088031552,1.0,2.0,1.0,1.0,9523.0,1000.0
9524.0,1.142784,2.956390380859366E-10,9524.0,18.0,1.0,1.135920806207945,1.0,2.0,1.0,1.0,9524.0,1000.0
9525.0,1.142899,2.9566878866818127E-10,9525.0,18.0,1.0,1.1358015494303906,1.0,2.0,1.0,1.0,9525.0,1000.0
9526.0,1.143012,2.956980218489956E-10,9526.0,18.0,1.0,1.1356823176910005,1.0,2.0,1.0,1.0,9526.0,1000.0
9527.0,1.143126,2.9572751373052505E-10,9527.0,18.0,1.0,1.1355631109818904,1.0,2.0,1.0,1.0,9527.0,1000.0
9528.0,1.143238,2.957564882106242E-10,9528.0,18.0,1.0,1.1354439292951795,1.0,2.0,1.0,1.0,9528.0,1000.0
9529.0,1.143354,2.95786497493584E-10,9529.0,18.0,1.0,1.1353247726229898,1.0,2.0,1.0,1.0,9529.0,1000.0
9530.0,1.143474,2.958175415794045E-10,9530.0,18.0,1.0,1.135205640957447,1.0,2.0,1.0,1.0,9530.0,1000.0
9531.0,1.143589,2.9584729216164917E-10,9531.0,18.0,1.0,1.13508653429068,1.0,2.0,1.0,1.0,9531.0,1000.0
9532.0,1.1437,2.958760079410331E-10,9532.0,18.0,1.0,1.1349674526148206,1.0,2.0,1.0,1.0,9532.0,1000.0
9533.0,1.143813,2.9590524112184743E-10,9533.0,18.0,1.0,1.1348483959220046,1.0,2.0,1.0,1.0,9533.0,1000.0
9534.0,1.143947,2.9593990701768036E-10,9534.0,18.0,1.0,1.1347293642043705,1.0,2.0,1.0,1.0,9534.0,1000.0
9535.0,1.144061,2.9596939889920983E-10,9535.0,18.0,1.0,1.1346103574540607,1.0,2.0,1.0,1.0,9535.0,1000.0
9536.0,1.144174,2.9599863208002414E-10,9536.0,18.0,1.0,1.1344913756632204,1.0,2.0,1.0,1.0,9536.0,1000.0
9537.0,1.144288,2.960281239615536E-10,9537.0,18.0,1.0,1.134372418823998,1.0,2.0,1.0,1.0,9537.0,1000.0
9538.0,1.144401,2.960573571423679E-10,9538.0,18.0,1.0,1.1342534869285459,1.0,2.0,1.0,1.0,9538.0,1000.0
9539.0,1.144517,2.9608736642532774E-10,9539.0,18.0,1.0,1.1341345799690188,1.0,2.0,1.0,1.0,9539.0,1000.0
9540.0,1.144632,2.961171170075724E-10,9540.0,18.0,1.0,1.1340156979375755,1.0,2.0,1.0,1.0,9540.0,1000.0
9541.0,1.144747,2.9614686758981704E-10,9541.0,18.0,1.0,1.1338968408263776,1.0,2.0,1.0,1.0,9541.0,1000.0
9542.0,1.144864,2.9617713557349203E-10,9542.0,18.0,1.0,1.1337780086275906,1.0,2.0,1.0,1.0,9542.0,1000.0
9543.0,1.144986,2.962086970607429E-10,9543.0,18.0,1.0,1.1336592013333826,1.0,2.0,1.0,1.0,9543.0,1000.0
9544.0,1.145101,2.9623844764298754E-10,9544.0,18.0,1.0,1.133540418935925,1.0,2.0,1.0,1.0,9544.0,1000.0
9545.0,1.145216,2.962681982252322E-10,9545.0,18.0,1.0,1.1334216614273933,1.0,2.0,1.0,1.0,9545.0,1000.0
9546.0,1.145336,2.962992423110527E-10,9546.0,18.0,1.0,1.1333029287999654,1.0,2.0,1.0,1.0,9546.0,1000.0
9547.0,1.145454,2.9632976899544287E-10,9547.0,18.0,1.0,1.1331842210458227,1.0,2.0,1.0,1.0,9547.0,1000.0
9548.0,1.145567,2.9635900217625717E-10,9548.0,18.0,1.0,1.1330655381571502,1.0,2.0,1.0,1.0,9548.0,1000.0
9549.0,1.14568,2.963882353570715E-10,9549.0,18.0,1.0,1.1329468801261358,1.0,2.0,1.0,1.0,9549.0,1000.0
9550.0,1.145816,2.9642341865433475E-10,9550.0,18.0,1.0,1.1328282469449706,1.0,2.0,1.0,1.0,9550.0,1000.0
9551.0,1.145933,2.9645368663800975E-10,9551.0,18.0,1.0,1.1327096386058497,1.0,2.0,1.0,1.0,9551.0,1000.0
9552.0,1.146047,2.964831785195392E-10,9552.0,18.0,1.0,1.1325910551009704,1.0,2.0,1.0,1.0,9552.0,1000.0
9553.0,1.14616,2.9651241170035353E-10,9553.0,18.0,1.0,1.1324724964225343,1.0,2.0,1.0,1.0,9553.0,1000.0
9554.0,1.146277,2.965426796840285E-10,9554.0,18.0,1.0,1.1323539625627455,1.0,2.0,1.0,1.0,9554.0,1000.0
9555.0,1.14639,2.9657191286484283E-10,9555.0,18.0,1.0,1.1322354535138115,1.0,2.0,1.0,1.0,9555.0,1000.0
9556.0,1.146504,2.966014047463723E-10,9556.0,18.0,1.0,1.1321169692679436,1.0,2.0,1.0,1.0,9556.0,1000.0
9557.0,1.146619,2.9663115532861695E-10,9557.0,18.0,1.0,1.1319985098173557,1.0,2.0,1.0,1.0,9557.0,1000.0
9558.0,1.146733,2.9666064721014643E-10,9558.0,18.0,1.0,1.1318800751542655,1.0,2.0,1.0,1.0,9558.0,1000.0
9559.0,1.146848,2.966903977923911E-10,9559.0,18.0,1.0,1.1317616652708933,1.0,2.0,1.0,1.0,9559.0,1000.0
9560.0,1.146958,2.9671885487105986E-10,9560.0,18.0,1.0,1.1316432801594634,1.0,2.0,1.0,1.0,9560.0,1000.0
9561.0,1.147073,2.967486054533045E-10,9561.0,18.0,1.0,1.1315249198122026,1.0,2.0,1.0,1.0,9561.0,1000.0
9562.0,1.147188,2.9677835603554916E-10,9562.0,18.0,1.0,1.1314065842213417,1.0,2.0,1.0,1.0,9562.0,1000.0
9563.0,1.147304,2.96808365318509E-10,9563.0,18.0,1.0,1.1312882733791143,1.0,2.0,1.0,1.0,9563.0,1000.0
9564.0,1.147419,2.9683811590075363E-10,9564.0,18.0,1.0,1.1311699872777572,1.0,2.0,1.0,1.0,9564.0,1000.0
9565.0,1.147534,2.968678664829983E-10,9565.0,18.0,1.0,1.1310517259095108,1.0,2.0,1.0,1.0,9565.0,1000.0
9566.0,1.147666,2.9690201497740087E-10,9566.0,18.0,1.0,1.1309334892666183,1.0,2.0,1.0,1.0,9566.0,1000.0
9567.0,1.147782,2.969320242603607E-10,9567.0,18.0,1.0,1.1308152773413265,1.0,2.0,1.0,1.0,9567.0,1000.0
9568.0,1.147893,2.9696074003974465E-10,9568.0,18.0,1.0,1.1306970901258853,1.0,2.0,1.0,1.0,9568.0,1000.0
9569.0,1.148018,2.96993077629141E-10,9569.0,18.0,1.0,1.1305789276125477,1.0,2.0,1.0,1.0,9569.0,1000.0
9570.0,1.148137,2.9702386301424636E-10,9570.0,18.0,1.0,1.1304607897935706,1.0,2.0,1.0,1.0,9570.0,1000.0
9571.0,1.148253,2.970538722972062E-10,9571.0,18.0,1.0,1.130342676661213,1.0,2.0,1.0,1.0,9571.0,1000.0
9572.0,1.14837,2.970841402808812E-10,9572.0,18.0,1.0,1.1302245882077382,1.0,2.0,1.0,1.0,9572.0,1000.0
9573.0,1.148483,2.971133734616955E-10,9573.0,18.0,1.0,1.130106524425412,1.0,2.0,1.0,1.0,9573.0,1000.0
9574.0,1.148604,2.9714467624823117E-10,9574.0,18.0,1.0,1.129988485306504,1.0,2.0,1.0,1.0,9574.0,1000.0
9575.0,1.148718,2.9717416812976065E-10,9575.0,18.0,1.0,1.1298704708432867,1.0,2.0,1.0,1.0,9575.0,1000.0
9576.0,1.148833,2.972039187120053E-10,9576.0,18.0,1.0,1.1297524810280357,1.0,2.0,1.0,1.0,9576.0,1000.0
9577.0,1.148945,2.972328931921044E-10,9577.0,18.0,1.0,1.12963451585303,1.0,2.0,1.0,1.0,9577.0,1000.0
9578.0,1.149068,2.9726471338007046E-10,9578.0,18.0,1.0,1.1295165753105523,1.0,2.0,1.0,1.0,9578.0,1000.0
9579.0,1.14918,2.972936878601696E-10,9579.0,18.0,1.0,1.1293986593928875,1.0,2.0,1.0,1.0,9579.0,1000.0
9580.0,1.149295,2.9732343844241424E-10,9580.0,18.0,1.0,1.1292807680923247,1.0,2.0,1.0,1.0,9580.0,1000.0
9581.0,1.149427,2.973575869368168E-10,9581.0,18.0,1.0,1.1291629014011553,1.0,2.0,1.0,1.0,9581.0,1000.0
9582.0,1.149541,2.973870788183463E-10,9582.0,18.0,1.0,1.129045059311675,1.0,2.0,1.0,1.0,9582.0,1000.0
9583.0,1.149654,2.974163119991606E-10,9583.0,18.0,1.0,1.1289272418161818,1.0,2.0,1.0,1.0,9583.0,1000.0
9584.0,1.149769,2.9744606258140525E-10,9584.0,18.0,1.0,1.1288094489069773,1.0,2.0,1.0,1.0,9584.0,1000.0
9585.0,1.14988,2.974747783607892E-10,9585.0,18.0,1.0,1.1286916805763663,1.0,2.0,1.0,1.0,9585.0,1000.0
9586.0,1.149996,2.9750478764374903E-10,9586.0,18.0,1.0,1.1285739368166565,1.0,2.0,1.0,1.0,9586.0,1000.0
9587.0,1.150109,2.9753402082456334E-10,9587.0,18.0,1.0,1.1284562176201596,1.0,2.0,1.0,1.0,9587.0,1000.0
9588.0,1.15023,2.97565323611099E-10,9588.0,18.0,1.0,1.1283385229791896,1.0,2.0,1.0,1.0,9588.0,1000.0
9589.0,1.150345,2.9759507419334367E-10,9589.0,18.0,1.0,1.1282208528860642,1.0,2.0,1.0,1.0,9589.0,1000.0
9590.0,1.150463,2.9762560087773384E-10,9590.0,18.0,1.0,1.1281032073331043,1.0,2.0,1.0,1.0,9590.0,1000.0
9591.0,1.150579,2.9765561016069366E-10,9591.0,18.0,1.0,1.1279855863126338,1.0,2.0,1.0,1.0,9591.0,1000.0
9592.0,1.150702,2.976874303486597E-10,9592.0,18.0,1.0,1.1278679898169797,1.0,2.0,1.0,1.0,9592.0,1000.0
9593.0,1.150818,2.977174396316195E-10,9593.0,18.0,1.0,1.1277504178384727,1.0,2.0,1.0,1.0,9593.0,1000.0
9594.0,1.150939,2.977487424181552E-10,9594.0,18.0,1.0,1.1276328703694465,1.0,2.0,1.0,1.0,9594.0,1000.0
9595.0,1.151053,2.9777823429968467E-10,9595.0,18.0,1.0,1.1275153474022377,1.0,2.0,1.0,1.0,9595.0,1000.0
9596.0,1.151172,2.9780901968479E-10,9596.0,18.0,1.0,1.127397848929186,1.0,2.0,1.0,1.0,9596.0,1000.0
9597.0,1.151308,2.978442029820533E-10,9597.0,18.0,1.0,1.1272803749426352,1.0,2.0,1.0,1.0,9597.0,1000.0
9598.0,1.151424,2.978742122650131E-10,9598.0,18.0,1.0,1.1271629254349311,1.0,2.0,1.0,1.0,9598.0,1000.0
9599.0,1.151541,2.979044802486881E-10,9599.0,18.0,1.0,1.1270455003984237,1.0,2.0,1.0,1.0,9599.0,1000.0
9600.0,1.151658,2.979347482323631E-10,9600.0,18.0,1.0,1.1269280998254656,1.0,2.0,1.0,1.0,9600.0,1000.0
9601.0,1.151773,2.9796449881460775E-10,9601.0,18.0,1.0,1.1268107237084126,1.0,2.0,1.0,1.0,9601.0,1000.0
9602.0,1.151889,2.9799450809756757E-10,9602.0,18.0,1.0,1.126693372039624,1.0,2.0,1.0,1.0,9602.0,1000.0
9603.0,1.152,2.9802322387695153E-10,9603.0,18.0,1.0,1.1265760448114621,1.0,2.0,1.0,1.0,9603.0,1000.0
9604.0,1.152114,2.98052715758481E-10,9604.0,18.0,1.0,1.1264587420162921,1.0,2.0,1.0,1.0,9604.0,1000.0
9605.0,1.152227,2.980819489392953E-10,9605.0,18.0,1.0,1.126341463646483,1.0,2.0,1.0,1.0,9605.0,1000.0
9606.0,1.152339,2.9811092341939444E-10,9606.0,18.0,1.0,1.1262242096944066,1.0,2.0,1.0,1.0,9606.0,1000.0
9607.0,1.152453,2.981404153009239E-10,9607.0,18.0,1.0,1.1261069801524377,1.0,2.0,1.0,1.0,9607.0,1000.0
9608.0,1.152566,2.981696484817382E-10,9608.0,18.0,1.0,1.1259897750129548,1.0,2.0,1.0,1.0,9608.0,1000.0
9609.0,1.15268,2.981991403632677E-10,9609.0,18.0,1.0,1.125872594268339,1.0,2.0,1.0,1.0,9609.0,1000.0
9610.0,1.1528,2.982301844490882E-10,9610.0,18.0,1.0,1.125755437910975,1.0,2.0,1.0,1.0,9610.0,1000.0
9611.0,1.152914,2.982596763306177E-10,9611.0,18.0,1.0,1.1256383059332504,1.0,2.0,1.0,1.0,9611.0,1000.0
9612.0,1.153028,2.9828916821214716E-10,9612.0,18.0,1.0,1.1255211983275561,1.0,2.0,1.0,1.0,9612.0,1000.0
9613.0,1.153158,2.983227993051194E-10,9613.0,18.0,1.0,1.1254041150862863,1.0,2.0,1.0,1.0,9613.0,1000.0
9614.0,1.153275,2.983530672887944E-10,9614.0,18.0,1.0,1.125287056201838,1.0,2.0,1.0,1.0,9614.0,1000.0
9615.0,1.153388,2.983823004696087E-10,9615.0,18.0,1.0,1.1251700216666116,1.0,2.0,1.0,1.0,9615.0,1000.0
9616.0,1.153504,2.984123097525685E-10,9616.0,18.0,1.0,1.1250530114730106,1.0,2.0,1.0,1.0,9616.0,1000.0
9617.0,1.153616,2.9844128423266765E-10,9617.0,18.0,1.0,1.1249360256134417,1.0,2.0,1.0,1.0,9617.0,1000.0
9618.0,1.15373,2.9847077611419713E-10,9618.0,18.0,1.0,1.124819064080315,1.0,2.0,1.0,1.0,9618.0,1000.0
9619.0,1.153842,2.9849975059429626E-10,9619.0,18.0,1.0,1.1247021268660433,1.0,2.0,1.0,1.0,9619.0,1000.0
9620.0,1.153956,2.9852924247582574E-10,9620.0,18.0,1.0,1.1245852139630426,1.0,2.0,1.0,1.0,9620.0,1000.0
9621.0,1.154071,2.985589930580704E-10,9621.0,18.0,1.0,1.1244683253637324,1.0,2.0,1.0,1.0,9621.0,1000.0
9622.0,1.154185,2.9858848493959986E-10,9622.0,18.0,1.0,1.1243514610605352,1.0,2.0,1.0,1.0,9622.0,1000.0
9623.0,1.154296,2.986172007189838E-10,9623.0,18.0,1.0,1.1242346210458765,1.0,2.0,1.0,1.0,9623.0,1000.0
9624.0,1.15441,2.986466926005133E-10,9624.0,18.0,1.0,1.1241178053121852,1.0,2.0,1.0,1.0,9624.0,1000.0
9625.0,1.154523,2.986759257813276E-10,9625.0,18.0,1.0,1.124001013851893,1.0,2.0,1.0,1.0,9625.0,1000.0
9626.0,1.154638,2.9870567636357225E-10,9626.0,18.0,1.0,1.123884246657435,1.0,2.0,1.0,1.0,9626.0,1000.0
9627.0,1.154749,2.987343921429562E-10,9627.0,18.0,1.0,1.1237675037212496,1.0,2.0,1.0,1.0,9627.0,1000.0
9628.0,1.154863,2.987638840244857E-10,9628.0,18.0,1.0,1.123650785035778,1.0,2.0,1.0,1.0,9628.0,1000.0
9629.0,1.154995,2.9879803251888827E-10,9629.0,18.0,1.0,1.1235340905934645,1.0,2.0,1.0,1.0,9629.0,1000.0
9630.0,1.155108,2.988272656997026E-10,9630.0,18.0,1.0,1.123417420386757,1.0,2.0,1.0,1.0,9630.0,1000.0
9631.0,1.155224,2.988572749826624E-10,9631.0,18.0,1.0,1.123300774408106,1.0,2.0,1.0,1.0,9631.0,1000.0
9632.0,1.155339,2.9888702556490705E-10,9632.0,18.0,1.0,1.1231841526499657,1.0,2.0,1.0,1.0,9632.0,1000.0
9633.0,1.15545,2.98915741344291E-10,9633.0,18.0,1.0,1.1230675551047928,1.0,2.0,1.0,1.0,9633.0,1000.0
9634.0,1.155566,2.9894575062725083E-10,9634.0,18.0,1.0,1.1229509817650478,1.0,2.0,1.0,1.0,9634.0,1000.0
9635.0,1.155678,2.9897472510734996E-10,9635.0,18.0,1.0,1.1228344326231936,1.0,2.0,1.0,1.0,9635.0,1000.0
9636.0,1.155792,2.9900421698887944E-10,9636.0,18.0,1.0,1.1227179076716967,1.0,2.0,1.0,1.0,9636.0,1000.0
9637.0,1.155904,2.9903319146897857E-10,9637.0,18.0,1.0,1.1226014069030268,1.0,2.0,1.0,1.0,9637.0,1000.0
9638.0,1.156019,2.990629420512232E-10,9638.0,18.0,1.0,1.1224849303096565,1.0,2.0,1.0,1.0,9638.0,1000.0
9639.0,1.156134,2.9909269263346786E-10,9639.0,18.0,1.0,1.1223684778840617,1.0,2.0,1.0,1.0,9639.0,1000.0
9640.0,1.156248,2.9912218451499734E-10,9640.0,18.0,1.0,1.122252049618721,1.0,2.0,1.0,1.0,9640.0,1000.0
9641.0,1.156364,2.9915219379795716E-10,9641.0,18.0,1.0,1.1221356455061164,1.0,2.0,1.0,1.0,9641.0,1000.0
9642.0,1.156479,2.991819443802018E-10,9642.0,18.0,1.0,1.1220192655387335,1.0,2.0,1.0,1.0,9642.0,1000.0
9643.0,1.156595,2.9921195366316163E-10,9643.0,18.0,1.0,1.1219029097090605,1.0,2.0,1.0,1.0,9643.0,1000.0
9644.0,1.156713,2.992424803475518E-10,9644.0,18.0,1.0,1.1217865780095884,1.0,2.0,1.0,1.0,9644.0,1000.0
9645.0,1.15685,2.9927792234553025E-10,9645.0,18.0,1.0,1.1216702704328119,1.0,2.0,1.0,1.0,9645.0,1000.0
9646.0,1.156965,2.993076729277749E-10,9646.0,18.0,1.0,1.1215539869712285,1.0,2.0,1.0,1.0,9646.0,1000.0
9647.0,1.157079,2.993371648093044E-10,9647.0,18.0,1.0,1.121437727617339,1.0,2.0,1.0,1.0,9647.0,1000.0
9648.0,1.157194,2.99366915391549E-10,9648.0,18.0,1.0,1.1213214923636474,1.0,2.0,1.0,1.0,9648.0,1000.0
9649.0,1.157306,2.9939588987164816E-10,9649.0,18.0,1.0,1.1212052812026603,1.0,2.0,1.0,1.0,9649.0,1000.0
9650.0,1.15742,2.9942538175317763E-10,9650.0,18.0,1.0,1.121089094126888,1.0,2.0,1.0,1.0,9650.0,1000.0
9651.0,1.157536,2.9945539103613745E-10,9651.0,18.0,1.0,1.1209729311288437,1.0,2.0,1.0,1.0,9651.0,1000.0
9652.0,1.15765,2.9948488291766693E-10,9652.0,18.0,1.0,1.1208567922010433,1.0,2.0,1.0,1.0,9652.0,1000.0
9653.0,1.157763,2.9951411609848123E-10,9653.0,18.0,1.0,1.1207406773360065,1.0,2.0,1.0,1.0,9653.0,1000.0
9654.0,1.157876,2.9954334927929554E-10,9654.0,18.0,1.0,1.1206245865262554,1.0,2.0,1.0,1.0,9654.0,1000.0
9655.0,1.157988,2.9957232375939467E-10,9655.0,18.0,1.0,1.1205085197643159,1.0,2.0,1.0,1.0,9655.0,1000.0
9656.0,1.158103,2.996020743416393E-10,9656.0,18.0,1.0,1.1203924770427165,1.0,2.0,1.0,1.0,9656.0,1000.0
9657.0,1.158216,2.996313075224536E-10,9657.0,18.0,1.0,1.1202764583539888,1.0,2.0,1.0,1.0,9657.0,1000.0
9658.0,1.15833,2.996607994039831E-10,9658.0,18.0,1.0,1.120160463690668,1.0,2.0,1.0,1.0,9658.0,1000.0
9659.0,1.158444,2.996902912855126E-10,9659.0,18.0,1.0,1.1200444930452913,1.0,2.0,1.0,1.0,9659.0,1000.0
9660.0,1.158574,2.997239223784848E-10,9660.0,18.0,1.0,1.1199285464104005,1.0,2.0,1.0,1.0,9660.0,1000.0
9661.0,1.158688,2.997534142600143E-10,9661.0,18.0,1.0,1.1198126237785395,1.0,2.0,1.0,1.0,9661.0,1000.0
9662.0,1.1588,2.997823887401134E-10,9662.0,18.0,1.0,1.1196967251422552,1.0,2.0,1.0,1.0,9662.0,1000.0
9663.0,1.158913,2.9981162192092773E-10,9663.0,18.0,1.0,1.119580850494098,1.0,2.0,1.0,1.0,9663.0,1000.0
9664.0,1.159027,2.998411138024572E-10,9664.0,18.0,1.0,1.1194649998266215,1.0,2.0,1.0,1.0,9664.0,1000.0
9665.0,1.159143,2.99871123085417E-10,9665.0,18.0,1.0,1.1193491731323817,1.0,2.0,1.0,1.0,9665.0,1000.0
9666.0,1.159258,2.999008736676617E-10,9666.0,18.0,1.0,1.1192333704039386,1.0,2.0,1.0,1.0,9666.0,1000.0
9667.0,1.15937,2.999298481477608E-10,9667.0,18.0,1.0,1.1191175916338543,1.0,2.0,1.0,1.0,9667.0,1000.0
9668.0,1.159485,2.9995959873000545E-10,9668.0,18.0,1.0,1.1190018368146948,1.0,2.0,1.0,1.0,9668.0,1000.0
9669.0,1.159596,2.999883145093894E-10,9669.0,18.0,1.0,1.118886105939029,1.0,2.0,1.0,1.0,9669.0,1000.0
9670.0,1.15971,3.000178063909189E-10,9670.0,18.0,1.0,1.118770398999428,1.0,2.0,1.0,1.0,9670.0,1000.0
9671.0,1.159826,3.000478156738787E-10,9671.0,18.0,1.0,1.1186547159884674,1.0,2.0,1.0,1.0,9671.0,1000.0
9672.0,1.15994,3.000773075554082E-10,9672.0,18.0,1.0,1.1185390568987252,1.0,2.0,1.0,1.0,9672.0,1000.0
9673.0,1.160054,3.0010679943693767E-10,9673.0,18.0,1.0,1.118423421722782,1.0,2.0,1.0,1.0,9673.0,1000.0
9674.0,1.160167,3.0013603261775197E-10,9674.0,18.0,1.0,1.118307810453222,1.0,2.0,1.0,1.0,9674.0,1000.0
9675.0,1.160279,3.001650070978511E-10,9675.0,18.0,1.0,1.1181922230826324,1.0,2.0,1.0,1.0,9675.0,1000.0
9676.0,1.16041,3.001988968915385E-10,9676.0,18.0,1.0,1.1180766596036038,1.0,2.0,1.0,1.0,9676.0,1000.0
9677.0,1.16052,3.002273539702073E-10,9677.0,18.0,1.0,1.117961120008729,1.0,2.0,1.0,1.0,9677.0,1000.0
9678.0,1.160634,3.002568458517368E-10,9678.0,18.0,1.0,1.1178456042906044,1.0,2.0,1.0,1.0,9678.0,1000.0
9679.0,1.160748,3.0028633773326625E-10,9679.0,18.0,1.0,1.1177301124418297,1.0,2.0,1.0,1.0,9679.0,1000.0
9680.0,1.160862,3.0031582961479573E-10,9680.0,18.0,1.0,1.1176146444550072,1.0,2.0,1.0,1.0,9680.0,1000.0
9681.0,1.160975,3.0034506279561003E-10,9681.0,18.0,1.0,1.1174992003227424,1.0,2.0,1.0,1.0,9681.0,1000.0
9682.0,1.161087,3.0037403727570916E-10,9682.0,18.0,1.0,1.117383780037644,1.0,2.0,1.0,1.0,9682.0,1000.0
9683.0,1.1612,3.0040327045652347E-10,9683.0,18.0,1.0,1.1172683835923236,1.0,2.0,1.0,1.0,9683.0,1000.0
9684.0,1.161313,3.0043250363733777E-10,9684.0,18.0,1.0,1.117153010979396,1.0,2.0,1.0,1.0,9684.0,1000.0
9685.0,1.161426,3.004617368181521E-10,9685.0,18.0,1.0,1.1170376621914786,1.0,2.0,1.0,1.0,9685.0,1000.0
9686.0,1.161539,3.004909699989664E-10,9686.0,18.0,1.0,1.1169223372211925,1.0,2.0,1.0,1.0,9686.0,1000.0
9687.0,1.161655,3.005209792819262E-10,9687.0,18.0,1.0,1.1168070360611613,1.0,2.0,1.0,1.0,9687.0,1000.0
9688.0,1.161767,3.0054995376202533E-10,9688.0,18.0,1.0,1.1166917587040122,1.0,2.0,1.0,1.0,9688.0,1000.0
9689.0,1.16188,3.0057918694283964E-10,9689.0,18.0,1.0,1.1165765051423748,1.0,2.0,1.0,1.0,9689.0,1000.0
9690.0,1.161994,3.006086788243691E-10,9690.0,18.0,1.0,1.1164612753688823,1.0,2.0,1.0,1.0,9690.0,1000.0
9691.0,1.162116,3.0064024031161997E-10,9691.0,18.0,1.0,1.1163460693761706,1.0,2.0,1.0,1.0,9691.0,1000.0
9692.0,1.162251,3.0067516490816807E-10,9692.0,18.0,1.0,1.116230887156879,1.0,2.0,1.0,1.0,9692.0,1000.0
9693.0,1.162363,3.007041393882672E-10,9693.0,18.0,1.0,1.116115728703649,1.0,2.0,1.0,1.0,9693.0,1000.0
9694.0,1.162473,3.00732596466936E-10,9694.0,18.0,1.0,1.1160005940091262,1.0,2.0,1.0,1.0,9694.0,1000.0
9695.0,1.162588,3.0076234704918064E-10,9695.0,18.0,1.0,1.1158854830659588,1.0,2.0,1.0,1.0,9695.0,1000.0
9696.0,1.162702,3.007918389307101E-10,9696.0,18.0,1.0,1.1157703958667977,1.0,2.0,1.0,1.0,9696.0,1000.0
9697.0,1.162814,3.0082081341080925E-10,9697.0,18.0,1.0,1.1156553324042973,1.0,2.0,1.0,1.0,9697.0,1000.0
9698.0,1.162927,3.0085004659162355E-10,9698.0,18.0,1.0,1.1155402926711147,1.0,2.0,1.0,1.0,9698.0,1000.0
9699.0,1.163043,3.0088005587458337E-10,9699.0,18.0,1.0,1.1154252766599102,1.0,2.0,1.0,1.0,9699.0,1000.0
9700.0,1.163159,3.009100651575432E-10,9700.0,18.0,1.0,1.1153102843633473,1.0,2.0,1.0,1.0,9700.0,1000.0
9701.0,1.163277,3.0094059184193336E-10,9701.0,18.0,1.0,1.1151953157740924,1.0,2.0,1.0,1.0,9701.0,1000.0
9702.0,1.163393,3.009706011248932E-10,9702.0,18.0,1.0,1.1150803708848145,1.0,2.0,1.0,1.0,9702.0,1000.0
9703.0,1.163509,3.01000610407853E-10,9703.0,18.0,1.0,1.114965449688186,1.0,2.0,1.0,1.0,9703.0,1000.0
9704.0,1.163624,3.0103036099009765E-10,9704.0,18.0,1.0,1.1148505521768828,1.0,2.0,1.0,1.0,9704.0,1000.0
9705.0,1.16374,3.010603702730575E-10,9705.0,18.0,1.0,1.1147356783435827,1.0,2.0,1.0,1.0,9705.0,1000.0
9706.0,1.163855,3.010901208553021E-10,9706.0,18.0,1.0,1.1146208281809673,1.0,2.0,1.0,1.0,9706.0,1000.0
9707.0,1.163974,3.0112090624040747E-10,9707.0,18.0,1.0,1.1145060016817214,1.0,2.0,1.0,1.0,9707.0,1000.0
9708.0,1.164114,3.011571243405314E-10,9708.0,18.0,1.0,1.114391198838532,1.0,2.0,1.0,1.0,9708.0,1000.0
9709.0,1.164229,3.0118687492277603E-10,9709.0,18.0,1.0,1.11427641964409,1.0,2.0,1.0,1.0,9709.0,1000.0
9710.0,1.164341,3.0121584940287516E-10,9710.0,18.0,1.0,1.1141616640910885,1.0,2.0,1.0,1.0,9710.0,1000.0
9711.0,1.16446,3.012466347879805E-10,9711.0,18.0,1.0,1.1140469321722242,1.0,2.0,1.0,1.0,9711.0,1000.0
9712.0,1.164575,3.0127638537022515E-10,9712.0,18.0,1.0,1.1139322238801965,1.0,2.0,1.0,1.0,9712.0,1000.0
9713.0,1.164692,3.0130665335390014E-10,9713.0,18.0,1.0,1.113817539207708,1.0,2.0,1.0,1.0,9713.0,1000.0
9714.0,1.164806,3.013361452354296E-10,9714.0,18.0,1.0,1.1137028781474645,1.0,2.0,1.0,1.0,9714.0,1000.0
9715.0,1.164905,3.0136175660623156E-10,9715.0,18.0,1.0,1.113588240692174,1.0,2.0,1.0,1.0,9715.0,1000.0
9716.0,1.164995,3.0138503967059694E-10,9716.0,18.0,1.0,1.1134736268345482,1.0,2.0,1.0,1.0,9716.0,1000.0
9717.0,1.165086,3.014085814356775E-10,9717.0,18.0,1.0,1.1133590365673016,1.0,2.0,1.0,1.0,9717.0,1000.0
9718.0,1.165176,3.014318645000429E-10,9718.0,18.0,1.0,1.1132444698831518,1.0,2.0,1.0,1.0,9718.0,1000.0
9719.0,1.165268,3.014556649658386E-10,9719.0,18.0,1.0,1.1131299267748194,1.0,2.0,1.0,1.0,9719.0,1000.0
9720.0,1.165359,3.0147920673091917E-10,9720.0,18.0,1.0,1.1130154072350278,1.0,2.0,1.0,1.0,9720.0,1000.0
9721.0,1.16545,3.0150274849599973E-10,9721.0,18.0,1.0,1.1129009112565034,1.0,2.0,1.0,1.0,9721.0,1000.0
9722.0,1.165541,3.015262902610803E-10,9722.0,18.0,1.0,1.112786438831976,1.0,2.0,1.0,1.0,9722.0,1000.0
9723.0,1.165634,3.015503494275912E-10,9723.0,18.0,1.0,1.1126719899541777,1.0,2.0,1.0,1.0,9723.0,1000.0
9724.0,1.165725,3.0157389119267174E-10,9724.0,18.0,1.0,1.1125575646158443,1.0,2.0,1.0,1.0,9724.0,1000.0
9725.0,1.165816,3.015974329577523E-10,9725.0,18.0,1.0,1.112443162809714,1.0,2.0,1.0,1.0,9725.0,1000.0
9726.0,1.165907,3.0162097472283286E-10,9726.0,18.0,1.0,1.1123287845285286,1.0,2.0,1.0,1.0,9726.0,1000.0
9727.0,1.165999,3.016447751886286E-10,9727.0,18.0,1.0,1.1122144297650323,1.0,2.0,1.0,1.0,9727.0,1000.0
9728.0,1.16609,3.0166831695370915E-10,9728.0,18.0,1.0,1.1121000985119727,1.0,2.0,1.0,1.0,9728.0,1000.0
9729.0,1.16618,3.0169160001807453E-10,9729.0,18.0,1.0,1.1119857907620998,1.0,2.0,1.0,1.0,9729.0,1000.0
9730.0,1.166269,3.0171462438172474E-10,9730.0,18.0,1.0,1.1118715065081675,1.0,2.0,1.0,1.0,9730.0,1000.0
9731.0,1.166362,3.0173868354823564E-10,9731.0,18.0,1.0,1.1117572457429319,1.0,2.0,1.0,1.0,9731.0,1000.0
9732.0,1.166454,3.0176248401403137E-10,9732.0,18.0,1.0,1.1116430084591522,1.0,2.0,1.0,1.0,9732.0,1000.0
9733.0,1.166545,3.0178602577911193E-10,9733.0,18.0,1.0,1.111528794649591,1.0,2.0,1.0,1.0,9733.0,1000.0
9734.0,1.166634,3.0180905014276214E-10,9734.0,18.0,1.0,1.1114146043070134,1.0,2.0,1.0,1.0,9734.0,1000.0
9735.0,1.166726,3.0183285060855787E-10,9735.0,18.0,1.0,1.111300437424188,1.0,2.0,1.0,1.0,9735.0,1000.0
9736.0,1.166814,3.018556162714929E-10,9736.0,18.0,1.0,1.1111862939938855,1.0,2.0,1.0,1.0,9736.0,1000.0
9737.0,1.166904,3.018788993358583E-10,9737.0,18.0,1.0,1.1110721740088805,1.0,2.0,1.0,1.0,9737.0,1000.0
9738.0,1.166996,3.01902699801654E-10,9738.0,18.0,1.0,1.11095807746195,1.0,2.0,1.0,1.0,9738.0,1000.0
9739.0,1.167089,3.0192675896816493E-10,9739.0,18.0,1.0,1.1108440043458743,1.0,2.0,1.0,1.0,9739.0,1000.0
9740.0,1.167179,3.019500420325303E-10,9740.0,18.0,1.0,1.1107299546534364,1.0,2.0,1.0,1.0,9740.0,1000.0
9741.0,1.16727,3.0197358379761087E-10,9741.0,18.0,1.0,1.1106159283774222,1.0,2.0,1.0,1.0,9741.0,1000.0
9742.0,1.167361,3.0199712556269143E-10,9742.0,18.0,1.0,1.110501925510621,1.0,2.0,1.0,1.0,9742.0,1000.0
9743.0,1.167453,3.0202092602848716E-10,9743.0,18.0,1.0,1.1103879460458246,1.0,2.0,1.0,1.0,9743.0,1000.0
9744.0,1.167544,3.020444677935677E-10,9744.0,18.0,1.0,1.1102739899758283,1.0,2.0,1.0,1.0,9744.0,1000.0
9745.0,1.167634,3.020677508579331E-10,9745.0,18.0,1.0,1.1101600572934294,1.0,2.0,1.0,1.0,9745.0,1000.0
9746.0,1.167725,3.0209129262301365E-10,9746.0,18.0,1.0,1.1100461479914292,1.0,2.0,1.0,1.0,9746.0,1000.0
9747.0,1.16782,3.021158691909549E-10,9747.0,18.0,1.0,1.1099322620626315,1.0,2.0,1.0,1.0,9747.0,1000.0
9748.0,1.16791,3.021391522553203E-10,9748.0,18.0,1.0,1.109818399499843,1.0,2.0,1.0,1.0,9748.0,1000.0
9749.0,1.168002,3.02162952721116E-10,9749.0,18.0,1.0,1.1097045602958733,1.0,2.0,1.0,1.0,9749.0,1000.0
9750.0,1.168093,3.0218649448619657E-10,9750.0,18.0,1.0,1.1095907444435353,1.0,2.0,1.0,1.0,9750.0,1000.0
9751.0,1.168185,3.022102949519923E-10,9751.0,18.0,1.0,1.1094769519356444,1.0,2.0,1.0,1.0,9751.0,1000.0
9752.0,1.168278,3.022343541185032E-10,9752.0,18.0,1.0,1.1093631827650194,1.0,2.0,1.0,1.0,9752.0,1000.0
9753.0,1.168367,3.022573784821534E-10,9753.0,18.0,1.0,1.1092494369244816,1.0,2.0,1.0,1.0,9753.0,1000.0
9754.0,1.168459,3.0228117894794915E-10,9754.0,18.0,1.0,1.1091357144068557,1.0,2.0,1.0,1.0,9754.0,1000.0
9755.0,1.168553,3.023054968151752E-10,9755.0,18.0,1.0,1.1090220152049688,1.0,2.0,1.0,1.0,9755.0,1000.0
9756.0,1.168644,3.023290385802558E-10,9756.0,18.0,1.0,1.1089083393116512,1.0,2.0,1.0,1.0,9756.0,1000.0
9757.0,1.168735,3.0235258034533634E-10,9757.0,18.0,1.0,1.1087946867197365,1.0,2.0,1.0,1.0,9757.0,1000.0
9758.0,1.168825,3.023758634097017E-10,9758.0,18.0,1.0,1.108681057422061,1.0,2.0,1.0,1.0,9758.0,1000.0
9759.0,1.168919,3.024001812769278E-10,9759.0,18.0,1.0,1.1085674514114632,1.0,2.0,1.0,1.0,9759.0,1000.0
9760.0,1.16901,3.0242372304200835E-10,9760.0,18.0,1.0,1.1084538686807859,1.0,2.0,1.0,1.0,9760.0,1000.0
9761.0,1.169106,3.0244855831066477E-10,9761.0,18.0,1.0,1.1083403092228736,1.0,2.0,1.0,1.0,9761.0,1000.0
9762.0,1.169197,3.0247210007574533E-10,9762.0,18.0,1.0,1.1082267730305746,1.0,2.0,1.0,1.0,9762.0,1000.0
9763.0,1.16929,3.0249615924225623E-10,9763.0,18.0,1.0,1.1081132600967396,1.0,2.0,1.0,1.0,9763.0,1000.0
9764.0,1.169381,3.025197010073368E-10,9764.0,18.0,1.0,1.1079997704142226,1.0,2.0,1.0,1.0,9764.0,1000.0
9765.0,1.169472,3.0254324277241735E-10,9765.0,18.0,1.0,1.1078863039758802,1.0,2.0,1.0,1.0,9765.0,1000.0
9766.0,1.169562,3.0256652583678273E-10,9766.0,18.0,1.0,1.107772860774572,1.0,2.0,1.0,1.0,9766.0,1000.0
9767.0,1.169655,3.0259058500329363E-10,9767.0,18.0,1.0,1.1076594408031606,1.0,2.0,1.0,1.0,9767.0,1000.0
9768.0,1.169745,3.02613868067659E-10,9768.0,18.0,1.0,1.1075460440545117,1.0,2.0,1.0,1.0,9768.0,1000.0
9769.0,1.169834,3.0263689243130923E-10,9769.0,18.0,1.0,1.1074326705214934,1.0,2.0,1.0,1.0,9769.0,1000.0
9770.0,1.169926,3.0266069289710496E-10,9770.0,18.0,1.0,1.1073193201969775,1.0,2.0,1.0,1.0,9770.0,1000.0
9771.0,1.170019,3.0268475206361586E-10,9771.0,18.0,1.0,1.1072059930738378,1.0,2.0,1.0,1.0,9771.0,1000.0
9772.0,1.17011,3.027082938286964E-10,9772.0,18.0,1.0,1.107092689144952,1.0,2.0,1.0,1.0,9772.0,1000.0
9773.0,1.1702,3.027315768930618E-10,9773.0,18.0,1.0,1.1069794084031996,1.0,2.0,1.0,1.0,9773.0,1000.0
9774.0,1.170291,3.0275511865814236E-10,9774.0,18.0,1.0,1.1068661508414641,1.0,2.0,1.0,1.0,9774.0,1000.0
9775.0,1.170383,3.027789191239381E-10,9775.0,18.0,1.0,1.106752916452631,1.0,2.0,1.0,1.0,9775.0,1000.0
9776.0,1.170472,3.028019434875883E-10,9776.0,18.0,1.0,1.1066397052295898,1.0,2.0,1.0,1.0,9776.0,1000.0
9777.0,1.170563,3.0282548525266886E-10,9777.0,18.0,1.0,1.1065265171652316,1.0,2.0,1.0,1.0,9777.0,1000.0
9778.0,1.170653,3.0284876831703424E-10,9778.0,18.0,1.0,1.1064133522524513,1.0,2.0,1.0,1.0,9778.0,1000.0
9779.0,1.170745,3.0287256878282997E-10,9779.0,18.0,1.0,1.1063002104841466,1.0,2.0,1.0,1.0,9779.0,1000.0
9780.0,1.170836,3.0289611054791053E-10,9780.0,18.0,1.0,1.1061870918532177,1.0,2.0,1.0,1.0,9780.0,1000.0
9781.0,1.170929,3.0292016971442143E-10,9781.0,18.0,1.0,1.1060739963525683,1.0,2.0,1.0,1.0,9781.0,1000.0
9782.0,1.171018,3.0294319407807164E-10,9782.0,18.0,1.0,1.1059609239751043,1.0,2.0,1.0,1.0,9782.0,1000.0
9783.0,1.17111,3.0296699454386737E-10,9783.0,18.0,1.0,1.105847874713735,1.0,2.0,1.0,1.0,9783.0,1000.0
9784.0,1.171202,3.029907950096631E-10,9784.0,18.0,1.0,1.1057348485613727,1.0,2.0,1.0,1.0,9784.0,1000.0
9785.0,1.171294,3.0301459547545883E-10,9785.0,18.0,1.0,1.105621845510932,1.0,2.0,1.0,1.0,9785.0,1000.0
9786.0,1.171383,3.0303761983910904E-10,9786.0,18.0,1.0,1.1055088655553311,1.0,2.0,1.0,1.0,9786.0,1000.0
9787.0,1.171476,3.0306167900561995E-10,9787.0,18.0,1.0,1.1053959086874905,1.0,2.0,1.0,1.0,9787.0,1000.0
9788.0,1.171567,3.030852207707005E-10,9788.0,18.0,1.0,1.1052829749003341,1.0,2.0,1.0,1.0,9788.0,1000.0
9789.0,1.171656,3.031082451343507E-10,9789.0,18.0,1.0,1.105170064186788,1.0,2.0,1.0,1.0,9789.0,1000.0
9790.0,1.171747,3.0313178689943127E-10,9790.0,18.0,1.0,1.1050571765397823,1.0,2.0,1.0,1.0,9790.0,1000.0
9791.0,1.171841,3.0315610476665735E-10,9791.0,18.0,1.0,1.104944311952249,1.0,2.0,1.0,1.0,9791.0,1000.0
9792.0,1.171933,3.031799052324531E-10,9792.0,18.0,1.0,1.1048314704171232,1.0,2.0,1.0,1.0,9792.0,1000.0
9793.0,1.172024,3.0320344699753363E-10,9793.0,18.0,1.0,1.1047186519273429,1.0,2.0,1.0,1.0,9793.0,1000.0
9794.0,1.172113,3.0322647136118385E-10,9794.0,18.0,1.0,1.1046058564758494,1.0,2.0,1.0,1.0,9794.0,1000.0
9795.0,1.172206,3.0325053052769475E-10,9795.0,18.0,1.0,1.1044930840555864,1.0,2.0,1.0,1.0,9795.0,1000.0
9796.0,1.172297,3.032740722927753E-10,9796.0,18.0,1.0,1.1043803346595007,1.0,2.0,1.0,1.0,9796.0,1000.0
9797.0,1.172386,3.032970966564255E-10,9797.0,18.0,1.0,1.104267608280542,1.0,2.0,1.0,1.0,9797.0,1000.0
9798.0,1.172479,3.033211558229364E-10,9798.0,18.0,1.0,1.1041549049116626,1.0,2.0,1.0,1.0,9798.0,1000.0
9799.0,1.172569,3.033444388873018E-10,9799.0,18.0,1.0,1.104042224545818,1.0,2.0,1.0,1.0,9799.0,1000.0
9800.0,1.172661,3.0336823935309753E-10,9800.0,18.0,1.0,1.1039295671759664,1.0,2.0,1.0,1.0,9800.0,1000.0
9801.0,1.172752,3.033917811181781E-10,9801.0,18.0,1.0,1.1038169327950689,1.0,2.0,1.0,1.0,9801.0,1000.0
9802.0,1.172843,3.0341532288325865E-10,9802.0,18.0,1.0,1.1037043213960895,1.0,2.0,1.0,1.0,9802.0,1000.0
9803.0,1.172935,3.034391233490544E-10,9803.0,18.0,1.0,1.1035917329719953,1.0,2.0,1.0,1.0,9803.0,1000.0
9804.0,1.173027,3.034629238148501E-10,9804.0,18.0,1.0,1.1034791675157558,1.0,2.0,1.0,1.0,9804.0,1000.0
9805.0,1.173117,3.034862068792155E-10,9805.0,18.0,1.0,1.1033666250203438,1.0,2.0,1.0,1.0,9805.0,1000.0
9806.0,1.173207,3.035094899435809E-10,9806.0,18.0,1.0,1.1032541054787344,1.0,2.0,1.0,1.0,9806.0,1000.0
9807.0,1.173298,3.0353303170866143E-10,9807.0,18.0,1.0,1.1031416088839063,1.0,2.0,1.0,1.0,9807.0,1000.0
9808.0,1.173389,3.03556573473742E-10,9808.0,18.0,1.0,1.1030291352288406,1.0,2.0,1.0,1.0,9808.0,1000.0
9809.0,1.17348,3.0358011523882255E-10,9809.0,18.0,1.0,1.1029166845065215,1.0,2.0,1.0,1.0,9809.0,1000.0
9810.0,1.173572,3.036039157046183E-10,9810.0,18.0,1.0,1.1028042567099356,1.0,2.0,1.0,1.0,9810.0,1000.0
9811.0,1.173663,3.0362745746969883E-10,9811.0,18.0,1.0,1.1026918518320732,1.0,2.0,1.0,1.0,9811.0,1000.0
9812.0,1.173757,3.036517753369249E-10,9812.0,18.0,1.0,1.1025794698659264,1.0,2.0,1.0,1.0,9812.0,1000.0
9813.0,1.17385,3.036758345034358E-10,9813.0,18.0,1.0,1.102467110804491,1.0,2.0,1.0,1.0,9813.0,1000.0
9814.0,1.173942,3.0369963496923154E-10,9814.0,18.0,1.0,1.1023547746407651,1.0,2.0,1.0,1.0,9814.0,1000.0
9815.0,1.174034,3.0372343543502727E-10,9815.0,18.0,1.0,1.1022424613677504,1.0,2.0,1.0,1.0,9815.0,1000.0
9816.0,1.174126,3.03747235900823E-10,9816.0,18.0,1.0,1.1021301709784506,1.0,2.0,1.0,1.0,9816.0,1000.0
9817.0,1.174218,3.0377103636661873E-10,9817.0,18.0,1.0,1.1020179034658724,1.0,2.0,1.0,1.0,9817.0,1000.0
9818.0,1.17431,3.0379483683241446E-10,9818.0,18.0,1.0,1.101905658823026,1.0,2.0,1.0,1.0,9818.0,1000.0
9819.0,1.1744,3.0381811989677985E-10,9819.0,18.0,1.0,1.1017934370429239,1.0,2.0,1.0,1.0,9819.0,1000.0
9820.0,1.174494,3.038424377640059E-10,9820.0,18.0,1.0,1.1016812381185814,1.0,2.0,1.0,1.0,9820.0,1000.0
9821.0,1.174587,3.038664969305168E-10,9821.0,18.0,1.0,1.101569062043017,1.0,2.0,1.0,1.0,9821.0,1000.0
9822.0,1.174678,3.038900386955974E-10,9822.0,18.0,1.0,1.1014569088092516,1.0,2.0,1.0,1.0,9822.0,1000.0
9823.0,1.174769,3.0391358046067794E-10,9823.0,18.0,1.0,1.1013447784103094,1.0,2.0,1.0,1.0,9823.0,1000.0
9824.0,1.174861,3.0393738092647367E-10,9824.0,18.0,1.0,1.1012326708392173,1.0,2.0,1.0,1.0,9824.0,1000.0
9825.0,1.174952,3.039609226915542E-10,9825.0,18.0,1.0,1.1011205860890045,1.0,2.0,1.0,1.0,9825.0,1000.0
9826.0,1.175045,3.039849818580651E-10,9826.0,18.0,1.0,1.1010085241527041,1.0,2.0,1.0,1.0,9826.0,1000.0
9827.0,1.175145,3.0401085192958224E-10,9827.0,18.0,1.0,1.100896485023351,1.0,2.0,1.0,1.0,9827.0,1000.0
9828.0,1.175237,3.0403465239537797E-10,9828.0,18.0,1.0,1.1007844686939834,1.0,2.0,1.0,1.0,9828.0,1000.0
9829.0,1.175327,3.0405793545974335E-10,9829.0,18.0,1.0,1.1006724751576427,1.0,2.0,1.0,1.0,9829.0,1000.0
9830.0,1.175417,3.0408121852410874E-10,9830.0,18.0,1.0,1.1005605044073723,1.0,2.0,1.0,1.0,9830.0,1000.0
9831.0,1.175508,3.041047602891893E-10,9831.0,18.0,1.0,1.100448556436219,1.0,2.0,1.0,1.0,9831.0,1000.0
9832.0,1.1756,3.04128560754985E-10,9832.0,18.0,1.0,1.1003366312372325,1.0,2.0,1.0,1.0,9832.0,1000.0
9833.0,1.175691,3.041521025200656E-10,9833.0,18.0,1.0,1.1002247288034648,1.0,2.0,1.0,1.0,9833.0,1000.0
9834.0,1.175781,3.0417538558443096E-10,9834.0,18.0,1.0,1.1001128491279712,1.0,2.0,1.0,1.0,9834.0,1000.0
9835.0,1.175872,3.041989273495115E-10,9835.0,18.0,1.0,1.1000009922038099,1.0,2.0,1.0,1.0,9835.0,1000.0
9836.0,1.175964,3.0422272781530725E-10,9836.0,18.0,1.0,1.0998891580240413,1.0,2.0,1.0,1.0,9836.0,1000.0
9837.0,1.176055,3.042462695803878E-10,9837.0,18.0,1.0,1.099777346581729,1.0,2.0,1.0,1.0,9837.0,1000.0
9838.0,1.176148,3.042703287468987E-10,9838.0,18.0,1.0,1.09966555786994,1.0,2.0,1.0,1.0,9838.0,1000.0
9839.0,1.176241,3.042943879134096E-10,9839.0,18.0,1.0,1.099553791881743,1.0,2.0,1.0,1.0,9839.0,1000.0
9840.0,1.176331,3.04317670977775E-10,9840.0,18.0,1.0,1.0994420486102103,1.0,2.0,1.0,1.0,9840.0,1000.0
9841.0,1.176423,3.0434147144357073E-10,9841.0,18.0,1.0,1.0993303280484168,1.0,2.0,1.0,1.0,9841.0,1000.0
9842.0,1.176514,3.043650132086513E-10,9842.0,18.0,1.0,1.0992186301894402,1.0,2.0,1.0,1.0,9842.0,1000.0
9843.0,1.176604,3.0438829627301667E-10,9843.0,18.0,1.0,1.0991069550263608,1.0,2.0,1.0,1.0,9843.0,1000.0
9844.0,1.176696,3.044120967388124E-10,9844.0,18.0,1.0,1.0989953025522623,1.0,2.0,1.0,1.0,9844.0,1000.0
9845.0,1.176788,3.0443589720460813E-10,9845.0,18.0,1.0,1.0988836727602305,1.0,2.0,1.0,1.0,9845.0,1000.0
9846.0,1.176877,3.0445892156825834E-10,9846.0,18.0,1.0,1.0987720656433546,1.0,2.0,1.0,1.0,9846.0,1000.0
9847.0,1.176967,3.044822046326237E-10,9847.0,18.0,1.0,1.0986604811947263,1.0,2.0,1.0,1.0,9847.0,1000.0
9848.0,1.177059,3.0450600509841945E-10,9848.0,18.0,1.0,1.09854891940744,1.0,2.0,1.0,1.0,9848.0,1000.0
9849.0,1.17715,3.045295468635E-10,9849.0,18.0,1.0,1.0984373802745933,1.0,2.0,1.0,1.0,9849.0,1000.0
9850.0,1.17724,3.045528299278654E-10,9850.0,18.0,1.0,1.0983258637892863,1.0,2.0,1.0,1.0,9850.0,1000.0
9851.0,1.177333,3.045768890943763E-10,9851.0,18.0,1.0,1.0982143699446218,1.0,2.0,1.0,1.0,9851.0,1000.0
9852.0,1.177426,3.046009482608872E-10,9852.0,18.0,1.0,1.0981028987337058,1.0,2.0,1.0,1.0,9852.0,1000.0
9853.0,1.177516,3.046242313252526E-10,9853.0,18.0,1.0,1.0979914501496468,1.0,2.0,1.0,1.0,9853.0,1000.0
9854.0,1.177607,3.0464777309033314E-10,9854.0,18.0,1.0,1.0978800241855562,1.0,2.0,1.0,1.0,9854.0,1000.0
9855.0,1.177698,3.046713148554137E-10,9855.0,18.0,1.0,1.0977686208345478,1.0,2.0,1.0,1.0,9855.0,1000.0
9856.0,1.177789,3.0469485662049425E-10,9856.0,18.0,1.0,1.0976572400897393,1.0,2.0,1.0,1.0,9856.0,1000.0
9857.0,1.17788,3.047183983855748E-10,9857.0,18.0,1.0,1.0975458819442498,1.0,2.0,1.0,1.0,9857.0,1000.0
9858.0,1.17797,3.047416814499402E-10,9858.0,18.0,1.0,1.097434546391202,1.0,2.0,1.0,1.0,9858.0,1000.0
9859.0,1.17806,3.047649645143056E-10,9859.0,18.0,1.0,1.0973232334237215,1.0,2.0,1.0,1.0,9859.0,1000.0
9860.0,1.178153,3.047890236808165E-10,9860.0,18.0,1.0,1.097211943034936,1.0,2.0,1.0,1.0,9860.0,1000.0
9861.0,1.178244,3.0481256544589704E-10,9861.0,18.0,1.0,1.0971006752179768,1.0,2.0,1.0,1.0,9861.0,1000.0
9862.0,1.178333,3.0483558980954725E-10,9862.0,18.0,1.0,1.0969894299659775,1.0,2.0,1.0,1.0,9862.0,1000.0
9863.0,1.178424,3.048591315746278E-10,9863.0,18.0,1.0,1.0968782072720744,1.0,2.0,1.0,1.0,9863.0,1000.0
9864.0,1.178516,3.0488293204042354E-10,9864.0,18.0,1.0,1.096767007129407,1.0,2.0,1.0,1.0,9864.0,1000.0
9865.0,1.178605,3.0490595640407375E-10,9865.0,18.0,1.0,1.096655829531117,1.0,2.0,1.0,1.0,9865.0,1000.0
9866.0,1.178696,3.049294981691543E-10,9866.0,18.0,1.0,1.0965446744703498,1.0,2.0,1.0,1.0,9866.0,1000.0
9867.0,1.178787,3.0495303993423486E-10,9867.0,18.0,1.0,1.0964335419402522,1.0,2.0,1.0,1.0,9867.0,1000.0
9868.0,1.178878,3.049765816993154E-10,9868.0,18.0,1.0,1.0963224319339755,1.0,2.0,1.0,1.0,9868.0,1000.0
9869.0,1.178969,3.05000123464396E-10,9869.0,18.0,1.0,1.0962113444446722,1.0,2.0,1.0,1.0,9869.0,1000.0
9870.0,1.179063,3.0502444133162205E-10,9870.0,18.0,1.0,1.0961002794654984,1.0,2.0,1.0,1.0,9870.0,1000.0
9871.0,1.179156,3.0504850049813296E-10,9871.0,18.0,1.0,1.095989236989613,1.0,2.0,1.0,1.0,9871.0,1000.0
9872.0,1.179246,3.0507178356249834E-10,9872.0,18.0,1.0,1.0958782170101773,1.0,2.0,1.0,1.0,9872.0,1000.0
9873.0,1.179337,3.050953253275789E-10,9873.0,18.0,1.0,1.0957672195203554,1.0,2.0,1.0,1.0,9873.0,1000.0
9874.0,1.179427,3.051186083919443E-10,9874.0,18.0,1.0,1.0956562445133147,1.0,2.0,1.0,1.0,9874.0,1000.0
9875.0,1.179518,3.0514215015702484E-10,9875.0,18.0,1.0,1.0955452919822248,1.0,2.0,1.0,1.0,9875.0,1000.0
9876.0,1.17961,3.0516595062282057E-10,9876.0,18.0,1.0,1.0954343619202582,1.0,2.0,1.0,1.0,9876.0,1000.0
9877.0,1.179702,3.051897510886163E-10,9877.0,18.0,1.0,1.0953234543205903,1.0,2.0,1.0,1.0,9877.0,1000.0
9878.0,1.179793,3.0521329285369686E-10,9878.0,18.0,1.0,1.095212569176399,1.0,2.0,1.0,1.0,9878.0,1000.0
9879.0,1.179885,3.052370933194926E-10,9879.0,18.0,1.0,1.0951017064808655,1.0,2.0,1.0,1.0,9879.0,1000.0
9880.0,1.179975,3.0526037638385797E-10,9880.0,18.0,1.0,1.094990866227173,1.0,2.0,1.0,1.0,9880.0,1000.0
9881.0,1.180066,3.0528391814893853E-10,9881.0,18.0,1.0,1.0948800484085082,1.0,2.0,1.0,1.0,9881.0,1000.0
9882.0,1.180157,3.053074599140191E-10,9882.0,18.0,1.0,1.0947692530180602,1.0,2.0,1.0,1.0,9882.0,1000.0
9883.0,1.180247,3.0533074297838447E-10,9883.0,18.0,1.0,1.0946584800490204,1.0,2.0,1.0,1.0,9883.0,1000.0
9884.0,1.180339,3.053545434441802E-10,9884.0,18.0,1.0,1.0945477294945842,1.0,2.0,1.0,1.0,9884.0,1000.0
9885.0,1.180429,3.053778265085456E-10,9885.0,18.0,1.0,1.0944370013479483,1.0,2.0,1.0,1.0,9885.0,1000.0
9886.0,1.180521,3.054016269743413E-10,9886.0,18.0,1.0,1.0943262956023134,1.0,2.0,1.0,1.0,9886.0,1000.0
9887.0,1.180611,3.054249100387067E-10,9887.0,18.0,1.0,1.094215612250882,1.0,2.0,1.0,1.0,9887.0,1000.0
9888.0,1.180702,3.0544845180378725E-10,9888.0,18.0,1.0,1.0941049512868597,1.0,2.0,1.0,1.0,9888.0,1000.0
9889.0,1.180793,3.054719935688678E-10,9889.0,18.0,1.0,1.0939943127034553,1.0,2.0,1.0,1.0,9889.0,1000.0
9890.0,1.180883,3.054952766332332E-10,9890.0,18.0,1.0,1.0938836964938796,1.0,2.0,1.0,1.0,9890.0,1000.0
9891.0,1.180974,3.0551881839831375E-10,9891.0,18.0,1.0,1.0937731026513466,1.0,2.0,1.0,1.0,9891.0,1000.0
9892.0,1.181065,3.055423601633943E-10,9892.0,18.0,1.0,1.0936625311690729,1.0,2.0,1.0,1.0,9892.0,1000.0
9893.0,1.181156,3.0556590192847487E-10,9893.0,18.0,1.0,1.093551982040278,1.0,2.0,1.0,1.0,9893.0,1000.0
9894.0,1.181246,3.0558918499284025E-10,9894.0,18.0,1.0,1.0934414552581837,1.0,2.0,1.0,1.0,9894.0,1000.0
9895.0,1.181338,3.05612985458636E-10,9895.0,18.0,1.0,1.0933309508160152,1.0,2.0,1.0,1.0,9895.0,1000.0
9896.0,1.181429,3.0563652722371654E-10,9896.0,18.0,1.0,1.0932204687069997,1.0,2.0,1.0,1.0,9896.0,1000.0
9897.0,1.181521,3.0566032768951227E-10,9897.0,18.0,1.0,1.093110008924368,1.0,2.0,1.0,1.0,9897.0,1000.0
9898.0,1.18161,3.056833520531625E-10,9898.0,18.0,1.0,1.0929995714613527,1.0,2.0,1.0,1.0,9898.0,1000.0
9899.0,1.181701,3.0570689381824304E-10,9899.0,18.0,1.0,1.09288915631119,1.0,2.0,1.0,1.0,9899.0,1000.0
9900.0,1.181794,3.0573095298475394E-10,9900.0,18.0,1.0,1.0927787634671182,1.0,2.0,1.0,1.0,9900.0,1000.0
9901.0,1.181886,3.0575475345054967E-10,9901.0,18.0,1.0,1.0926683929223786,1.0,2.0,1.0,1.0,9901.0,1000.0
9902.0,1.181976,3.0577803651491505E-10,9902.0,18.0,1.0,1.092558044670215,1.0,2.0,1.0,1.0,9902.0,1000.0
9903.0,1.182066,3.0580131957928044E-10,9903.0,18.0,1.0,1.0924477187038746,1.0,2.0,1.0,1.0,9903.0,1000.0
9904.0,1.182162,3.0582615484793686E-10,9904.0,18.0,1.0,1.0923374150166063,1.0,2.0,1.0,1.0,9904.0,1000.0
9905.0,1.182253,3.058496966130174E-10,9905.0,18.0,1.0,1.0922271336016627,1.0,2.0,1.0,1.0,9905.0,1000.0
9906.0,1.182348,3.0587427318095866E-10,9906.0,18.0,1.0,1.0921168744522987,1.0,2.0,1.0,1.0,9906.0,1000.0
9907.0,1.182437,3.0589729754460887E-10,9907.0,18.0,1.0,1.0920066375617714,1.0,2.0,1.0,1.0,9907.0,1000.0
9908.0,1.182529,3.059210980104046E-10,9908.0,18.0,1.0,1.0918964229233417,1.0,2.0,1.0,1.0,9908.0,1000.0
9909.0,1.18262,3.0594463977548516E-10,9909.0,18.0,1.0,1.0917862305302724,1.0,2.0,1.0,1.0,9909.0,1000.0
9910.0,1.182712,3.059684402412809E-10,9910.0,18.0,1.0,1.0916760603758295,1.0,2.0,1.0,1.0,9910.0,1000.0
9911.0,1.182804,3.059922407070766E-10,9911.0,18.0,1.0,1.0915659124532813,1.0,2.0,1.0,1.0,9911.0,1000.0
9912.0,1.182894,3.06015523771442E-10,9912.0,18.0,1.0,1.091455786755899,1.0,2.0,1.0,1.0,9912.0,1000.0
9913.0,1.182984,3.060388068358074E-10,9913.0,18.0,1.0,1.0913456832769566,1.0,2.0,1.0,1.0,9913.0,1000.0
9914.0,1.183074,3.0606208990017277E-10,9914.0,18.0,1.0,1.0912356020097307,1.0,2.0,1.0,1.0,9914.0,1000.0
9915.0,1.183165,3.0608563166525333E-10,9915.0,18.0,1.0,1.0911255429475006,1.0,2.0,1.0,1.0,9915.0,1000.0
9916.0,1.183259,3.061099495324794E-10,9916.0,18.0,1.0,1.0910155060835487,1.0,2.0,1.0,1.0,9916.0,1000.0
9917.0,1.183351,3.0613374999827513E-10,9917.0,18.0,1.0,1.0909054914111596,1.0,2.0,1.0,1.0,9917.0,1000.0
9918.0,1.18344,3.0615677436192535E-10,9918.0,18.0,1.0,1.0907954989236206,1.0,2.0,1.0,1.0,9918.0,1000.0
9919.0,1.183788,3.0624680221080486E-10,9919.0,18.0,1.0,1.090685528614222,1.0,2.0,1.0,1.0,9919.0,1000.0
9920.0,1.184073,3.063205319146286E-10,9920.0,18.0,1.0,1.090575580476257,1.0,2.0,1.0,1.0,9920.0,1000.0
9921.0,1.184329,3.063867592977124E-10,9921.0,18.0,1.0,1.090465654503021,1.0,2.0,1.0,1.0,9921.0,1000.0
9922.0,1.184568,3.0644858876863825E-10,9922.0,18.0,1.0,1.0903557506878119,1.0,2.0,1.0,1.0,9922.0,1000.0
9923.0,1.184804,3.065096421374186E-10,9923.0,18.0,1.0,1.0902458690239312,1.0,2.0,1.0,1.0,9923.0,1000.0
9924.0,1.185043,3.0657147160834443E-10,9924.0,18.0,1.0,1.0901360095046826,1.0,2.0,1.0,1.0,9924.0,1000.0
9925.0,1.185278,3.066322662764096E-10,9925.0,18.0,1.0,1.0900261721233722,1.0,2.0,1.0,1.0,9925.0,1000.0
9926.0,1.185512,3.066928022437596E-10,9926.0,18.0,1.0,1.0899163568733095,1.0,2.0,1.0,1.0,9926.0,1000.0
9927.0,1.185739,3.067515273061034E-10,9927.0,18.0,1.0,1.089806563747806,1.0,2.0,1.0,1.0,9927.0,1000.0
9928.0,1.185969,3.068110284705927E-10,9928.0,18.0,1.0,1.0896967927401762,1.0,2.0,1.0,1.0,9928.0,1000.0
9929.0,1.186197,3.068700122336517E-10,9929.0,18.0,1.0,1.0895870438437376,1.0,2.0,1.0,1.0,9929.0,1000.0
9930.0,1.186423,3.069284785952804E-10,9930.0,18.0,1.0,1.0894773170518097,1.0,2.0,1.0,1.0,9930.0,1000.0
9931.0,1.186653,3.069879797597697E-10,9931.0,18.0,1.0,1.0893676123577152,1.0,2.0,1.0,1.0,9931.0,1000.0
9932.0,1.186882,3.070472222235438E-10,9932.0,18.0,1.0,1.0892579297547795,1.0,2.0,1.0,1.0,9932.0,1000.0
9933.0,1.187105,3.0710491248302695E-10,9933.0,18.0,1.0,1.0891482692363303,1.0,2.0,1.0,1.0,9933.0,1000.0
9934.0,1.187332,3.071636375453708E-10,9934.0,18.0,1.0,1.0890386307956985,1.0,2.0,1.0,1.0,9934.0,1000.0
9935.0,1.187555,3.072213278048539E-10,9935.0,18.0,1.0,1.0889290144262174,1.0,2.0,1.0,1.0,9935.0,1000.0
9936.0,1.187777,3.072787593636219E-10,9936.0,18.0,1.0,1.0888194201212227,1.0,2.0,1.0,1.0,9936.0,1000.0
9937.0,1.187999,3.0733619092238986E-10,9937.0,18.0,1.0,1.0887098478740536,1.0,2.0,1.0,1.0,9937.0,1000.0
9938.0,1.188216,3.0739232897758196E-10,9938.0,18.0,1.0,1.0886002976780509,1.0,2.0,1.0,1.0,9938.0,1000.0
9939.0,1.188437,3.0744950183563476E-10,9939.0,18.0,1.0,1.0884907695265589,1.0,2.0,1.0,1.0,9939.0,1000.0
9940.0,1.188661,3.0750745079583307E-10,9940.0,18.0,1.0,1.0883812634129244,1.0,2.0,1.0,1.0,9940.0,1000.0
9941.0,1.188889,3.075664345588921E-10,9941.0,18.0,1.0,1.0882717793304968,1.0,2.0,1.0,1.0,9941.0,1000.0
9942.0,1.189111,3.0762386611766005E-10,9942.0,18.0,1.0,1.0881623172726282,1.0,2.0,1.0,1.0,9942.0,1000.0
9943.0,1.189328,3.0768000417285215E-10,9943.0,18.0,1.0,1.0880528772326732,1.0,2.0,1.0,1.0,9943.0,1000.0
9944.0,1.189544,3.077358835273291E-10,9944.0,18.0,1.0,1.0879434592039894,1.0,2.0,1.0,1.0,9944.0,1000.0
9945.0,1.189762,3.0779228028323636E-10,9945.0,18.0,1.0,1.0878340631799366,1.0,2.0,1.0,1.0,9945.0,1000.0
9946.0,1.189982,3.07849194440574E-10,9946.0,18.0,1.0,1.0877246891538779,1.0,2.0,1.0,1.0,9946.0,1000.0
9947.0,1.190202,3.079061085979116E-10,9947.0,18.0,1.0,1.0876153371191786,1.0,2.0,1.0,1.0,9947.0,1000.0
9948.0,1.190419,3.079622466531037E-10,9948.0,18.0,1.0,1.0875060070692069,1.0,2.0,1.0,1.0,9948.0,1000.0
9949.0,1.190639,3.0801916081044134E-10,9949.0,18.0,1.0,1.0873966989973334,1.0,2.0,1.0,1.0,9949.0,1000.0
9950.0,1.190854,3.080747814642031E-10,9950.0,18.0,1.0,1.0872874128969316,1.0,2.0,1.0,1.0,9950.0,1000.0
9951.0,1.191075,3.081319543222559E-10,9951.0,18.0,1.0,1.0871781487613776,1.0,2.0,1.0,1.0,9951.0,1000.0
9952.0,1.191296,3.081891271803087E-10,9952.0,18.0,1.0,1.0870689065840504,1.0,2.0,1.0,1.0,9952.0,1000.0
9953.0,1.191526,3.08248628344798E-10,9953.0,18.0,1.0,1.086959686358331,1.0,2.0,1.0,1.0,9953.0,1000.0
9954.0,1.191745,3.0830528380142044E-10,9954.0,18.0,1.0,1.086850488077604,1.0,2.0,1.0,1.0,9954.0,1000.0
9955.0,1.191962,3.0836142185661255E-10,9955.0,18.0,1.0,1.0867413117352556,1.0,2.0,1.0,1.0,9955.0,1000.0
9956.0,1.192179,3.0841755991180465E-10,9956.0,18.0,1.0,1.0866321573246756,1.0,2.0,1.0,1.0,9956.0,1000.0
9957.0,1.192397,3.0847395666771193E-10,9957.0,18.0,1.0,1.0865230248392557,1.0,2.0,1.0,1.0,9957.0,1000.0
9958.0,1.192612,3.085295773214737E-10,9958.0,18.0,1.0,1.086413914272391,1.0,2.0,1.0,1.0,9958.0,1000.0
9959.0,1.192829,3.085857153766658E-10,9959.0,18.0,1.0,1.0863048256174785,1.0,2.0,1.0,1.0,9959.0,1000.0
9960.0,1.193043,3.086410773297124E-10,9960.0,18.0,1.0,1.0861957588679187,1.0,2.0,1.0,1.0,9960.0,1000.0
9961.0,1.193266,3.086987675891955E-10,9961.0,18.0,1.0,1.0860867140171138,1.0,2.0,1.0,1.0,9961.0,1000.0
9962.0,1.19348,3.087541295422421E-10,9962.0,18.0,1.0,1.085977691058469,1.0,2.0,1.0,1.0,9962.0,1000.0
9963.0,1.193665,3.0880198917454875E-10,9963.0,18.0,1.0,1.0858686899853929,1.0,2.0,1.0,1.0,9963.0,1000.0
9964.0,1.193774,3.0883018755250236E-10,9964.0,18.0,1.0,1.0857597107912957,1.0,2.0,1.0,1.0,9964.0,1000.0
9965.0,1.193874,3.0885605762401947E-10,9965.0,18.0,1.0,1.0856507534695905,1.0,2.0,1.0,1.0,9965.0,1000.0
9966.0,1.193967,3.0888011679053037E-10,9966.0,18.0,1.0,1.0855418180136935,1.0,2.0,1.0,1.0,9966.0,1000.0
9967.0,1.19406,3.089041759570413E-10,9967.0,18.0,1.0,1.0854329044170232,1.0,2.0,1.0,1.0,9967.0,1000.0
9968.0,1.194152,3.08927976422837E-10,9968.0,18.0,1.0,1.0853240126730006,1.0,2.0,1.0,1.0,9968.0,1000.0
9969.0,1.194246,3.089522942900631E-10,9969.0,18.0,1.0,1.0852151427750496,1.0,2.0,1.0,1.0,9969.0,1000.0
9970.0,1.194339,3.08976353456574E-10,9970.0,18.0,1.0,1.0851062947165968,1.0,2.0,1.0,1.0,9970.0,1000.0
9971.0,1.194432,3.090004126230849E-10,9971.0,18.0,1.0,1.084997468491071,1.0,2.0,1.0,1.0,9971.0,1000.0
9972.0,1.194524,3.090242130888806E-10,9972.0,18.0,1.0,1.0848886640919042,1.0,2.0,1.0,1.0,9972.0,1000.0
9973.0,1.194617,3.090482722553915E-10,9973.0,18.0,1.0,1.084779881512531,1.0,2.0,1.0,1.0,9973.0,1000.0
9974.0,1.194707,3.090715553197569E-10,9974.0,18.0,1.0,1.0846711207463875,1.0,2.0,1.0,1.0,9974.0,1000.0
9975.0,1.194798,3.0909509708483746E-10,9975.0,18.0,1.0,1.0845623817869143,1.0,2.0,1.0,1.0,9975.0,1000.0
9976.0,1.194892,3.0911941495206353E-10,9976.0,18.0,1.0,1.084453664627553,1.0,2.0,1.0,1.0,9976.0,1000.0
9977.0,1.194983,3.091429567171441E-10,9977.0,18.0,1.0,1.084344969261749,1.0,2.0,1.0,1.0,9977.0,1000.0
9978.0,1.195075,3.091667571829398E-10,9978.0,18.0,1.0,1.0842362956829494,1.0,2.0,1.0,1.0,9978.0,1000.0
9979.0,1.195165,3.091900402473052E-10,9979.0,18.0,1.0,1.0841276438846046,1.0,2.0,1.0,1.0,9979.0,1000.0
9980.0,1.195256,3.0921358201238576E-10,9980.0,18.0,1.0,1.0840190138601673,1.0,2.0,1.0,1.0,9980.0,1000.0
9981.0,1.195352,3.092384172810422E-10,9981.0,18.0,1.0,1.0839104056030928,1.0,2.0,1.0,1.0,9981.0,1000.0
9982.0,1.195443,3.0926195904612274E-10,9982.0,18.0,1.0,1.0838018191068393,1.0,2.0,1.0,1.0,9982.0,1000.0
9983.0,1.195536,3.0928601821263364E-10,9983.0,18.0,1.0,1.0836932543648672,1.0,2.0,1.0,1.0,9983.0,1000.0
9984.0,1.195625,3.0930904257628385E-10,9984.0,18.0,1.0,1.08358471137064,1.0,2.0,1.0,1.0,9984.0,1000.0
9985.0,1.195717,3.093328430420796E-10,9985.0,18.0,1.0,1.0834761901176233,1.0,2.0,1.0,1.0,9985.0,1000.0
9986.0,1.195809,3.093566435078753E-10,9986.0,18.0,1.0,1.083367690599286,1.0,2.0,1.0,1.0,9986.0,1000.0
9987.0,1.1959,3.0938018527295587E-10,9987.0,18.0,1.0,1.0832592128090988,1.0,2.0,1.0,1.0,9987.0,1000.0
9988.0,1.195992,3.094039857387516E-10,9988.0,18.0,1.0,1.0831507567405356,1.0,2.0,1.0,1.0,9988.0,1000.0
9989.0,1.196085,3.094280449052625E-10,9989.0,18.0,1.0,1.0830423223870727,1.0,2.0,1.0,1.0,9989.0,1000.0
9990.0,1.196178,3.094521040717734E-10,9990.0,18.0,1.0,1.082933909742189,1.0,2.0,1.0,1.0,9990.0,1000.0
9991.0,1.196271,3.094761632382843E-10,9991.0,18.0,1.0,1.0828255187993665,1.0,2.0,1.0,1.0,9991.0,1000.0
9992.0,1.19636,3.094991876019345E-10,9992.0,18.0,1.0,1.0827171495520886,1.0,2.0,1.0,1.0,9992.0,1000.0
9993.0,1.196452,3.0952298806773025E-10,9993.0,18.0,1.0,1.0826088019938427,1.0,2.0,1.0,1.0,9993.0,1000.0
9994.0,1.196544,3.09546788533526E-10,9994.0,18.0,1.0,1.0825004761181178,1.0,2.0,1.0,1.0,9994.0,1000.0
9995.0,1.196635,3.0957033029860653E-10,9995.0,18.0,1.0,1.0823921719184062,1.0,2.0,1.0,1.0,9995.0,1000.0
9996.0,1.196726,3.095938720636871E-10,9996.0,18.0,1.0,1.0822838893882023,1.0,2.0,1.0,1.0,9996.0,1000.0
9997.0,1.196817,3.0961741382876765E-10,9997.0,18.0,1.0,1.0821756285210034,1.0,2.0,1.0,1.0,9997.0,1000.0
9998.0,1.196908,3.096409555938482E-10,9998.0,18.0,1.0,1.082067389310309,1.0,2.0,1.0,1.0,9998.0,1000.0
9999.0,1.197,3.0966475605964393E-10,9999.0,18.0,1.0,1.081959171749622,1.0,2.0,1.0,1.0,9999.0,1000.0
10000.0,1.197091,3.096882978247245E-10,10000.0,18.0,1.0,1.081850975832447,1.0,2.0,1.0,1.0,10000.0,1000.0
